"pred_beta"
0.0353178057619832
0.0480022237339136
0.0358255896310681
0.0217532683230314
0.0115301495406784
0.00597081507049179
0
0
0
0
0
0
0
0
0
0
0
0
0
0
0
0
0
0
0
0
0
0
0
0
0
0
0
0
0
0
0
0
0
0
0
0
0
0
0
0
0
0
0
0
0
0
0
0
0
0
0
0
0
0
0
0
0
0
0
0
0
0
0
0
0
0
0
0
0
0
0
0
0
0
0
0
0
0
0
0
0
0
0
0
0
0
0
0
0
0
0
0
0
0
0
0
0
0
0
0
0
0
0
0
0
0
0
0
0
0
0
0
0
0
0
0
0
0
0
0
0
0
0
0
0
0
0
0
0
0
0
0
0
0
0
0
0
0
0
0
0
0
0
0
0.0356754123859179
0.0484903282823771
0.0362372189698512
0.0220375886299504
0.0117624330396631
0.00619594402173308
0.0032159876781072
0
0
0
0
0
0
0
0
0
0
0
0
0
0
0
0
0
0
0
0
0
0
0
0
0
0
0
0
0
0
0
0
0
0
0
0
0
0
0
0
0
0
0
0
0
0
0
0
0
0
0
0
0
0
0
0
0
0
0
0
0
0
0
0
0
0
0
0
0
0
0
0
0
0
0
0
0
0
0
0
0
0
0
0
0
0
0
0
0
0
0
0
0
0
0
0
0
0
0
0
0
0
0
0
0
0
0
0
0
0
0
0
0
0
0
0
0
0
0
0
0
0
0
0
0
0
0
0
0
0
0
0
0
0
0
0
0
0
0
0
0
0
0
0.0360357343825495
0.0489848919134212
0.0366487366822387
0.0223233715884041
0.0119947384870591
0.00642089258903646
0.00343126240103625
0.0017672541647346
0
0
0
0
0
0
0
0
0
0
0
0
0
0
0
0
0
0
0
0
0
0
0
0
0
0
0
0
0
0
0
0
0
0
0
0
0
0
0
0
0
0
0
0
0
0
0
0
0
0
0
0
0
0
0
0
0
0
0
0
0
0
0
0
0
0
0
0
0
0
0
0
0
0
0
0
0
0
0
0
0
0
0
0
0
0
0
0
0
0
0
0
0
0
0
0
0
0
0
0
0
0
0
0
0
0
0
0
0
0
0
0
0
0
0
0
0
0
0
0
0
0
0
0
0
0
0
0
0
0
0
0
0
0
0
0
0
0
0
0
0
0
0.0364022662240597
0.0494840430237928
0.0370615394859747
0.0226094816415758
0.0122283893937495
0.00664461729459226
0.00364613594611849
0.00196226454605164
0.00103449123305247
0
0
0
0
0
0
0
0
0
0
0
0
0
0
0
0
0
0
0
0
0
0
0
0
0
0
0
0
0
0
0
0
0
0
0
0
0
0
0
0
0
0
0
0
0
0
0
0
0
0
0
0
0
0
0
0
0
0
0
0
0
0
0
0
0
0
0
0
0
0
0
0
0
0
0
0
0
0
0
0
0
0
0
0
0
0
0
0
0
0
0
0
0
0
0
0
0
0
0
0
0
0
0
0
0
0
0
0
0
0
0
0
0
0
0
0
0
0
0
0
0
0
0
0
0
0
0
0
0
0
0
0
0
0
0
0
0
0
0
0
0
0.0367731182455071
0.0499931170513907
0.0374733973138462
0.02289716201105
0.0124622288379502
0.00686975418988778
0.00385878096900974
0.00215357050526779
0.00120027388376735
0.000633355507141393
0.000287510405497267
0.00010985183935211
4.19053938899959e-05
2.07473117835636e-05
2.84301008600849e-05
3.42084109454715e-05
3.64145243043299e-06
-9.06147125154148e-07
0
0
0
0
0
0
0
0
0
0
0
0
0
0
0
0
0
0
0
0
0
0
0
0
0
0
0
0
0
0
0
0
0
0
0
0
0
0
0
0
0
0
0
0
0
0
0
0
0
0
0
0
0
0
0
0
0
0
0
0
0
0
0
0
0
0
0
0
0
0
0
0
0
0
0
0
0
0
0
0
0
0
0
0
0
0
0
0
0
0
0
0
0
0
0
0
0
0
0
0
0
0
0
0
0
0
0
0
0
0
0
0
0
0
0
0
0
0
0
0
0
0
0
0
0
0
0
0
0
0
0
0
0.0371488421765594
0.0505005813077766
0.0378893278887492
0.0231819386655013
0.0126956325295111
0.00709344937653314
0.00407259582577519
0.00234333269831774
0.00136314142243628
0.000764176141339918
0.000380646229123986
0.000171221208003395
9.3116941798143e-05
4.71087628322881e-05
6.19738536163872e-05
7.94386927117646e-05
2.56387303704221e-05
-1.23443361948046e-06
2.68764606151561e-05
3.18029701200685e-05
9.2923840704489e-06
6.12155429197249e-06
-1.82519624100098e-05
-1.79434242521466e-05
-2.49084260017445e-06
1.2079087424294e-05
2.57342790127545e-05
9.65234908277123e-06
-4.03751412019585e-06
-1.76046670803955e-05
-1.41298812027293e-05
1.4673705594706e-06
1.16077227005441e-05
1.92695721581776e-05
0
0
0
0
0
0
0
0
0
0
0
0
0
0
0
0
0
0
0
0
0
0
0
0
0
0
0
0
0
0
0
0
0
0
0
0
0
0
0
0
0
0
0
0
0
0
0
0
0
0
0
0
0
0
0
0
0
0
0
0
0
0
0
0
0
0
0
0
0
0
0
0
0
0
0
0
0
0
0
0
0
0
0
0
0
0
0
0
0
0
0
0
0
0
0
0
0
0
0
0
0
0
0
0
0
0
0
0
0
0
0
0
0
0
0
0
0.0375285081780054
0.051014521677157
0.0383046401490887
0.0234672507990845
0.0129263814767778
0.00731729668730027
0.00428643202724617
0.00253260955412998
0.0015238184930003
0.00089075111384087
0.000473524643712647
0.000234432548048246
0.000142349617355887
8.83107824015853e-05
0.000101878595401086
0.00012864278693586
5.48234992885414e-05
7.75384309326943e-06
3.99078064923445e-05
5.26560155934547e-05
2.23857033679417e-05
1.54413926182406e-05
-3.33221274223957e-05
-4.71327973234797e-05
-1.64318063060553e-05
1.87771650722598e-05
5.930511093419e-05
3.51519825485164e-05
-2.87905078216339e-06
-3.7926048922616e-05
-3.842964546473e-05
-5.2241054823211e-06
2.17292060561579e-05
4.74009192820332e-05
7.92254064647175e-05
5.62883909360937e-05
5.48781688318478e-05
5.40771209505399e-05
2.72166182866961e-05
1.70100096997761e-05
3.51406318687418e-05
9.7041185983553e-07
-1.60033566068976e-05
-1.38071972842981e-05
-1.56937859785907e-05
-1.33479906827568e-05
-9.3764172970422e-06
-1.10007427065653e-05
4.74863032531245e-06
1.898508807281e-05
1.77095139073725e-06
-9.05266616926163e-06
-9.36782530814185e-06
9.54006726671423e-06
1.82031711947205e-05
2.96953893083147e-05
4.07068003800285e-05
-2.06439305072443e-06
-1.51841778740778e-05
-7.37319248073218e-06
2.61457648842719e-05
0
0
0
0
0
0
0
0
0
0
0
0
0
0
0
0
0
0
0
0
0
0
0
0
0
0
0
0
0
0
0
0
0
0
0
0
0
0
0
0
0
0
0
0
0
0
0
0
0
0
0
0
0
0
0
0
0
0
0
0
0
0
0
0
0
0
0
0
0
0
0
0
0
0
0
0
0
0
0
0
0
0
0
0
0
0
0
0
0
0.037924542451441
0.0515378110970532
0.0387229364481663
0.0237509840913026
0.0131547161721436
0.00753870926333443
0.00449882777494614
0.00272145382902363
0.00168481725004252
0.00101511625440436
0.000563647888706289
0.000295441781299667
0.000191926121589499
0.000130905342035311
0.000152008867853464
0.00018019054289432
8.51429111553717e-05
1.81878465008167e-05
5.59113139992312e-05
7.25153387156132e-05
3.95901396765763e-05
2.54543368956514e-05
-4.86975520339934e-05
-7.58692364557422e-05
-3.69241938053141e-05
1.81567233396546e-05
8.87766244294408e-05
6.49555107461273e-05
4.83845554929977e-06
-5.75786913674169e-05
-6.47752729603964e-05
-1.70920020301897e-05
2.81041065005092e-05
7.60023742454851e-05
0.00013019312462071
0.000105343844004708
0.000121097859532326
0.000139764347360673
8.75071857563904e-05
5.03334454055862e-05
7.99854609170574e-05
2.30723267292267e-05
-3.22861964715238e-05
-3.60014679602483e-05
-3.78160919678504e-05
-3.75153825612664e-05
-2.78076710956029e-05
-2.84478073353511e-05
2.17065396219196e-06
4.03182425934337e-05
1.57530746544801e-05
-1.78375571631011e-05
-2.4547243607117e-05
1.33493208030941e-05
4.21767511852665e-05
7.04715554616345e-05
0.000100050492658954
1.95821787095862e-05
-3.17400231651145e-05
-2.39308291437496e-05
4.6667190463242e-05
9.95868559777269e-05
6.72826418314122e-05
2.9447466003413e-05
1.61229917796233e-05
1.95106308757532e-06
3.75627284507971e-06
5.0668546026679e-06
1.34850748649742e-06
-8.82988030681858e-06
-5.96053678367095e-09
1.44121748026262e-07
-6.86985058536187e-06
-2.60383733556926e-06
2.70578934691395e-06
-1.40073313575736e-06
-7.27324772465656e-06
-2.71114437224603e-06
6.26961053822505e-06
4.16504599479409e-06
5.0795851925733e-06
9.06043492204376e-06
1.66341196298716e-07
-1.30304375854905e-06
-2.41317847829034e-06
-2.47895327303437e-06
2.34598472140928e-06
0
0
0
0
0
0
0
0
0
0
0
0
0
0
0
0
0
0
0
0
0
0
0
0
0
0
0
0
0
0
0
0
0
0
0
0
0
0
0
0
0
0
0
0
0
0
0
0
0
0
0
0
0
0
0
0
0
0
0
0
0
0
0
0.0383250844091598
0.0520783017739517
0.0391441804510715
0.0240355197371049
0.0133754358776424
0.00775838480532792
0.00470958458936312
0.00290817935158871
0.00184481827943529
0.0011391847155453
0.000651162326678369
0.00035425816428341
0.000239225001445632
0.000174307184022908
0.000201896338363299
0.000237266416307059
0.000116381072895213
2.87528985177182e-05
7.07503956952569e-05
9.33399201785791e-05
5.57819674227377e-05
3.99931954955815e-05
-6.2928129086066e-05
-0.000105177683394664
-5.85496505751162e-05
1.37921278070311e-05
0.000114496114819305
8.95941184511231e-05
1.62443616247848e-05
-7.41314657982233e-05
-9.07562792645323e-05
-2.99618717072433e-05
3.05591394202581e-05
0.000102823559034733
0.000182315622741303
0.000157174002442417
0.0001928330698628
0.000231368708488081
0.000162893343474469
9.98875807505491e-05
0.000133725164102255
5.09121514235061e-05
-3.45784834866614e-05
-5.68043752388569e-05
-6.14667580210105e-05
-6.43938372410575e-05
-5.20207707153486e-05
-5.30736779153118e-05
-5.05720638534815e-06
5.55207479992809e-05
2.92633107410528e-05
-2.61072019214538e-05
-4.01337927683051e-05
1.40495164421617e-05
6.40347681546807e-05
0.000115185546332402
0.000163298986079251
5.01720502980616e-05
-3.64931831262484e-05
-3.99396765574132e-05
6.30576050421926e-05
0.000155126397072515
0.000126267197472927
7.44003592141422e-05
4.90224565129854e-05
1.44921518374732e-05
8.67157661243002e-06
1.46367570019188e-05
5.46683934002876e-06
-1.57075949809533e-05
-2.46832391008105e-06
-1.28502718740824e-07
-1.42111884960185e-05
-8.75108691666867e-06
2.8653777989158e-06
-1.89203393953322e-06
-1.62824691885682e-05
-1.02587699492672e-05
1.00677591582252e-05
1.17854728037889e-05
1.22392177978079e-05
2.08944447568746e-05
7.59068032395471e-06
-6.72884129931058e-06
-6.72943950121071e-06
-7.39284451009302e-06
3.13867761594657e-06
6.18319415990161e-05
7.18862900489027e-05
1.1679936598955e-05
0
0
0
0
0
0
0
0
0
0
0
0
0
0
0
0
0
0
0
0
0
0
0
0
0
0
0
0
0
0
0
0
0
0
0
0
0
0
0
0
0
0
0
0
0
0
0
0
0
0
0
0
0
0
0
0
0
0
0
0
0.038731353270627
0.052626347054726
0.0395734178127882
0.0243200936106235
0.0135962202285132
0.00797034954795938
0.0049189687370675
0.00309359676600862
0.00200174574746256
0.00126082408672702
0.000736498640025843
0.000410508700063234
0.000284790484789872
0.000215596340098614
0.000253567488651201
0.000293362827391728
0.000149735648134103
3.88717865071596e-05
8.51006911320754e-05
0.000111539520183124
7.08483714488334e-05
5.3423177060553e-05
-7.23351164968001e-05
-0.000134428484338892
-8.00776431524847e-05
8.66641166726857e-06
0.000137788202263345
0.000110984159179015
2.35795874516105e-05
-8.82325148767513e-05
-0.000115345858644831
-4.27539845854521e-05
3.21739444938808e-05
0.00012713896646255
0.000235213565888981
0.00020993303478604
0.000265929105836442
0.000325789374082885
0.000241566062513344
0.000156360801228473
0.000194752023307279
8.40761646326573e-05
-3.33029694268749e-05
-6.7260926369358e-05
-8.2716010177625e-05
-9.05649806320207e-05
-7.71493757092799e-05
-7.92915927784537e-05
-1.74178688724822e-05
6.79198991983875e-05
3.90764091558013e-05
-3.50718139982685e-05
-5.80456176612969e-05
1.43799426289284e-05
8.39273678041743e-05
0.000159087447090213
0.000229805528131083
8.23665878122735e-05
-3.60472779105984e-05
-4.99200024162275e-05
8.03612265238199e-05
0.000208827410366693
0.000182975394537833
0.000125358003133732
8.8885980425476e-05
3.45284337617232e-05
1.84649308601059e-05
2.50516522259831e-05
1.3725524283647e-05
-2.18178692764276e-05
-3.76993256716422e-06
-5.48218733767722e-07
-2.23205688154386e-05
-1.64137807373231e-05
1.20622666468638e-06
-3.10888941903079e-06
-2.52093129362067e-05
-1.87179942892309e-05
1.15086171235668e-05
1.76380773568725e-05
2.11577519076572e-05
3.32713317295642e-05
1.62950009613486e-05
-6.46984103171392e-06
-1.43598813411815e-05
-1.39192495707855e-05
1.84780872982056e-06
9.1738734189873e-05
0.000114895890343808
3.09458702243614e-05
1.84957143891526e-06
-8.42865091056258e-07
-2.85006203915849e-07
1.31422873081625e-06
3.4902254381886e-06
1.57391539007804e-06
-2.58370130943086e-06
-5.20179347682367e-06
6.61488548822708e-06
2.10845694320609e-05
1.29428027667221e-05
0
0
0
0
0
0
0
0
0
0
0
0
0
0
0
0
0
0
0
0
0
0
0
0
0
0
0
0
0
0
0
0
0
0
0
0
0
0
0
0
0
0
0
0
0
0
0
0
0
0.0391433547115983
0.0531828616996692
0.0400072992190253
0.0246109437232609
0.0138173340072505
0.00818318494093808
0.00512657124993532
0.00327789901697041
0.00215799690529677
0.00138187636645513
0.000819957162473911
0.000464447785856023
0.000328390092023114
0.000255153107668909
0.000302045777133204
0.000350584730169097
0.000182446139991646
5.07707134312489e-05
9.83226826311162e-05
0.00012882801409322
8.24499135553969e-05
6.43072640203864e-05
-8.27573883317374e-05
-0.000158970604407263
-0.000101634714686095
3.41237456906245e-06
0.000161062059947792
0.000132624838250935
3.0435477884324e-05
-0.00010401912038199
-0.000139650623188552
-5.58656229075637e-05
3.27009261232557e-05
0.00015041726644973
0.000287255413330593
0.000263657103957062
0.000339636251383338
0.000420029351466011
0.00032292247281035
0.000215138726388781
0.000259280581831871
0.000119869943424815
-2.84402771995887e-05
-7.6035955033776e-05
-9.85415541636685e-05
-0.000115866386216736
-0.000101900698400989
-0.000104043384823598
-2.89935276285436e-05
7.97670181939247e-05
4.8824465133893e-05
-4.40608766299133e-05
-7.63857845391255e-05
1.63519103364395e-05
0.000104139710406796
0.000201547214363078
0.000295324875130686
0.000116855292238054
-3.4552072185975e-05
-5.65912535180916e-05
0.000100153824144827
0.000262946791764798
0.000238542239502113
0.000174919858843341
0.000131929781834918
5.77235046661077e-05
3.09053780002984e-05
3.73629794797353e-05
2.28373975026514e-05
-2.47886735870285e-05
-5.2098041624679e-06
-6.86965785360633e-07
-2.96546394401921e-05
-2.41605377901905e-05
-1.72536102349071e-06
-3.60131320162718e-06
-3.29390573015348e-05
-2.72814127332486e-05
1.32873639626054e-05
2.23844025534123e-05
2.85923787085224e-05
4.5933058667677e-05
2.40372183923692e-05
-6.26717030310077e-06
-1.83107518810732e-05
-2.11629328005843e-05
-8.65271628755814e-07
0.000119688202393324
0.000156797409950505
4.64443311194989e-05
7.58426718782788e-06
1.48443512746307e-07
-7.3680052450735e-07
2.16930871274778e-06
6.88640712371639e-06
4.7031587519367e-06
-4.48397758241419e-06
-1.1754913084937e-05
1.08857244646222e-05
4.66818094524425e-05
3.89638511753309e-05
4.78567385296351e-06
-8.93106661971093e-06
-4.3348252452202e-06
-1.99529260422883e-06
-2.01238260812714e-06
-1.31078579652001e-06
1.61084972078956e-06
3.68768075271216e-06
3.50592331277552e-06
1.54462100953937e-06
2.96116852978259e-06
0
0
0
0
0
0
0
0
0
0
0
0
0
0
0
0
0
0
0
0
0
0
0
0
0
0
0
0
0
0
0
0
0
0
0
0
0
0
0.0395570946955091
0.0537444650060353
0.0404429950782409
0.0249022631787565
0.0140373314882288
0.00839552881988184
0.00533406544908537
0.0034585182625223
0.00231410320007999
0.00150308104720052
0.000905481139299658
0.000518921216930279
0.000371290490207231
0.000292802068895241
0.000346650020758712
0.000405992196481994
0.000215484075801767
6.06067081847908e-05
0.000112015359543425
0.000145358975490238
9.4788140103187e-05
7.37865542352712e-05
-9.37828198376146e-05
-0.000184428358876763
-0.000121018360333547
-1.80605159942164e-06
0.000184287512140712
0.000154240801071555
4.05115306243789e-05
-0.000117307772828714
-0.000168845346637643
-6.8924408985103e-05
3.35266029064312e-05
0.000173974389808002
0.000339036077410853
0.000316138511469186
0.000413481193147759
0.000512039292059311
0.000404262543471273
0.00027316457148026
0.00032514067070368
0.0001573272763901
-2.32838145171889e-05
-8.24425466299033e-05
-0.000112962403574796
-0.000136958232523812
-0.000125766091574235
-0.000128075521969095
-3.97273862006656e-05
9.28923239492898e-05
5.70580366975691e-05
-5.33692591366053e-05
-9.61251330634777e-05
1.66329181355405e-05
0.000122041475748606
0.000242307694315975
0.000360634989097608
0.000151374577175852
-3.13165358520641e-05
-6.29452445946827e-05
0.000121772031646329
0.000318894618130461
0.00029583273624272
0.000224228541045575
0.000174649092446617
8.30921244540771e-05
4.35994208950057e-05
5.10584920707792e-05
3.34513372972653e-05
-2.79872542755449e-05
-3.21519007876322e-06
4.32472644526109e-07
-3.65854189838603e-05
-3.15497994543587e-05
-5.10602404663295e-06
-4.63420373812966e-06
-3.85462283694036e-05
-3.52862793128429e-05
1.50238809341093e-05
2.63640678586743e-05
3.5102635312984e-05
5.76387062120273e-05
3.0419370368736e-05
-7.22135470032965e-06
-2.23599652925048e-05
-2.52263540443748e-05
-9.30504828785924e-06
0.000146179034124338
0.000196967720454622
6.11119371593809e-05
1.06266193452374e-05
9.81719059879294e-07
4.15808886708342e-07
2.50054651940331e-06
1.02451008987796e-05
8.6777280574325e-06
-8.5999539492441e-06
-1.90086895255944e-05
1.23295589417329e-05
6.92856718015831e-05
6.77285804389233e-05
1.712085987666e-05
-1.10426737891878e-05
-8.69973732357055e-06
-5.63702840370565e-06
-4.89128834901604e-06
-4.24398619990593e-06
2.10208272570778e-06
7.79003967847436e-06
9.43791521795097e-06
5.17999485440022e-06
4.93907395786049e-06
2.54313463244532e-05
0
0
0
0
0
0
0
0
0
0
0
0
0
0
0
0
0
0
0
0
0
0
0
0
0
0
0
0
0
0
0
0
0
0
0
0
0
0.0398439413110607
0.0542959146077461
0.0408622857277276
0.0251952758860694
0.0142445923599461
0.00854727696470382
0.00553836805708155
0.00362413294610445
0.00247639275872478
0.00162990970753458
0.000996072923073177
0.000582220700398978
0.000421198216145194
0.000333136171078018
0.000389537310579637
0.000456582035189467
0.000254291430495898
7.10982975546002e-05
0.000117421852596206
0.00015852047409785
0.000110145342602572
8.77527381949478e-05
-0.000103918595353649
-0.000202284089354015
-0.000136364172937022
-2.32560965577787e-05
0.000209652935027456
0.000177022441816423
4.81278571185018e-05
-0.000122607681251201
-0.000189437042941449
-9.69666676044723e-05
4.149149803996e-05
0.000202434151251734
0.000398236955349895
0.000372701627909034
0.000483010119969283
0.000599636315022496
0.000481694336880372
0.000328913016789815
0.000368812232748778
0.000187461987024063
-1.32670409213878e-05
-8.54565765462816e-05
-0.000120867913516569
-0.00015379797123757
-0.000139228921747324
-0.000147596088518066
-4.68851399906855e-05
0.000108996657111672
7.59291877813931e-05
-5.67714889102265e-05
-0.000116880582364279
-4.13856319687486e-07
0.000125146027246633
0.000248716715766055
0.000418359791962949
0.000188030809672815
-2.42091215036353e-05
-6.49558739331634e-05
0.000138011034195297
0.0003683351253001
0.000359007822771172
0.000281873344843604
0.000220100043237182
0.000111541972998909
5.92946175594637e-05
5.03376793493547e-05
4.92263244543791e-05
-2.40445865668442e-05
-9.98615727494591e-06
9.19616301489973e-06
-3.80499290989751e-05
-3.61601448434585e-05
-1.36393698020139e-05
-3.47031036434635e-06
-3.84026400599493e-05
-3.9792216885517e-05
6.87392155680181e-06
3.35780067795628e-05
2.86263382587066e-05
6.32940527826085e-05
3.69574817611146e-05
-4.66438936474654e-06
-2.36432589897665e-05
-2.64500366249263e-05
-1.24087072523004e-05
0.000116393473627087
0.000229507739420816
7.9143346631485e-05
1.49634748928626e-05
3.26578454018686e-06
-1.71955930606035e-06
4.07134235130523e-06
8.3368859235634e-06
1.23206106819755e-05
-6.25214108807139e-06
-2.27779661950718e-05
3.0833141954041e-06
6.61726434691048e-05
8.42440915153784e-05
3.52949361133435e-05
-7.86748685094735e-06
-1.08135944635518e-05
-6.78782351710707e-06
-6.36586326239457e-06
-5.40733124468954e-06
-1.22709072238347e-06
8.06753186089855e-06
1.07928350497207e-05
9.62005885009466e-06
5.10180045098952e-06
0
0
0
0
0
0
0
0
0
0
0
0
0
0
0
0
0
0
0
0
0
0
0
0
0
0
0
0
0
0
0
0
0
0
0
0
0
0
0.0400820280450877
0.0546687549874398
0.0412609875892781
0.0254633201495802
0.0144533690786932
0.00868179208933098
0.00565722857907605
0.00378561066094003
0.00261742986438397
0.00176921736626049
0.0010940247975262
0.000652012593002881
0.000482374607959114
0.000382942694391329
0.000436524655995137
0.000505742526620885
0.000287280920217319
9.18020781135335e-05
0.0001237298869532
0.000161003386807755
0.000120905922171598
0.000107999738906737
-0.00010826916070675
-0.000218227639383141
-0.000140578567494237
-3.88410358096425e-05
0.000210849533246256
0.000202818831165446
5.65957037599299e-05
-0.000131889721214741
-0.000201178744372602
-0.000114859750426417
2.90876571848325e-05
0.000240700808907927
0.000464490258646597
0.000439691132541048
0.000558871817645977
0.000682550762981075
0.000552676454862468
0.000379119531674753
0.000409488487927828
0.000186219435590826
-1.46706495788656e-05
-8.2503664130378e-05
-0.000124154855601548
-0.000162681513689331
-0.000147566255353095
-0.000155084376299034
-4.84131430635913e-05
0.000129616949452667
9.95524862283273e-05
-4.59682240932536e-05
-0.000128308177534422
-1.84367361018801e-05
0.00010509567938055
0.000235436445451536
0.000429951751342805
0.000213979772741541
-1.4184090240494e-05
-6.18819135545581e-05
0.000159175379685209
0.000410370079775894
0.000412078346308398
0.000346804450077455
0.000275713425725052
0.000143834553283305
7.96738466510364e-05
5.36579443006597e-05
4.45224488369439e-05
-1.37635314411334e-05
-7.49519188034005e-06
5.32015926671845e-06
-3.077849172571e-05
-3.37502433576454e-05
-1.83524159264016e-05
-9.91914719631224e-06
-3.45333742408276e-05
-3.59482279384126e-05
2.62165480645086e-06
2.58426113287671e-05
2.64476439310825e-05
5.08491615157101e-05
3.5482593038037e-05
-4.5435445303243e-07
-2.00815270802274e-05
-2.32023596915949e-05
-1.13851886463462e-05
9.27028758803533e-05
0.000184886139989515
8.72473092805026e-05
2.46099559884769e-05
7.91757165149125e-06
6.79035336103634e-07
1.00399051885381e-06
6.87216880337273e-06
1.0086136921984e-05
-4.34105946072108e-06
-1.75772775399527e-05
-1.44418887541926e-06
4.82188081224329e-05
6.5818976768746e-05
3.87860488267446e-05
3.05942268398831e-06
-8.33118586890664e-06
-6.32415601875026e-06
-4.70968161034072e-06
-4.19417564790325e-06
-1.91066886964982e-06
3.67219016277631e-06
0
0
0
0
0
0
0
0
0
0
0
0
0
0
0
0
0
0
0
0
0
0
0
0
0
0
0
0
0
0
0
0
0
0
0
0
0
0
0
0
0
0.0403239900806347
0.0550410927296407
0.0416062545535093
0.0257234246174891
0.0146525995615191
0.0088162348714539
0.00576931942712696
0.0039186154806915
0.00275656559031837
0.00190219012617494
0.00119566795514829
0.00072489655393841
0.000545357590784202
0.000435487836370104
0.000485892099315449
0.000555210287507137
0.000319348047354753
0.000110356649522079
0.000134926741900235
0.000163727516809554
0.000127529763638899
0.000126231179305442
-0.000107531021081571
-0.000231682806613158
-0.000144278073676507
-5.16767324869019e-05
0.000212743142450646
0.000219526607603661
6.53089865203963e-05
-0.000141511082626217
-0.000214655162256291
-0.000130528122077722
1.81117019239083e-05
0.000269784318820315
0.000533032151157843
0.00050984906941204
0.000638296878249649
0.000768238627554585
0.000623240051874404
0.000428797444498559
0.00044748656849204
0.00018408556931204
-2.67548312689998e-05
-8.33072619786764e-05
-0.000125318017771781
-0.000169785467703168
-0.000153590399265719
-0.000161339139456768
-4.72621089069962e-05
0.000151118014153627
0.00012353782754701
-3.42302834088819e-05
-0.00013657064156769
-3.52742667592523e-05
8.40081179056552e-05
0.000214862182323921
0.000436296077167935
0.000225899264714206
-8.21401854130491e-06
-5.83233049407697e-05
0.000181599203410353
0.000454618312594981
0.000463632987682935
0.000409327360336754
0.000333814768867245
0.000179508060409305
0.000101194138072489
5.90589831508073e-05
4.17176144354608e-05
-1.01254888351586e-05
-3.11896088224955e-06
4.25551451851918e-06
-2.78687796780257e-05
-2.89494949424135e-05
-2.03393112281794e-05
-1.52535174721109e-05
-3.30315356150134e-05
-3.18246683335246e-05
-1.1633248015271e-07
1.97086359584903e-05
1.97855470799984e-05
4.01837196926832e-05
2.86266037589592e-05
1.47847227707711e-06
-1.39361483170526e-05
-1.92703420941896e-05
-9.71881621450455e-06
7.020935398177e-05
0.000142284824575153
7.1227165006813e-05
3.18510572567854e-05
1.31577725535322e-05
3.8358719787851e-06
1.66499131718889e-06
3.76881581036388e-06
8.37476862277376e-06
-1.34736293382924e-06
-1.23329391273559e-05
-1.93660332151383e-06
3.04700376873031e-05
4.28651156788304e-05
0
0
0
0
0
0
0
0
0
0
0
0
0
0
0
0
0
0
0
0
0
0
0
0
0
0
0
0
0
0
0
0
0
0
0
0
0
0
0
0
0
0
0
0
0
0
0
0
0
0.0405738204958591
0.0554225760432004
0.0419487405495726
0.0259564389506629
0.014847279640706
0.00894543953131533
0.00588403661512182
0.00404896894992845
0.00288070609242274
0.00203342590680581
0.00129480642587505
0.000798284905049429
0.000610281402387847
0.000488061735637857
0.000535363601955006
0.000605147667711723
0.000351068446881867
0.0001279771412306
0.000144042629968697
0.000168764576510217
0.000133484715981068
0.000141495586740121
-0.000108880681481117
-0.000242256400919389
-0.000146859801142046
-6.46816027112566e-05
0.00021475054099988
0.000235794583647962
7.08991192873535e-05
-0.000151189430912471
-0.000227365531376861
-0.000147031904631176
7.63506378603053e-06
0.000296803280181475
0.000593765443890477
0.000579511084468585
0.000719690502936793
0.00085580876137582
0.000696126150405501
0.000479386067724153
0.000488620038678436
0.000179631979820528
-3.90721441609197e-05
-8.97399705951926e-05
-0.00012839285841191
-0.0001763228121292
-0.000158573676047411
-0.000165727732998471
-4.58872050049645e-05
0.000174548009686517
0.000147659783993528
-2.31052624230996e-05
-0.000144151141102251
-4.84460059895971e-05
6.20713933368179e-05
0.000193101175379389
0.00043820469905339
0.000235274384899035
-1.01494311323289e-05
-5.80301015722961e-05
0.000203663086116024
0.000499088188032881
0.00051750972530435
0.000471138149879357
0.000391664589385952
0.000216797657499787
0.000125494359827003
6.54486554050568e-05
4.03420390629779e-05
-4.707875710103e-06
-2.83547039651593e-06
4.28606694312551e-06
-2.33168402733881e-05
-2.63722860629268e-05
-1.9290594935494e-05
-1.88204855931823e-05
-3.15214128620375e-05
-2.90425082525371e-05
-3.25006243787172e-06
1.45017399304676e-05
1.3638197269229e-05
2.83489791865224e-05
2.23129263380371e-05
1.19977482642396e-06
-8.45108147706253e-06
-1.31982191936384e-05
-8.19869395085304e-06
4.73885828994777e-05
0.000100125200066336
5.78897461394543e-05
2.6503047372283e-05
1.68093477033092e-05
5.97497632502891e-06
2.53987900200708e-06
1.59379978570168e-06
5.02152342848972e-06
1.66356387126746e-06
-5.87827003252321e-06
0
0
0
0
0
0
0
0
0
0
0
0
0
0
0
0
0
0
0
0
0
0
0
0
0
0
0
0
0
0
0
0
0
0
0
0
0
0
0
0
0
0
0
0
0
0
0
0
0
0
0
0
0.0408278249310568
0.0558108595104602
0.0422918150599187
0.0261797121788111
0.0150181857432629
0.00907144212550942
0.00599514693514149
0.00418005324562249
0.00300409430143083
0.00215354915396813
0.00139294541427445
0.00086987177856014
0.000674566791349062
0.000542110196194719
0.000584715296551749
0.000654558236234076
0.000382518248262601
0.000144575426842401
0.000150616769685163
0.000171840509454164
0.000141064843401171
0.000157258644038513
-0.000110915043485514
-0.000254568470357502
-0.000147706395117654
-7.63891769143279e-05
0.000216858266498767
0.000252991245436774
7.75202153407263e-05
-0.000163167423088173
-0.00024099780610509
-0.000162049259682998
-3.32250214196056e-06
0.000323844669264871
0.000652941518280703
0.00064211915419307
0.000801310235121962
0.000945861788486083
0.000772997275982386
0.000530785904450566
0.000529915352910467
0.000174019852493883
-5.38627342202219e-05
-9.62024872250865e-05
-0.000135290029118574
-0.000183258468632243
-0.000163171001415039
-0.000169603205559558
-4.30359152655148e-05
0.000198930501887737
0.000176405882055867
-1.03671376423747e-05
-0.000150017395278214
-6.18859986470387e-05
3.77327968576675e-05
0.000171102828090951
0.000440008511998698
0.00024102401551685
-1.35716638733549e-05
-6.41605534353275e-05
0.000222832065832888
0.000543692970098977
0.000573423846407623
0.000535496018200359
0.000449039482546351
0.000254108748769177
0.000151285018079607
7.41465285075803e-05
3.88247995474651e-05
1.38924627001704e-06
-1.9377215013752e-06
9.89933155578933e-07
-1.69057330091496e-05
-2.01935811209082e-05
-1.78681845121876e-05
-1.68793297403149e-05
-2.76344402508955e-05
-2.62769946826884e-05
-7.3497712959535e-06
8.89786784460767e-06
8.93618960011521e-06
1.67363374639625e-05
1.35588865522986e-05
9.94848311810583e-07
-4.14479583818129e-06
-7.41068685933651e-06
-5.77970210280665e-06
2.25990653188308e-05
5.88727437058846e-05
0
0
0
0
0
0
0
0
0
0
0
0
0
0
0
0
0
0
0
0
0
0
0
0
0
0
0
0
0
0
0
0
0
0
0
0
0
0
0
0
0
0
0
0
0
0
0
0
0
0
0
0
0
0
0
0
0
0
0
0
0
0.0410919308703205
0.056211171280977
0.0426367790745896
0.0264044638554296
0.0151814491666675
0.00917859246391082
0.00610274184673127
0.00430578767426153
0.00312823070156005
0.00227224794432738
0.00148568953836618
0.000941103608578972
0.000738290508169265
0.000591553693646077
0.000632804923326195
0.000701635339165107
0.000412973835276373
0.000161509339734345
0.000158513198339538
0.00017309997444742
0.000142123514169678
0.000172924696502138
-0.000112314636334274
-0.000265918857107467
-0.000148071863451552
-8.75232476018264e-05
0.0002201478160772
0.000269866213536131
8.5314856563481e-05
-0.000175247255720943
-0.000257121057117283
-0.000176658838839184
-1.1532085757772e-05
0.00035083888588189
0.000712164965696841
0.000702398349073469
0.00087113639739007
0.00103513435657803
0.000850611539080718
0.000585129823634276
0.000574214326543118
0.000170165705546402
-6.4687079537483e-05
-0.000108911393279712
-0.000142900695435289
-0.000192821431283703
-0.000168373790500843
-0.000176080394834781
-4.15632740634453e-05
0.000222899174812244
0.000205632887935358
5.64377659739848e-06
-0.000154437721483547
-7.3345921469147e-05
1.37480187448813e-05
0.000150579629452093
0.000438726078770101
0.000245878829728297
-2.09261566046785e-05
-7.24122028879872e-05
0.000236472555747024
0.000583288395143392
0.000629733234908557
0.000602690589427385
0.000507439673957247
0.000291984774598419
0.000178304929070293
8.44102350190373e-05
3.90131831368673e-05
8.68936343280556e-06
2.06052899794234e-07
-8.67049372850654e-07
-1.03433380195544e-05
-1.30353207256687e-05
-1.36065798618942e-05
-1.44614759062953e-05
-1.86581277632762e-05
-2.14700668775902e-05
-1.07983095669558e-05
2.37258987200447e-06
4.93580042426275e-06
8.12871939245623e-06
0
0
0
0
0
0
0
0
0
0
0
0
0
0
0
0
0
0
0
0
0
0
0
0
0
0
0
0
0
0
0
0
0
0
0
0
0
0
0
0
0
0
0
0
0
0
0
0
0
0
0
0
0
0
0
0
0
0
0
0
0
0
0
0
0
0
0
0
0.0413418235443867
0.0566073481269049
0.0429817992498234
0.0266225867668182
0.0153417343578557
0.00927663040368693
0.00619302371138059
0.00442750078076787
0.0032486852999875
0.00238915089077445
0.00158057601470665
0.00101410135603013
0.000797019371545466
0.000638551974040599
0.000673163821977707
0.000747255351305551
0.00044137273416152
0.000180180084336229
0.000165834558537323
0.000169975338230356
0.000140743688887684
0.000182782521490154
-0.000112245688396638
-0.000275822929559467
-0.000153515222945661
-9.66929608496736e-05
0.000224167830667017
0.000287233961719271
9.45216419941222e-05
-0.000188131619071294
-0.000272203391673904
-0.000190938631304438
-1.85393898479624e-05
0.000380178812366332
0.00077176765251755
0.000762656748976809
0.000941505809714073
0.00111455062561144
0.000930504777667416
0.000641432292710915
0.000624282707613419
0.000167065162959806
-7.54210612616913e-05
-0.00012416974797053
-0.000157679850510784
-0.00020130498218581
-0.000176516968305644
-0.000183124791312454
-4.22880699002678e-05
0.000245320205546984
0.000235177146910783
2.35796517381634e-05
-0.000152815195450913
-8.1374272650048e-05
-5.29411252318087e-06
0.000130706362269375
0.000432244353652064
0.000246597884150898
-2.68709249261947e-05
-8.13488854317326e-05
0.000249970696031236
0.000620671211978312
0.000681996515651948
0.000672123555870828
0.000571168839174824
0.000330444171092259
0.000202834826750275
0
0
0
0
0
0
0
0
0
0
0
0
0
0
0
0
0
0
0
0
0
0
0
0
0
0
0
0
0
0
0
0
0
0
0
0
0
0
0
0
0
0
0
0
0
0
0
0
0
0
0
0
0
0
0
0
0
0
0
0
0
0
0
0
0
0
0
0
0
0
0
0
0
0
0
0
0
0
0
0
0
0
0
0.0415996477602321
0.0570056199400374
0.0433260341082362
0.0268421752826344
0.015498110520587
0.00937305452998007
0.00627681675473377
0.00453608751875921
0.00336546440144842
0.00250195851205698
0.00167370821721557
0.0010865630838228
0.000858773096505619
0.00068480936104956
0.000712417519344925
0.000786165675359839
0.00046614793823748
0.00019617495507528
0.000173829609831476
0.000167585579361722
0.000140192655537235
0.000192319529857392
-0.000118151154759326
-0.000285217059429938
-0.000158617655905309
-0.000105387421366608
0.000229363626304881
0.000304226067283458
0.000103954129627624
-0.000201324749325216
-0.000286653275929129
-0.000204358717010894
-2.81735513189995e-05
0.000408990923762014
0.000833258325074937
0.000822538127480966
0.00101137575736906
0.00119341501093921
0.00100472019283353
0.000699838522411346
0.000674184553807159
0.000167218435910905
-8.39900329459345e-05
-0.000139601816936164
-0.0001715541050224
-0.000215189403653714
-0.000184660428887031
-0.000192032263076089
-4.25906333860319e-05
0.000265134333434333
0.000262471093305124
4.00997479277491e-05
-0.000150735301587215
-8.66892272309092e-05
-2.25192265291744e-05
0.000113725374009137
0.000426043389682457
0.000248205874234305
-3.47242852282337e-05
-8.95018775382936e-05
0.000261598873633639
0.00065674434962826
0.000730938935663113
0.000737536259305021
0.000636212124902642
0
0
0
0
0
0
0
0
0
0
0
0
0
0
0
0
0
0
0
0
0
0
0
0
0
0
0
0
0
0
0
0
0
0
0
0
0
0
0
0
0
0
0
0
0
0
0
0
0
0
0
0
0
0
0
0
0
0
0
0
0
0
0
0
0
0
0
0
0
0
0
0
0
0
0
0
0
0
0
0
0
0
0
0
0
0.0418646239630722
0.0574153062917473
0.0436728635508446
0.0270628319435683
0.0156568445803171
0.00946962134875139
0.00636144116069975
0.00463986271276419
0.00347299548383766
0.00261223430990688
0.00176370988203397
0.00115989549454733
0.000920374135968071
0.00073336683090162
0.000752316306813198
0.000824389069233824
0.000486309645505997
0.000208186115046735
0.000179658514015855
0.000164618552871468
0.000139583241231755
0.000203140595042328
-0.000124395166874684
-0.000298818452226309
-0.000162969673518136
-0.000111185598260858
0.000236915265055789
0.000320751737035441
0.000111956385065885
-0.000215165737092185
-0.00030301502497896
-0.000216883855689161
-3.6645877938951e-05
0.000436530473136878
0.000893696478044098
0.00088330418259327
0.00108041174541553
0.00127089726900244
0.00107772707412584
0.000756809058749227
0.000727360288217643
0.000166569845113897
-8.98523895455979e-05
-0.000153006592325887
-0.000186312407831621
-0.00022750279422178
-0.000195058217505858
-0.000200970558711501
-4.39382681187455e-05
0.000286590397975034
0.000287786402350017
5.45294740011397e-05
-0.000150037796080582
-9.24783901795646e-05
-3.87548708614631e-05
9.78661353244461e-05
0.000421441218520838
0.000250176552779609
-3.84910520276027e-05
-9.7096509807857e-05
0.000273601073940001
0.000689861245827106
0.000778332529135017
0.000799868378646235
0.000699053222594669
0
0
0
0
0
0
0
0
0
0
0
0
0
0
0
0
0
0
0
0
0
0
0
0
0
0
0
0
0
0
0
0
0
0
0
0
0
0
0
0
0
0
0
0
0
0
0
0
0
0
0
0
0
0
0
0
0
0
0
0
0
0
0
0
0
0
0
0
0
0
0
0
0
0
0
0
0
0
0
0
0
0
0
0
0
0.0421335247974129
0.0578329513368684
0.044023206626682
0.0272832714318115
0.0158148154899739
0.00956829501818947
0.00644518981714771
0.00474180247120164
0.0035779699802826
0.00271734984479492
0.00185075511762705
0.00123138885185959
0.000981543997001285
0.000781775198313721
0.000792696084720714
0.00086313486364089
0.000505961557211613
0.000217429835403444
0.00018276769525514
0.000160122582439619
0.000138429061778451
0.000213725182952408
-0.000130665225193947
-0.000313361872306623
-0.000170347893270233
-0.00011582784953568
0.000251169731330185
0.00033916659556299
0.000119024589024477
-0.000230461749020931
-0.000320180697203551
-0.000231514008659184
-4.3647295502805e-05
0.000465152452274235
0.00094999622985289
0.000943202145043873
0.00115059540901403
0.0013477336734293
0.0011489166854424
0.000813313555534634
0.000779942256377744
0.000169730805306312
-9.58135396869963e-05
-0.000163458195118746
-0.000199308981070236
-0.000240000245383443
-0.000203866276426015
-0.000210938508935768
-4.62599941681646e-05
0.000306685320818622
0.000315599403612975
6.77130908470546e-05
-0.00015154163325042
-0.000100415285073254
-5.54400619547091e-05
8.19233459309831e-05
0.000417206127320483
0.000252443409719728
-4.31483701271915e-05
-0.000104206311667272
0.000286210977448462
0.000723959764546118
0.000824031792378296
0.000861902217965608
0.000761071270384026
0.00045534399317985
0
0
0
0
0
0
0
0
0
0
0
0
0
0
0
0
0
0
0
0
0
0
0
0
0
0
0
0
0
0
0
0
0
0
0
0
0
0
0
0
0
0
0
0
0
0
0
0
0
0
0
0
0
0
0
0
0
0
0
0
0
0
0
0
0
0
0
0
0
0
0
0
0
0
0
0
0
0
0
0
0
0
0
0
0.0424055774824411
0.0582558461087382
0.0443732137650971
0.027504663059564
0.0159710199930056
0.0096652152045917
0.00653059282710535
0.00484320381656619
0.00368275349095972
0.00282119171112595
0.00193493843777135
0.00130039665273881
0.00104116028098737
0.000829458647606603
0.000833507549809681
0.000903409038001832
0.000525083609543082
0.000225971136494154
0.000181871305647768
0.000154484990054501
0.000135701038700024
0.000223435961402968
-0.000137947574718045
-0.000328630108697154
-0.000178686978066105
-0.000122932945314535
0.000265399426569441
0.000358541016546965
0.000126847357269158
-0.000246893085608931
-0.000338427344323038
-0.000246821148961937
-5.11996693639975e-05
0.000494014594457825
0.0010065941298261
0.000999493073555571
0.00122049932275162
0.00142584270023752
0.00121988358424081
0.000867817334534723
0.000831580000067181
0.000171039653635832
-0.000101206901133303
-0.000172262613161952
-0.000207103329545308
-0.00024996919990934
-0.000210967787901931
-0.000218935586367727
-4.92903046326599e-05
0.000326153109131406
0.000341337351413771
8.1479381639078e-05
-0.000154155314325856
-0.000109244627685628
-7.32691649648447e-05
6.57966795737452e-05
0.000413692104152153
0.000255628417632991
-4.84000518446765e-05
-0.000112453987903178
0.000298235293096121
0.000757682906878916
0.000870240433895788
0.000923123238332708
0.000824607322471927
0.000495220099916215
0.000301792473637354
0.000140061683236333
6.64263509202065e-05
2.77730867549339e-05
1.73063842687364e-05
1.90950688981651e-05
2.94620178181192e-05
0
0
0
0
0
0
0
0
0
0
0
0
0
0
0
0
0
0
0
0
0
0
0
0
0
0
0
0
0
0
0
0
0
0
0
0
0
0
0
0
0
0
0
0
0
0
0
0
0
0
0
0
0
0
0
0
0
0
0
0
0
0
0
0
0
0
0
0
0
0
0
0
0
0
0
0
0
0.0426849881608922
0.0586859735094348
0.0447249868433675
0.0277254248162373
0.0161265644728938
0.00976096380048463
0.0066142060854789
0.00494257207112737
0.00378628126555105
0.00292551925684811
0.0020170761946504
0.00136686970417006
0.00110192525417083
0.000876503152906091
0.000875539231599862
0.000947136493865607
0.000545713016752253
0.000235609408452237
0.000181572333761294
0.000152161828001365
0.000132142373260415
0.000231183282656356
-0.000146771313138513
-0.000345127635523727
-0.00018718939816061
-0.000131109274712868
0.000276944488864979
0.000378963397547389
0.000138030149851323
-0.00026216978121218
-0.000356786112446334
-0.000263582953150877
-5.95230857947183e-05
0.000522902249248804
0.00106268884176199
0.00105436397787835
0.00128922247084336
0.00150374074317519
0.0012901152169312
0.000922510574802823
0.00088169558454637
0.000169745624380248
-0.00010949350226482
-0.000179570744593296
-0.000214456499228756
-0.000257274759450974
-0.000216855892328896
-0.000224792305105069
-5.30148229812311e-05
0.000343575197590115
0.000366574523732412
9.38533546087355e-05
-0.000156378178643973
-0.000120017589433788
-9.14733989358205e-05
5.00011083978603e-05
0.000410458983169673
0.000259415811242328
-5.33046994277662e-05
-0.000122080217463676
0.000311621129441643
0.000791098237699252
0.000917648174740516
0.000985435584064185
0.000889639490684488
0.000535155531243788
0.000328354195832549
0.000152262008172018
7.93264423596136e-05
3.69845641887251e-05
2.83505398774739e-05
4.05018000540095e-05
6.78037197073705e-05
3.99680138465588e-05
5.66590142449545e-05
0
0
0
0
0
0
0
0
0
0
0
0
0
0
0
0
0
0
0
0
0
0
0
0
0
0
0
0
0
0
0
0
0
0
0
0
0
0
0
0
0
0
0
0
0
0
0
0
0
0
0
0
0
0
0
0
0
0
0
0
0
0
0
0
0
0
0
0
0
0
0
0
0
0
0
0.042968981599252
0.0591238476702882
0.0450811440074698
0.0279472281052796
0.016283996418878
0.00985665753635556
0.00669615147897296
0.00503898830414913
0.00388928797415899
0.00302824002565614
0.00209885246302707
0.00143002534183664
0.00115761296374297
0.000921830769127829
0.000915302887150939
0.000991266197669107
0.000569178862273074
0.00024425433577169
0.000181153286293558
0.000149591877823348
0.000128020424464432
0.000237905863564699
-0.000157777595661327
-0.000364569053270903
-0.00019777558235802
-0.000140860496217019
0.000287845840584309
0.000397046694173554
0.000151094774856184
-0.000271620264049887
-0.000374179324684926
-0.000280825121598592
-6.9222118066534e-05
0.000551441959376909
0.00111857639830259
0.00110945596306839
0.0013574322258477
0.0015814963343729
0.00136117163445507
0.000977321999193266
0.000932501208759034
0.000166958060591966
-0.000121327930540471
-0.000190345161887499
-0.000219022973237723
-0.000262301293710171
-0.000220953325956728
-0.000230425767744074
-5.58615159604941e-05
0.000360912822789965
0.000390364534029665
0.000105450002809088
-0.00016113252721829
-0.000130399049318562
-0.000111050332474078
3.35770362695425e-05
0.000407376462850851
0.000264031082746682
-5.65246447738369e-05
-0.000131543320173524
0.000323361662288008
0.000824159524356136
0.000965544730664002
0.00104833294439525
0.000955140810508988
0.000575681811307712
0.000357716910694473
0.000164873717408981
9.16619606537264e-05
4.57129572815304e-05
4.04229167157011e-05
6.27700969280995e-05
0.000108310681591518
7.31808625373189e-05
9.73143459282894e-05
3.89832430965075e-05
1.01418063873602e-05
0
0
0
0
0
0
0
0
0
0
0
0
0
0
0
0
0
0
0
0
0
0
0
0
0
0
0
0
0
0
0
0
0
0
0
0
0
0
0
0
0
0
0
0
0
0
0
0
0
0
0
0
0
0
0
0
0
0
0
0
0
0
0
0
0
0
0
0
0
0
0
0
0
0.0432495924673305
0.059559872464626
0.0454296176376664
0.028171559116526
0.0164426330526641
0.00995465490083077
0.00678056254122786
0.00513621248356105
0.0039911373856241
0.00313140580331914
0.00217951766347274
0.00149254473447677
0.00120975814075812
0.000960183003289974
0.000946358237657606
0.00103002034386363
0.000591284497531284
0.000249298274176918
0.00017854098012168
0.000144024754383943
0.000122884265852589
0.000227315826499894
-0.000170170257185095
-0.000385050612909552
-0.000211987606378315
-0.000152303182189836
0.000298479308034724
0.000414839053295069
0.000163126715289498
-0.000279089302830615
-0.000386924037086319
-0.000299455074688718
-8.27532737501224e-05
0.000579411788916416
0.00117520181650161
0.00116559534524729
0.00142679642026179
0.00165796034825514
0.00143149628886284
0.00103276847913146
0.000985058216323665
0.00016582915962806
-0.00013288913518023
-0.000203387423858714
-0.000226481805103099
-0.000263858658663144
-0.000221733355890813
-0.000233864172012139
-5.84288157380069e-05
0.000376404857129631
0.000416618297210075
0.000117017114955307
-0.000165685158363393
-0.000145142172962885
-0.000130423195968881
1.65658289592301e-05
0.000404215838826941
0.000267550840507972
-5.79452148787624e-05
-0.00013698414303705
0.000337050405170891
0.000857803534941134
0.00100759760755994
0.0011103374027509
0.00101385990237385
0.000612906691346915
0.000383273765068611
0.000181522914478171
9.61043142286401e-05
5.38778734855333e-05
5.14700051205818e-05
8.60296628125945e-05
0.000149201884480586
0.000108454030874565
0.000141592709506358
6.54238987797033e-05
2.10564884018124e-05
2.14384620275628e-06
1.58567847332202e-05
0
0
0
0
0
0
0
0
0
0
0
0
0
0
0
0
0
0
0
0
0
0
0
0
0
0
0
0
0
0
0
0
0
0
0
0
0
0
0
0
0
0
0
0
0
0
0
0
0
0
0
0
0
0
0
0
0
0
0
0
0
0
0
0
0
0
0
0
0
0
0
0.0435254995216976
0.0599974159750296
0.0457781042817463
0.028394854426443
0.0166024569050541
0.0100538758398582
0.00686641140617246
0.00523571375537813
0.00409235537104409
0.00323042216456567
0.00225475070349442
0.00155518916550324
0.00126303607971532
0.000996428871314578
0.000973007552757997
0.00106656877289436
0.000611425693059831
0.000254605898187866
0.000176004789974613
0.000136522201210422
0.000116940214724487
0.0002162422758815
-0.000184771309541643
-0.000406050899839932
-0.000225828412302132
-0.000164748401478196
0.000309364480283775
0.000432654357141616
0.000176094007033387
-0.00028725435496859
-0.000396314637753785
-0.000316184226451658
-9.59763715826321e-05
0.000605961743136406
0.00122931356375762
0.00121969790282893
0.00149758134539932
0.0017371567677226
0.00150204824408601
0.00108957155921204
0.00104086802168957
0.000166548964717115
-0.000143578699761631
-0.000216270900180544
-0.000240817003438015
-0.00026696325632159
-0.000221283601930384
-0.000235381236431348
-6.26059569632243e-05
0.000391425896842583
0.000442375987531891
0.000132053888325875
-0.000170142392842902
-0.000157757282279192
-0.000155033659151099
-1.897499658885e-06
0.000401479462763907
0.000271456622046793
-5.79559249627968e-05
-0.000143861492504271
0.000342376315879033
0.00088091428471428
0.00102635738660247
0.00117254847841653
0.00107795988595611
0.00065060917401464
0.000408989200345466
0.000198226233201032
0.000101354670488302
6.04978790537778e-05
6.26489051993755e-05
0.000107598057643227
0.000174198242458436
0.000142018319363872
0.000188647168413986
9.47803252668647e-05
3.67233241814901e-05
7.65214111658064e-06
2.63140921060751e-05
5.85035075828889e-05
0
0
0
0
0
0
0
0
0
0
0
0
0
0
0
0
0
0
0
0
0
0
0
0
0
0
0
0
0
0
0
0
0
0
0
0
0
0
0
0
0
0
0
0
0
0
0
0
0
0
0
0
0
0
0
0
0
0
0
0
0
0
0
0
0
0
0
0
0
0
0.0437910886705327
0.0604243568086698
0.0461194273936548
0.0286183516511388
0.0167661023717442
0.0101557492436244
0.00695454363723332
0.00533708977503291
0.0041936828625611
0.00332800676072397
0.00232350736798061
0.00160662647577204
0.00131792095741575
0.00103661564528355
0.000999720365828149
0.00110249431438852
0.000632828556671156
0.00026101577600856
0.000173899026525736
0.000128845284732224
0.000105132723496636
0.000204772753262258
-0.000198570855952772
-0.000420036509547669
-0.000236606643443668
-0.000175559726747793
0.000323208897538488
0.000453179935438661
0.000191141781939216
-0.000293116184356958
-0.000404811517042793
-0.00032812174494507
-0.00010762031340049
0.000635483960545
0.00128302064729251
0.00126967378335426
0.00156448842034398
0.00181786578960198
0.00157787451465175
0.00114737098721883
0.00109846377878903
0.000171180066277437
-0.000150796982420622
-0.000229054453210019
-0.00025424737228788
-0.000281812033952027
-0.000224353168616315
-0.00023897153886489
-6.22972188433722e-05
0.000401852386526878
0.00046570686008723
0.000147039886827454
-0.000170113586671424
-0.000170581328734171
-0.000176040663375145
-2.57005182243274e-05
0.000397190651320564
0.000277164543484361
-5.61441997741207e-05
-0.000147625660942536
0.000343195286507447
0.000883127847798856
0.00102138481911839
0.00118399314937882
0.00114268862687221
0.000695647228703969
0.000439586202856569
0.000216691302053071
0.000108254625678254
6.80655842684861e-05
7.67911246375638e-05
0.000130101475764166
0.000197935166097814
0.000143627329252285
0.000233068590723962
0.000127951142693851
5.53669078781158e-05
1.81973483741551e-05
3.98793976568207e-05
8.8429126139126e-05
0.000101358357712496
0
0
0
0
0
0
0
0
0
0
0
0
0
0
0
0
0
0
0
0
0
0
0
0
0
0
0
0
0
0
0
0
0
0
0
0
0
0
0
0
0
0
0
0
0
0
0
0
0
0
0
0
0
0
0
0
0
0
0
0
0
0
0
0
0
0
0
0
0
0.0440511421182939
0.0608363068591285
0.0464410478474857
0.0288294933809667
0.0169278850432781
0.0102610474216052
0.00704731212546859
0.00543671339420809
0.0042973689925872
0.00342791812958737
0.002390386312837
0.00165027607193853
0.0013591566944089
0.00107713739598393
0.00102928405154826
0.00113944943194315
0.000655324714916544
0.000269784757994849
0.000174723802434708
0.00012142744785742
9.29654890565667e-05
0.000191431948774728
-0.000212238777267072
-0.000431904336956731
-0.000238211363851501
-0.000180440899122691
0.000340065430374547
0.000479058598163452
0.000210418841856602
-0.000296956322502486
-0.000410458852731223
-0.000338008194733822
-0.000120206274065875
0.000668023004404214
0.00134062108167939
0.00131866134431605
0.00162804038586655
0.00189420627816165
0.00164767906876882
0.00121188843761272
0.00115876673304708
0.000177245598410597
-0.000154318731311865
-0.0002378224419785
-0.000268000082116894
-0.000295841038936947
-0.000238423354280257
-0.000245769057127088
-6.72323200617855e-05
0.000416975233559091
0.000485214278144848
0.000159697070857176
-0.000169659498866429
-0.000179576257442911
-0.000195467112262006
-4.74668291124195e-05
0.000389517742714504
0.000283408801418413
-5.11865649721206e-05
-0.000153191341521122
0.00034617533855625
0.000879655970803386
0.000990665942377029
0.00116777949121093
0.00115124215314767
0.000740236590221208
0.000475373704276456
0.000241243662163738
0.000117808549133704
7.76761743939195e-05
8.67106030049193e-05
0.000155725925467457
0.000223995254494733
0.000145248268885195
0.000243044625183809
0.00015943426449533
7.67279253266286e-05
2.95112838847138e-05
5.50844059107121e-05
0.000121039096651743
0.00014086795260957
0
0
0
0
0
0
0
0
0
0
0
0
0
0
0
0
0
0
0
0
0
0
0
0
0
0
0
0
0
0
0
0
0
0
0
0
0
0
0
0
0
0
0
0
0
0
0
0
0
0
0
0
0
0
0
0
0
0
0
0
0
0
0
0
0
0
0
0
0
0.0442132709818793
0.0611893382658008
0.0467443010208376
0.0290208913180763
0.0170784579204296
0.0103688513777993
0.00714139079657462
0.00554087595332878
0.00437619734770402
0.00353335948660247
0.00246236202366291
0.00169764850803963
0.00140058716971046
0.00111380854252149
0.00105736636883063
0.00117557391635932
0.000682661508207884
0.000285593072843938
0.00018259813355519
0.000121098888944696
8.59118393521446e-05
0.000185752389175696
-0.00022084436584686
-0.000438563877476806
-0.00023381474928274
-0.000172793262455737
0.000364941403167331
0.000509880765154613
0.000238272387651618
-0.000293837281376933
-0.000418031201512172
-0.000346252257309149
-0.000134614577851277
0.000664067551323026
0.00140454783188825
0.00137192146029157
0.0016904630056648
0.00196646876511513
0.00171337949079919
0.00123575078398948
0.0012294789591154
0.000189708496583342
-0.00015133325548158
-0.000238070937850224
-0.000272690328197108
-0.000308984209422434
-0.000250034361394753
-0.00025410571732608
-7.33917188450236e-05
0.000413808388835416
0.000504718403140143
0.000177268978274192
-0.000165721290562817
-0.00018210354730847
-0.000203262284869826
-6.76856524014213e-05
0.000371023704234319
0.000292869054663238
-4.15125343947896e-05
-0.00015701095109994
0.000322152832537298
0.000871361031153833
0.000955389706057201
0.00112920173100538
0.00113904615506581
0.000753067118357907
0.000512065078014735
0.000276045922251417
0.000136823962597747
9.35572730069104e-05
0.000103226882675406
0.000158310040750649
0.000253818139334478
0.000151937164146367
0.000256215730874659
0.000173963134774668
0.000100503265979785
4.07819459608964e-05
6.41968265590989e-05
0.000140467562439758
0.000177932368768817
0
0
0
0
0
0
0
0
0
0
0
0
0
0
0
0
0
0
0
0
0
0
0
0
0
0
0
0
0
0
0
0
0
0
0
0
0
0
0
0
0
0
0
0
0
0
0
0
0
0
0
0
0
0
0
0
0
0
0
0
0
0
0
0
0
0
0
0
0
0.0443404412979472
0.0613351358685977
0.0469304691467629
0.0291856381977584
0.0172051731690113
0.0104652063213855
0.00724143896644257
0.00564626368315979
0.0044639142480475
0.00359483998392527
0.00254475424775113
0.00175649739334503
0.0014440994668131
0.00114725992417431
0.00108243590862629
0.00120142936350891
0.000704765698710779
0.000306864811902064
0.000197263309077952
0.00012885120351357
8.57133802214333e-05
0.000186087867155676
-0.000216200865089209
-0.0004322622218225
-0.000221918865215239
-0.000155459954996238
0.000401461981644846
0.000549328228527919
0.000270317056530977
-0.000272451068079798
-0.000410391511812977
-0.000354024129589371
-0.000150841361676242
0.000646118486505942
0.00140119850033742
0.00143656599909396
0.00175660164148849
0.00203735851692345
0.00177382638667515
0.00125464578673291
0.00123058677848798
0.000221121217204825
-0.000138774983902622
-0.000228510659241146
-0.000261721247778934
-0.000306714769133536
-0.000258162751247882
-0.000257369922215814
-7.63009992125718e-05
0.000396498368081888
0.000493407404924977
0.000192727237040607
-0.00014802869825306
-0.000177010432663974
-0.000200563287941376
-7.0248144884086e-05
0.000345145261555344
0.000280827017563792
-2.79412843572454e-05
-0.000151078267914828
0.000296825316337535
0.000810813317278664
0.000908072207746545
0.00108532402396871
0.00109790591916635
0.000741754429249235
0.000516220788723808
0.000311818118037568
0.00016828168604433
0.000117735499678667
0.000131476246131229
0.000172319711765309
0.000244133702908967
0.00016359636983292
0.000273713576973375
0.000197098305440115
0.000110313556319905
5.53115654306416e-05
7.2622935957178e-05
0.000149485729216109
0.000190785904350638
0
0
0
0
0
0
0
0
0
0
0
0
0
0
0
0
0
0
0
0
0
0
0
0
0
0
0
0
0
0
0
0
0
0
0
0
0
0
0
0
0
0
0
0
0
0
0
0
0
0
0
0
0
0
0
0
0
0
0
0
0
0
0
0
0
0
0
0
0
0.0444747120064143
0.0614913486415636
0.047073578452872
0.0293218774265397
0.0173127116385555
0.0105452455150625
0.00732976929441733
0.00575050463237341
0.00455262892405341
0.00365901014641718
0.0026184820453291
0.00181856493457757
0.00149029795324509
0.0011798958805611
0.00110191697795184
0.00121911186412245
0.000725365601085988
0.000326454950238654
0.000212786688152629
0.000137200048185586
8.707754028863e-05
0.000188522143919171
-0.00021082530597771
-0.00042440171773252
-0.00020954987500334
-0.000137008375155878
0.000441968196072707
0.00059452018018966
0.000306092787653303
-0.00024997399178423
-0.000392308888509598
-0.000353420626150729
-0.000160065773147256
0.000629970375795191
0.00139661614433213
0.00148886514422703
0.00182807683882256
0.00210939342589788
0.00183346682765469
0.00127021612821722
0.00122812816044641
0.000237131223954584
-0.000114924912251999
-0.000214627900384294
-0.000250180655283235
-0.000298972598352338
-0.000259559704683761
-0.000260678247319759
-8.03962713089489e-05
0.000377910336718652
0.000477075437234643
0.000200490745182339
-0.000129519794945198
-0.000169953925817821
-0.0001969851504448
-7.05360216127334e-05
0.000324818633039115
0.000268429202858546
-1.77460676985226e-05
-0.000145898004628839
0.000274647216415318
0.000750944185892616
0.000849504547457477
0.00103873584722916
0.00105186596647034
0.000709950477968429
0.000502586317324787
0.000314458539486399
0.000199863198303727
0.000143925382224853
0.000162821535433487
0.000190756247465522
0.000236687994382891
0.000165044622702615
0.000293276518488619
0.00022296543664969
0.000123558189229238
5.02713941717634e-05
8.05619461415161e-05
0.000158616488347306
0.000201061850887962
0
0
0
0
0
0
0
0
0
0
0
0
0
0
0
0
0
0
0
0
0
0
0
0
0
0
0
0
0
0
0
0
0
0
0
0
0
0
0
0
0
0
0
0
0
0
0
0
0
0
0
0
0
0
0
0
0
0
0
0
0
0
0
0
0
0
0
0
0
0.0446235592308805
0.061651828244833
0.0472267175211641
0.0294363739645952
0.0174087480207303
0.0106127061721282
0.00740801425753063
0.00584594001623181
0.00463865449921434
0.00372363725086709
0.00269267915701739
0.00187838203262236
0.00153808018011914
0.00121517722237568
0.00111875825545788
0.00123028388156488
0.000737613428756143
0.000342384409458692
0.000226236707496269
0.000144674054172165
8.66899549571981e-05
0.00019061215996712
-0.000204807871350943
-0.000419155414041931
-0.000198519782028016
-0.000120710797841186
0.000482238463155469
0.000641979064195321
0.000342022835755133
-0.000227176015106657
-0.00037528708845312
-0.000344672480082453
-0.000163131518171139
0.000622333798585616
0.0013930983027543
0.0015363906508603
0.00189643917219396
0.002184113140529
0.00189314428904179
0.00128514526699034
0.00122315593503868
0.000251112671816688
-9.58931424878873e-05
-0.000192621848214282
-0.000236258986143325
-0.000293747190640552
-0.000258038684545089
-0.000258698915099949
-8.36250876018953e-05
0.000359338316154778
0.000460908986246337
0.000200695006894468
-0.000114759333888193
-0.000161998602946118
-0.000191395060010822
-7.04479149548195e-05
0.000305040130626743
0.000257042381500637
-1.14734142997232e-05
-0.000142140792268927
0.000250577854252611
0.00069584145999822
0.000790538276455455
0.000987252956181197
0.0010044809707023
0.000674334070235955
0.000475327007930077
0.000305992167009772
0.000207716539870594
0.000169434465540552
0.000192698685384286
0.000209981023820291
0.000236701820155641
0.000168483134879769
0.000309489710894358
0.000250602621255249
0.000138314873794835
5.38432053852015e-05
7.7721446045025e-05
0.000166352967734816
0.000211701900223419
0
0
0
0
0
0
0
0
0
0
0
0
0
0
0
0
0
0
0
0
0
0
0
0
0
0
0
0
0
0
0
0
0
0
0
0
0
0
0
0
0
0
0
0
0
0
0
0
0
0
0
0
0
0
0
0
0
0
0
0
0
0
0
0
0
0
0
0
0
0.0447754381806577
0.0618238351343826
0.0473788087388379
0.029555995614213
0.0174937964042123
0.0106733760067073
0.00747855998038455
0.00593615535924081
0.00471819475686573
0.0037854898326635
0.00276708031435322
0.00193861685980533
0.00158439454056533
0.00125112431820984
0.0011367414524213
0.00124181400923487
0.000746236893748971
0.00035540272211472
0.000238342199733852
0.000149998096301096
8.43370846613731e-05
0.000191117683445081
-0.000197648843318799
-0.000412579163516601
-0.000189359691666245
-0.000106666217676338
0.000519346654049237
0.000689416072040494
0.000379319984748666
-0.00020353654617705
-0.000357213665305192
-0.000335725988855884
-0.000159764649733952
0.000619169621717702
0.00139544320093815
0.00158384870004164
0.00196335075681276
0.00225688489921528
0.0019540989201218
0.00130229835265507
0.00121795619239757
0.0002627287453521
-7.61978683539321e-05
-0.000173026168251134
-0.000215289144831485
-0.000286026194311246
-0.000259907522140985
-0.000255925459135894
-8.14380786524636e-05
0.000340129640028405
0.000444905419823594
0.000202410999789431
-0.000102158191292819
-0.000156616966725624
-0.000185080457282422
-6.99902202290033e-05
0.000284303642499145
0.000244991184032875
-6.09402862766706e-06
-0.000139807426687369
0.000224804510113728
0.000639818950853199
0.000734070457626008
0.000936470294590961
0.000954549557740862
0.000637256873757874
0.00044574021487971
0.000288918072693095
0.000208740134669441
0.000180326738622762
0.000221654326108573
0.000227779249331846
0.000238270159738733
0.000174280040607087
0.000325561262665675
0.000275917440957226
0.000153434484204465
5.81192215992612e-05
7.82494591409099e-05
0.000166822616812906
0.000221352031914824
0
0
0
0
0
0
0
0
0
0
0
0
0
0
0
0
0
0
0
0
0
0
0
0
0
0
0
0
0
0
0
0
0
0
0
0
0
0
0
0
0
0
0
0
0
0
0
0
0
0
0
0
0
0
0
0
0
0
0
0
0
0
0
0
0
0
0
0
0
0.0448762364983853
0.0619290329522023
0.0474833259862057
0.0296685399351321
0.0175698608947897
0.0107329459162045
0.00754237098547225
0.00601522129945984
0.00478965390978559
0.00384147899335977
0.00284169841819459
0.00200432200528376
0.00163698746504712
0.00128942246714229
0.00115716044134448
0.00124751722515024
0.000755713583778683
0.00036637699349503
0.00024850936692062
0.000156769546195754
8.43742190194434e-05
0.00019324598546906
-0.000185935723147979
-0.000400021015634565
-0.000183193357568471
-8.96906626939942e-05
0.000558895613927174
0.000737198244292368
0.000420095043191959
-0.000175868185838573
-0.000331395046552806
-0.000322082098051873
-0.000153101222143391
0.000625894361340666
0.00140114801673185
0.00162864200782287
0.00203037608151596
0.00233520882671327
0.00202025946670986
0.00132527421594254
0.00122141903304809
0.000275388397465055
-5.76591253943683e-05
-0.000153143833020615
-0.000192680091488845
-0.000263832593773333
-0.000255801779548669
-0.000252526109537411
-8.57718074590466e-05
0.00031519743836263
0.000420219366347562
0.000201223687756861
-8.53458891737856e-05
-0.000147220914183007
-0.000178124111727794
-6.53418316115537e-05
0.000263186130308656
0.00023041710838396
-9.68693031758915e-08
-0.000130417067681104
0.000201794032839374
0.000586825935085546
0.000674518479781492
0.00086882038070262
0.000903448686077977
0.000600664938635593
0.000413965564753858
0.000270108086737412
0.000194850337698995
0.000179346082411516
0.000222318630109624
0.000247950968825137
0.000241733874735007
0.000174951469801375
0.00031228551186538
0.000293234077211642
0.000168098332544945
6.18089145624745e-05
6.69905088544344e-05
0.000129342583790717
0.000190360535313338
0
0
0
0
0
0
0
0
0
0
0
0
0
0
0
0
0
0
0
0
0
0
0
0
0
0
0
0
0
0
0
0
0
0
0
0
0
0
0
0
0
0
0
0
0
0
0
0
0
0
0
0
0
0
0
0
0
0
0
0
0
0
0
0
0
0
0
0
0
0.0449696149478254
0.0619848633636211
0.0475130939152645
0.0297315848349292
0.0176384591476476
0.0107817952662056
0.00760493805722724
0.00608746706333604
0.00485117337188909
0.00388950970349539
0.00291144721044638
0.00207107320658723
0.00169457201294814
0.00133306905761325
0.00117944089753184
0.0012557391455674
0.000758996281171568
0.000379648569715264
0.000258125618441936
0.000162795198695945
8.71416177386695e-05
0.00019968189996147
-0.000171151815510342
-0.000381928129509183
-0.000170988168340424
-7.65564207140556e-05
0.000602388417225609
0.000788291667689532
0.000461800196438642
-0.000144991636191111
-0.000301685907178759
-0.000300539699769497
-0.000141863090036606
0.000636213969714433
0.0014159143768182
0.00167610413383057
0.00209414741282695
0.0024146652503003
0.00209147076226906
0.00135278243657612
0.00122971386425637
0.000294291276217462
-3.83930188360613e-05
-0.000134598983713068
-0.00016966185326279
-0.00024033089339542
-0.000238064828686339
-0.000243620284153958
-8.89141358402003e-05
0.000284831726547014
0.000389637983541923
0.000189967075311411
-7.20186630720158e-05
-0.000134797113868198
-0.000167772085980395
-5.98651791356176e-05
0.000246553249738353
0.000215302128163387
4.79985981735569e-06
-0.000120008225444024
0.000188234351710191
0.000536997800015716
0.000617981720604377
0.00079746960253016
0.000834982138147627
0.000562361336239909
0.00038250314908771
0.000249691166055776
0.000179824656685748
0.000163959414007934
0.000211102770937596
0.000239294443754239
0.000248433342638644
0.000180725469581458
0.000293456134930604
0.000280952158517814
0.000175855133284974
6.39558971055787e-05
5.44585423027649e-05
0
0
0
0
0
0
0
0
0
0
0
0
0
0
0
0
0
0
0
0
0
0
0
0
0
0
0
0
0
0
0
0
0
0
0
0
0
0
0
0
0
0
0
0
0
0
0
0
0
0
0
0
0
0
0
0
0
0
0
0
0
0
0
0
0
0
0
0
0
0
0
0.0450670653052637
0.0620396187386543
0.0475117938400852
0.0297489938715452
0.0176819052582464
0.0108252030743373
0.00766292793014683
0.00616058676787742
0.00490955268231968
0.00393083951064353
0.00297389655620823
0.00213243657383693
0.0017519491301291
0.00137883799971885
0.00120370611334205
0.00126550138610856
0.000763467669856165
0.000390273881751334
0.000270357748784626
0.000167371734982898
8.86262951815689e-05
0.000207886285748247
-0.000153866260613062
-0.000362024878442957
-0.000156375442322134
-6.05036328858386e-05
0.000643658829600924
0.000840666395594204
0.000505616171167347
-0.00011161312315952
-0.000269148287845039
-0.000276536436342193
-0.000126413144014055
0.000648961084739256
0.00143309400978801
0.00173007701138902
0.00216044932495088
0.00249401175958944
0.00216443890772878
0.00138214934081884
0.00124186815800291
0.000313550563959866
-1.68841366811474e-05
-0.000115326619218732
-0.000148735237099271
-0.000216861117123047
-0.00021899609398126
-0.000225470257670234
-8.81891107077955e-05
0.000254841353143941
0.00035672958367976
0.000176781424004318
-6.68934300546495e-05
-0.000124377600131895
-0.000155986319287997
-5.32785936806636e-05
0.000231111705249314
0.000203026954940613
9.48966772886724e-06
-0.000108549420696583
0.000174906292347789
0.000492902880084429
0.000564446585193312
0.000728163064796747
0.000763229639149409
0.000515027782449819
0.000350297447691655
0.000229887940830754
0.000164525083899026
0.000147456387625671
0.000188368952444711
0.000220603019060559
0.000232528661781059
0.000190268119301911
0.000280201198407824
0.000266011120488286
0.000168556608397186
0
0
0
0
0
0
0
0
0
0
0
0
0
0
0
0
0
0
0
0
0
0
0
0
0
0
0
0
0
0
0
0
0
0
0
0
0
0
0
0
0
0
0
0
0
0
0
0
0
0
0
0
0
0
0
0
0
0
0
0
0
0
0
0
0
0
0
0
0
0
0
0
0
0.0451655400708258
0.0621004236178211
0.0475166107100176
0.0297641042473372
0.0177113702225328
0.0108671158338241
0.0077182382184591
0.00623576078864702
0.00496718584636939
0.00396958009476188
0.00302841468849712
0.00218680937810853
0.00180337493788775
0.00142285126795563
0.0012288763105101
0.00127599438614057
0.000768522758501883
0.000401145693594058
0.000281808675093856
0.000172086205188125
8.84886338261352e-05
0.000213248691314801
-0.00013443058729183
-0.000340617675448975
-0.000141956096467345
-4.51148444473993e-05
0.000686213081051511
0.000894257694709567
0.000550652801585549
-7.8282108376243e-05
-0.000240322117864186
-0.000253475972850489
-0.000110850597989001
0.000662225890593747
0.00145153285171866
0.00178515034767851
0.00223215688830974
0.00257607331381196
0.00223976495502033
0.00141233343055562
0.00125457828661249
0.000333732664810885
4.46269717447355e-06
-9.55125530062328e-05
-0.000128454188788965
-0.000194978836407046
-0.000200840993860386
-0.000207090116233691
-8.27110526488357e-05
0.000226410701615847
0.000321879659797584
0.000164577027961074
-5.69690648670164e-05
-0.000114879603503015
-0.000143687780882294
-4.81941200803488e-05
0.000213129248911661
0.000189280969879969
1.53657606192636e-05
-9.80991994377853e-05
0.000161055989465946
0.000448821134205228
0.000514446809273473
0.000658848563094736
0.000691951250271492
0.000464763253900867
0.000316717920939
0.000210509635431238
0.000149334651771689
0.000132441004856769
0.000164941482801767
0.000194608891919373
0.000208790836581773
0.000178622096354754
0.000266853835042835
0.00025382269837531
0
0
0
0
0
0
0
0
0
0
0
0
0
0
0
0
0
0
0
0
0
0
0
0
0
0
0
0
0
0
0
0
0
0
0
0
0
0
0
0
0
0
0
0
0
0
0
0
0
0
0
0
0
0
0
0
0
0
0
0
0
0
0
0
0
0
0
0
0
0
0
0
0
0
0.0452689337117924
0.0621613553493518
0.047517142199311
0.0297811762241681
0.0177417977058591
0.0109007481450862
0.00777432132245034
0.00630939448834996
0.00502727555875134
0.00400718521326503
0.00307951916602267
0.00223306338124891
0.00184982543076983
0.00146549737790602
0.00125602247298864
0.00129071204954462
0.000773755395821777
0.000412375091236161
0.000294782198663908
0.000175540620950535
8.69297155087493e-05
0.000216612959987422
-0.000118094252800048
-0.000316741122090553
-0.000125236437962402
-3.0553303691055e-05
0.000728985989354771
0.000951408006124871
0.00059853659271702
-4.29027987718697e-05
-0.000210097144322818
-0.000236818660727296
-9.68709713352424e-05
0.000675670829912815
0.00147554450456123
0.00184091697625546
0.00230456762148951
0.00266349587501234
0.00231786191513972
0.00144452776028703
0.00126799231177943
0.000353944483342923
2.58226275668559e-05
-7.54554940340421e-05
-0.000106555560202013
-0.000173289591717113
-0.000184170003321411
-0.000189659106943006
-7.72326198666457e-05
0.000201374672931804
0.000287932505529979
0.000151626326978676
-4.56579459328896e-05
-0.000101485260944382
-0.000131010933330974
-4.24279334867548e-05
0.000192869751341504
0.000172749495320907
1.84620249978198e-05
-8.63282822464511e-05
0.000145792253629092
0.000402383230246033
0.000464639671903312
0.000591739342874566
0.000618746694206863
0.00041487702935023
0.000282121336233215
0.00019035915684091
0.000134774311914521
0.000117231712967393
0.000143252352557455
0.000167481801946838
0.000179081053339928
0.00016018854182978
0.000234661044927158
0.000241214347260153
0
0
0
0
0
0
0
0
0
0
0
0
0
0
0
0
0
0
0
0
0
0
0
0
0
0
0
0
0
0
0
0
0
0
0
0
0
0
0
0
0
0
0
0
0
0
0
0
0
0
0
0
0
0
0
0
0
0
0
0
0
0
0
0
0
0
0
0
0
0
0
0
0
0
0.0453855663523751
0.062232631793164
0.0475164997555045
0.0297946729341714
0.0177742733780021
0.0109330120458801
0.00781890950023174
0.00638383779621983
0.00508473464150256
0.00404433180289265
0.00312642217544132
0.00227785770772955
0.00188543219146696
0.00150059530998437
0.00128404508181521
0.00130765980735434
0.000784542086082348
0.000425739515152213
0.00030810295059428
0.000180468397623594
8.72351373493894e-05
0.000218709486159917
-0.000106175648007367
-0.000299461870061741
-0.000108024064674252
-1.5079773169821e-05
0.000770471684847224
0.00100819736497127
0.000649720327054394
-5.30178521209768e-06
-0.000178159405120683
-0.000216540380293968
-7.9589448194233e-05
0.000689225189267727
0.00150011280968095
0.00190215187720716
0.00237679885714541
0.00275168152524123
0.00240240503008287
0.00147985456218181
0.00128433733246423
0.000373491352639218
4.61254717205488e-05
-5.70015090971871e-05
-8.55541565125479e-05
-0.000150740903644922
-0.000166889007401326
-0.000173843856692131
-7.40222960965408e-05
0.000174940926379593
0.000256739662576594
0.000138922085738977
-3.49229136271677e-05
-8.69099235574502e-05
-0.000114027802624074
-3.71138827713777e-05
0.000173352609531939
0.000152051109957652
1.68940615342545e-05
-7.74356358873344e-05
0.000131390341155052
0.000354654383664072
0.000412467128315973
0.000525003429034082
0.000546960299242554
0.00036503974090858
0.000247841804272277
0.000168877559558116
0.000120519570850215
0.000102949879864052
0.000121035258288617
0.000143229091706424
0.000148365018932745
0.000134536410186435
0.000193876489340715
0.000205404403245045
0
0
0
0
0
0
0
0
0
0
0
0
0
0
0
0
0
0
0
0
0
0
0
0
0
0
0
0
0
0
0
0
0
0
0
0
0
0
0
0
0
0
0
0
0
0
0
0
0
0
0
0
0
0
0
0
0
0
0
0
0
0
0
0
0
0
0
0
0
0
0
0
0
0
0.0455017490662113
0.0623063594207244
0.0475192925538198
0.0298074408328166
0.0178063048277629
0.0109683264335213
0.00786492195140789
0.00644221497652009
0.00514504396696199
0.00407969221617619
0.00316655777828867
0.00231831179225439
0.00191426096815066
0.00152207624597578
0.00130175071056953
0.00131902124029469
0.000796323604514855
0.000445357087014925
0.000323392433226448
0.000188089251938464
8.96503962640812e-05
0.000219253701219705
-9.52466855142278e-05
-0.000285938655912795
-9.93297851947e-05
8.71589099230269e-07
0.000814934038292541
0.00106603422833556
0.000706234118291682
3.85148561108775e-05
-0.000140686339003047
-0.000193282068719457
-5.86766224341743e-05
0.000700983877507545
0.00152881462631588
0.00196379095038222
0.00245625551239921
0.00284168595567575
0.00248983995767774
0.00151589406736509
0.00129908470868919
0.000389327127439116
6.4743186695834e-05
-3.86532808296039e-05
-6.54217375144271e-05
-0.000127635020596683
-0.00014595594132511
-0.000157306010927931
-7.44747134122598e-05
0.000146648308114592
0.000222317784180174
0.000127481524882243
-2.28095000914219e-05
-7.08637388894781e-05
-9.68778761172784e-05
-3.0236306024451e-05
0.000154877147386662
0.000134831039469263
1.16763086192652e-05
-7.00613155854913e-05
0.000115354780093286
0.000309346127159224
0.000361363085655228
0.000457665447206585
0.000477038767352497
0.000320933932342032
0.000215399551314955
0.000148121714231344
0.000103572654926815
8.84125873267197e-05
0.000100314816862115
0.000118603259426388
0.000121427503264984
0.0001070542638872
0.000142360735343337
0
0
0
0
0
0
0
0
0
0
0
0
0
0
0
0
0
0
0
0
0
0
0
0
0
0
0
0
0
0
0
0
0
0
0
0
0
0
0
0
0
0
0
0
0
0
0
0
0
0
0
0
0
0
0
0
0
0
0
0
0
0
0
0
0
0
0
0
0
0
0
0
0
0
0
0.0456239152353336
0.062389309904813
0.0475299087435535
0.0298231169715912
0.0178387312622483
0.0110039476616641
0.00791230476094714
0.00650177582735166
0.00519634522261161
0.00411675488081139
0.00320099425072733
0.00234870851100531
0.00192741875908549
0.00154083038029924
0.00131263077672909
0.00132674247232428
0.000811635504083373
0.000467842893220026
0.000345764811850632
0.000198448343375319
9.26576742271512e-05
0.000220410231582658
-8.15528717401177e-05
-0.000275428895192177
-9.54469415979238e-05
9.50020042353485e-06
0.000854752481718166
0.00112472501488656
0.000760848143092328
8.24998141921314e-05
-9.80772272144156e-05
-0.000167121581207206
-3.83440350672927e-05
0.000716166784003917
0.0015648402939044
0.00202965596539832
0.00253597004184004
0.00293673260836927
0.00257766115968841
0.0015531845280351
0.00131506007213915
0.000402906753373784
7.86883177481431e-05
-2.38963562325401e-05
-5.14367229777482e-05
-0.00010748639752882
-0.000126003739992412
-0.000138463391515748
-7.28740275675328e-05
0.000116252868052962
0.000188752009441748
0.000112144493896201
-1.19554929904987e-05
-5.54487041485129e-05
-7.97341537450005e-05
-2.48481849233054e-05
0.000134495759108536
0.000117208199678867
1.1994866979947e-05
-6.36561005898915e-05
9.2490087419617e-05
0.000263172806931585
0.000311644132767588
0.000392315030902123
0.000406994003651518
0.000278639726632482
0.000186047149699026
0.000125843446986622
8.68834626834732e-05
7.12243291771423e-05
8.02973723401076e-05
9.39188639815829e-05
9.25857030762295e-05
8.2837214643433e-05
0
0
0
0
0
0
0
0
0
0
0
0
0
0
0
0
0
0
0
0
0
0
0
0
0
0
0
0
0
0
0
0
0
0
0
0
0
0
0
0
0
0
0
0
0
0
0
0
0
0
0
0
0
0
0
0
0
0
0
0
0
0
0
0
0
0
0
0
0
0
0
0
0
0
0
0
0.0457496360064028
0.0624792996711325
0.0475442337440604
0.0298462717563663
0.0178736042869266
0.0110402317984801
0.00796017401164923
0.00656171030470145
0.00524387556368393
0.00414529302732793
0.00323526137243673
0.00237546353127399
0.00193435430797313
0.00154995515989933
0.00132043116675202
0.00132730098243591
0.000821638696545866
0.00049256269760544
0.000370449433758289
0.000214884947598306
9.75822105174589e-05
0.000221244708341721
-6.82497922755907e-05
-0.000262530141788801
-9.22838598050141e-05
1.384209255169e-05
0.000888986391643673
0.0011815188865104
0.000815055485348685
0.000124257055867948
-5.59261699318457e-05
-0.000137949839081478
-1.5110867590618e-05
0.000731075859464209
0.0016032788834915
0.00210171863681473
0.00261907524064279
0.00303370989106746
0.00267039638120648
0.00158943598979663
0.0013331018147035
0.000421088387338924
9.39509120181427e-05
-9.05605417984803e-06
-3.93341390594631e-05
-8.92222074274228e-05
-0.000108896697760081
-0.00012134505344245
-6.90393550922572e-05
8.7934731625958e-05
0.000153251279691484
9.49506609751601e-05
-4.12835395017243e-06
-4.04744339171225e-05
-6.36237926239919e-05
-1.99109332549605e-05
0.000112833971343896
0.000100132092266522
1.13237996206044e-05
-5.1694746650754e-05
6.85159766825612e-05
0.000213988766111785
0.000260965092360943
0.000326329074066835
0.00033756506135887
0.000235399821827944
0.000157770754671829
0.000104961389824072
7.05114327859435e-05
5.41328832362432e-05
5.90883045625407e-05
6.96837317066926e-05
0
0
0
0
0
0
0
0
0
0
0
0
0
0
0
0
0
0
0
0
0
0
0
0
0
0
0
0
0
0
0
0
0
0
0
0
0
0
0
0
0
0
0
0
0
0
0
0
0
0
0
0
0
0
0
0
0
0
0
0
0
0
0
0
0
0
0
0
0
0
0
0
0
0
0
0
0
0
0.0458820094652647
0.0625762967470541
0.0475602197511346
0.0298705322931407
0.0179129966634655
0.0110774826983159
0.00800891285722209
0.00662330520988013
0.00529196558624736
0.00416949902026471
0.00326134594793135
0.00240054064549202
0.00193925720141558
0.00155422874123
0.0013217892848371
0.00132424424190633
0.00082467440362834
0.000511822464463869
0.000394105169838242
0.000231967027524815
0.00010736005388832
0.000225274868899841
-5.45033919546755e-05
-0.000249097657793994
-8.792590128452e-05
1.70521796617437e-05
0.000920450130090554
0.00123356060515013
0.000869268483913925
0.000165360178224869
-1.61034976360756e-05
-0.000110037276619633
9.24420949449938e-06
0.000748485914996466
0.00164270905181532
0.00217528053541029
0.00270491994141505
0.00313318393818657
0.00276581393935501
0.0016271641228642
0.00135037755749169
0.000440936944086811
0.000112696077896432
6.323251454745e-06
-2.75334981287892e-05
-7.19704897658107e-05
-9.03910804300516e-05
-0.000105351282593164
-6.36648586006277e-05
6.19866909269109e-05
0.00011910360935733
7.60571759269256e-05
9.0589035671012e-07
-2.82531383241942e-05
-4.80809463459394e-05
-1.64673084262153e-05
9.04650646458012e-05
8.20717545054059e-05
1.26303671213583e-05
-4.00155572459356e-05
4.92730851058549e-05
0.000163274784161903
0.000208911747152162
0.000261146520794035
0.000267706834261279
0.000191901406555951
0.00012792780577705
8.54881446261455e-05
5.68759514441733e-05
3.81733872255274e-05
0
0
0
0
0
0
0
0
0
0
0
0
0
0
0
0
0
0
0
0
0
0
0
0
0
0
0
0
0
0
0
0
0
0
0
0
0
0
0
0
0
0
0
0
0
0
0
0
0
0
0
0
0
0
0
0
0
0
0
0
0
0
0
0
0
0
0
0
0
0
0
0
0
0
0
0
0
0
0
0
0.0460237438734404
0.0626842075276296
0.0475780218816496
0.0298936562316911
0.0179519577675973
0.0111161874122388
0.00805773836582444
0.00668688396362998
0.00534231757784735
0.00419332483138419
0.00328287467675298
0.00241440488176576
0.00194245277374042
0.00155576824838471
0.00131883595082102
0.00131480720221629
0.000822575741147961
0.000521689873629359
0.000410805448070207
0.00024425143594042
0.000116111438296176
0.00023416623568736
-3.60730174860295e-05
-0.000234034505127066
-8.15615493469308e-05
2.03185041622259e-05
0.000949825142541952
0.00128100144371898
0.000917871315836249
0.00020613318477114
2.33916869593732e-05
-8.46235946823767e-05
3.17885879463776e-05
0.000766975616057754
0.00168260012053167
0.00224971762202859
0.00279250402881381
0.00323454539670843
0.00286495067646806
0.00166816710975513
0.00136980134748451
0.000459540719079783
0.000132906542000634
2.11399234696767e-05
-1.64917022739319e-05
-5.58917060474125e-05
-7.24167804894918e-05
-8.57421041177057e-05
-5.77413452028616e-05
3.96548428899745e-05
8.67442684170349e-05
5.80995491968495e-05
3.17463673528549e-06
-1.87057025614107e-05
-3.47031615422948e-05
-1.23144035925741e-05
6.67050962627846e-05
6.43927410234585e-05
1.32038055922828e-05
-2.52275069999792e-05
2.91527841548531e-05
0.000112660823327977
0.00015076374678232
0.00019362140644849
0.00020128996363279
0.000150059415239608
9.86585841618216e-05
0
0
0
0
0
0
0
0
0
0
0
0
0
0
0
0
0
0
0
0
0
0
0
0
0
0
0
0
0
0
0
0
0
0
0
0
0
0
0
0
0
0
0
0
0
0
0
0
0
0
0
0
0
0
0
0
0
0
0
0
0
0
0
0
0
0
0
0
0
0
0
0
0
0
0
0
0
0
0
0
0
0
0
0.0461650874377908
0.0628007671170798
0.0476018579824461
0.0299178914363489
0.0179911919493994
0.0111581180665129
0.00810566194991521
0.0067490422176326
0.00538348928475202
0.00420562565680419
0.00330129539051182
0.00242544372072051
0.00193939498561428
0.00155669734250708
0.00131374382618802
0.00130350682152046
0.000815876407799885
0.000525769489793966
0.000417137501463471
0.000253586904725883
0.000122478859255432
0.000242458138748864
-1.51352218711187e-05
-0.000213643104277861
-7.29943387295069e-05
2.72787670764261e-05
0.00097830803479172
0.00132626464943806
0.000961144270615177
0.000244007742425229
6.36506989744903e-05
-5.79403023626716e-05
5.26924318546476e-05
0.000785645227553172
0.00172353631981486
0.00232543020353485
0.00288043259735805
0.00333539222707973
0.00295348379139893
0.00170710640810857
0.00139193111846524
0.000480799671086729
0.000152006902429226
3.8127600600237e-05
-4.52921746468795e-06
-3.90320986526808e-05
-5.37607278490286e-05
-6.50447245240797e-05
-4.78799461946076e-05
1.82463408513874e-05
5.93951368217137e-05
4.22962029864501e-05
3.44158214321286e-06
-1.10064531630237e-05
-2.22531200053224e-05
-9.07094604315043e-06
4.46474646169206e-05
4.52575378294248e-05
1.29308472027129e-05
-9.67043333946538e-06
1.1734617423644e-05
6.1022316909358e-05
9.30394504453965e-05
0.000120407049566656
0
0
0
0
0
0
0
0
0
0
0
0
0
0
0
0
0
0
0
0
0
0
0
0
0
0
0
0
0
0
0
0
0
0
0
0
0
0
0
0
0
0
0
0
0
0
0
0
0
0
0
0
0
0
0
0
0
0
0
0
0
0
0
0
0
0
0
0
0
0
0
0
0
0
0
0
0
0
0
0
0
0
0
0
0
0
0.0463191341579239
0.0629249740978015
0.0476286790325994
0.0299439864987831
0.01803060754535
0.0112003585736085
0.00815858363612249
0.00680900099868066
0.00542176331036941
0.00420867018959052
0.00330971522984535
0.00243337670184901
0.00193583694879508
0.00155113513330054
0.00131001513679733
0.00129032983316449
0.000809470799470648
0.00052373476550636
0.000416880815619094
0.00025464241597576
0.000126744442951984
0.000247916511782222
3.25112061599432e-06
-0.000192406902458537
-6.07109689513928e-05
3.59555407449836e-05
0.00101058841754844
0.00137068500901445
0.00100492484960104
0.000278759761275308
0.000101489372883855
-3.2006628301126e-05
7.4307047114043e-05
0.000804542736275027
0.00176797791424889
0.0024020413608479
0.00296999344857157
0.00343630103570539
0.0030398011256683
0.001734997136
0.00141334459283291
0.000503708322753424
0.000172946814213805
5.37455808712231e-05
9.25429315322361e-06
-1.84873343411703e-05
-3.29798505120593e-05
-4.20373624376001e-05
-3.59506529507064e-05
-1.36499906735645e-06
3.09625975765618e-05
3.09189614419395e-05
6.16807453882578e-06
-6.16123944469053e-06
-1.19031126394194e-05
-6.57109986157756e-06
2.1692374101005e-05
0
0
0
0
0
0
0
0
0
0
0
0
0
0
0
0
0
0
0
0
0
0
0
0
0
0
0
0
0
0
0
0
0
0
0
0
0
0
0
0
0
0
0
0
0
0
0
0
0
0
0
0
0
0
0
0
0
0
0
0
0
0
0
0
0
0
0
0
0
0
0
0
0
0
0
0
0
0
0
0
0
0
0
0
0
0
0
0
0
0
0
0
0
0.0464814771091321
0.0630663776347633
0.0476596676395159
0.0299711625366783
0.0180703837210177
0.0112421739862228
0.00821236119083144
0.00687338050459409
0.00545790802534576
0.00421000981106853
0.00331437580396019
0.00243871276949443
0.00193210466623124
0.00154414512694017
0.00129885718075653
0.00127666788033174
0.000800605944210291
0.000518909363970363
0.000408961777625569
0.000248537940145317
0.000125370388720145
0.000251124556966882
1.7698948042812e-05
-0.000174344154179786
-4.73618124421721e-05
4.81235802499059e-05
0.00104650833209639
0.00141978864883332
0.00104728039169426
0.000315293078830098
0.000138994206573431
-8.20903656505208e-06
9.57815424952805e-05
0.000825855421085893
0.00181336512371041
0.00248284187508666
0.00306103434647951
0.00353957327986334
0.00312855496368346
0.00176194287267514
0.00142994436261134
0
0
0
0
0
0
0
0
0
0
0
0
0
0
0
0
0
0
0
0
0
0
0
0
0
0
0
0
0
0
0
0
0
0
0
0
0
0
0
0
0
0
0
0
0
0
0
0
0
0
0
0
0
0
0
0
0
0
0
0
0
0
0
0
0
0
0
0
0
0
0
0
0
0
0
0
0
0
0
0
0
0
0
0
0
0
0
0
0
0
0
0
0
0
0
0
0
0
0
0
0
0
0
0
0
0
0
0
0
0.0466488672391555
0.063216412758388
0.0476997634295174
0.0300015138840992
0.0181091893293617
0.011281809191345
0.00826588846387848
0.00694024904035219
0.0054984326987339
0.00420978810508902
0.00331855105158366
0.00244272404446219
0.00192902348166344
0.00153907807114882
0.00128815733705365
0.00125772039742662
0.000791355568630661
0.000512841973900394
0.000398961496260067
0.000238737476423017
0.000118827073556626
0.000250439974727141
3.05915972388797e-05
-0.00015977967184779
-3.64455252401722e-05
6.09015973781817e-05
0.00108074666836418
0.0014696647925217
0.00109142108981542
0.000350778567599785
0.000179314072181645
1.65978586884318e-05
0.000116311665025771
0.000849974221589149
0.00186296443250425
0.00256380439750122
0.00315529973853618
0.00364533776132855
0.00322010963935727
0.00179191545689724
0
0
0
0
0
0
0
0
0
0
0
0
0
0
0
0
0
0
0
0
0
0
0
0
0
0
0
0
0
0
0
0
0
0
0
0
0
0
0
0
0
0
0
0
0
0
0
0
0
0
0
0
0
0
0
0
0
0
0
0
0
0
0
0
0
0
0
0
0
0
0
0
0
0
0
0
0
0
0
0
0
0
0
0
0
0
0
0
0
0
0
0
0
0
0
0
0
0
0
0
0
0
0
0
0
0
0
0
0
0
0.0468219097120988
0.0633791835646945
0.0477482332660714
0.0300396690032306
0.0181548893979892
0.0113221237955515
0.0083185687560859
0.00700709283814188
0.00554073188751507
0.00421086829729852
0.00332091280283007
0.00244671075025728
0.00192482692090673
0.00153392220155835
0.00127769190228674
0.00123938682569541
0.000776518172412084
0.000507295878486813
0.000388251021114406
0.000231194575055433
0.000110419371459323
0.000245980518950888
4.02601666988421e-05
-0.000146858609342906
-2.86470463878446e-05
7.15727308478572e-05
0.00111616255080103
0.0015192734347715
0.00113740258167261
0.000390558788223026
0.000218867542948741
4.24552632027337e-05
0.000136450142282564
0.000872898615717796
0.00191554127166622
0.00264849594338209
0.00324906447536624
0.00375290290949803
0.00331391450432821
0.00182373330400122
0.00146720652065186
0
0
0
0
0
0
0
0
0
0
0
0
0
0
0
0
0
0
0
0
0
0
0
0
0
0
0
0
0
0
0
0
0
0
0
0
0
0
0
0
0
0
0
0
0
0
0
0
0
0
0
0
0
0
0
0
0
0
0
0
0
0
0
0
0
0
0
0
0
0
0
0
0
0
0
0
0
0
0
0
0
0
0
0
0
0
0
0
0
0
0
0
0
0
0
0
0
0
0
0
0
0
0
0
0
0
0
0
0
0.0470012175743768
0.0635494145801811
0.0478021352318044
0.0300857905829447
0.0182072285914956
0.0113689029911159
0.00837275866605769
0.00707416814953026
0.00558277258611943
0.00421255891767231
0.00332301397042843
0.00244894823201227
0.00192051650396407
0.00152763773628092
0.00126688688210294
0.00122066769312985
0.000760554686955586
0.000495810604327197
0.000377032536358074
0.000222320806780238
0.00010390316566343
0.000237669578527374
4.60313359793681e-05
-0.000136567651032339
-2.21734608330209e-05
7.93773232376856e-05
0.00115063672961698
0.00156977604692967
0.00118549540030577
0.000432394039547498
0.000263537408655704
6.79782104953169e-05
0.000155806621531552
0.000894096104422187
0.00196705306674706
0.00273463141390584
0.00334586892851159
0.00385977316837597
0.00340747018903634
0.00185563878465707
0.00148917394528821
0.000594704939648384
0
0
0
0
0
0
0
0
0
0
0
0
0
0
0
0
0
0
0
0
0
0
0
0
0
0
0
0
0
0
0
0
0
0
0
0
0
0
0
0
0
0
0
0
0
0
0
0
0
0
0
0
0
0
0
0
0
0
0
0
0
0
0
0
0
0
0
0
0
0
0
0
0
0
0
0
0
0
0
0
0
0
0
0
0
0
0
0
0
0
0
0
0
0
0
0
0
0
0
0
0
0
0
0
0
0
0
0
0.0471838546804117
0.0637255756720743
0.0478523351671108
0.0301287145207029
0.018264520002191
0.0114193600116635
0.00843259595918571
0.00714364863100131
0.00562554093970868
0.00421352331809804
0.00332274625232694
0.00244760549059558
0.00191519274349229
0.00152202893603196
0.00125567826180532
0.00120041619343273
0.000742701086724804
0.000480478687017344
0.000361353877000471
0.000211585468879094
9.18687382527371e-05
0.000228198177109455
3.81132434103783e-05
-0.000131663860678792
-1.61566884577536e-05
8.7568730229091e-05
0.0011853400459557
0.00162137338329051
0.00123395885210245
0.000476968043715438
0.000309543331896369
9.73140916469465e-05
0.000175978058530013
0.000911447397142138
0.00201284778671658
0.00281971355145994
0.00343907475421692
0.0039688885989536
0.00350016583296455
0.00188353036310309
0.00150870801236958
0
0
0
0
0
0
0
0
0
0
0
0
0
0
0
0
0
0
0
0
0
0
0
0
0
0
0
0
0
0
0
0
0
0
0
0
0
0
0
0
0
0
0
0
0
0
0
0
0
0
0
0
0
0
0
0
0
0
0
0
0
0
0
0
0
0
0
0
0
0
0
0
0
0
0
0
0
0
0
0
0
0
0
0
0
0
0
0
0
0
0
0
0
0
0
0
0
0
0
0
0
0
0
0
0
0
0
0
0
0.047374708173685
0.0639046214806255
0.047898569634369
0.0301624270663473
0.0183154099007812
0.011473538787647
0.00849540017827755
0.00721801953926616
0.00566916617656796
0.00421472424478574
0.00332197351366075
0.00244170485122452
0.00190406081085006
0.00151472827407983
0.00124521252092375
0.00117813163421034
0.000720014707090392
0.000463066309088611
0.000342454495691022
0.000196904771382104
7.73755802593768e-05
0.000209486260114535
2.82749271188603e-05
-0.000147231125003171
-1.57023809838563e-05
9.54543151633851e-05
0.00122187051818962
0.00167431314900781
0.00128486426855648
0.000521169375355356
0.000359510572810275
0.000128415605859188
0.00020011421921677
0.000930264086284022
0.00205137433309038
0.00289539158980106
0.00353089862724847
0.00407150055559107
0.00359626232259438
0.00191043249656459
0.00152354338365181
0
0
0
0
0
0
0
0
0
0
0
0
0
0
0
0
0
0
0
0
0
0
0
0
0
0
0
0
0
0
0
0
0
0
0
0
0
0
0
0
0
0
0
0
0
0
0
0
0
0
0
0
0
0
0
0
0
0
0
0
0
0
0
0
0
0
0
0
0
0
0
0
0
0
0
0
0
0
0
0
0
0
0
0
0
0
0
0
0
0
0
0
0
0
0
0
0
0
0
0
0
0
0
0
0
0
0
0
0
0.0475725393174815
0.0640947057016626
0.0479454158170563
0.0301953827294932
0.018362148381784
0.0115263121489418
0.00856167676042774
0.00729572496729784
0.00571519642310519
0.0042149106229518
0.00332104402583255
0.00243537692155812
0.00188954034212426
0.00150413873391578
0.00123208007951421
0.00115421774148468
0.000694260334176582
0.000441362063768167
0.000321668159770253
0.000178631874131974
5.94779004345369e-05
0.000187959110968211
1.44200688082226e-05
-0.000164885777321936
-2.55745644343988e-05
9.97143646754625e-05
0.00125857051856095
0.00172874575957456
0.00133415943509659
0.000565171374320824
0.000406789574782701
0.000162684304416858
0.000225491012156875
0.000952871214870199
0.00209063701242799
0.0029671721781358
0.00361819245037544
0.00417436064420781
0.0036898058572338
0.00194025566486709
0.00153897706198243
0
0
0
0
0
0
0
0
0
0
0
0
0
0
0
0
0
0
0
0
0
0
0
0
0
0
0
0
0
0
0
0
0
0
0
0
0
0
0
0
0
0
0
0
0
0
0
0
0
0
0
0
0
0
0
0
0
0
0
0
0
0
0
0
0
0
0
0
0
0
0
0
0
0
0
0
0
0
0
0
0
0
0
0
0
0
0
0
0
0
0
0
0
0
0
0
0
0
0
0
0
0
0
0
0
0
0
0
0
0.0477822275197558
0.0642917251715696
0.0479981308371908
0.0302280801765024
0.0184092249865293
0.011576232142192
0.00862690981025251
0.00737639715804402
0.00576253182641253
0.00421674389397694
0.00331886045418642
0.00242797218888179
0.00187516775815631
0.00148819433696698
0.00121348860864964
0.00112751813828177
0.000666289608380407
0.000417838389285491
0.00029783885551037
0.000157779631017604
3.68718502052254e-05
0.000160277149928355
-2.78978047957626e-06
-0.000185877671531388
-3.67009349449489e-05
9.90755940178934e-05
0.00129435334240158
0.00178027055392551
0.00138183011020253
0.000605137449824519
0.000455163134299286
0.000194984531279711
0.000252473387410903
0.00097737594481308
0.00213313196147027
0.00303841998881537
0.00370136113794349
0.00427250608649638
0.0037814296023511
0.00196740926827536
0
0
0
0
0
0
0
0
0
0
0
0
0
0
0
0
0
0
0
0
0
0
0
0
0
0
0
0
0
0
0
0
0
0
0
0
0
0
0
0
0
0
0
0
0
0
0
0
0
0
0
0
0
0
0
0
0
0
0
0
0
0
0
0
0
0
0
0
0
0
0
0
0
0
0
0
0
0
0
0
0
0
0
0
0
0
0
0
0
0
0
0
0
0
0
0
0
0
0
0
0
0
0
0
0
0
0
0
0
0
0.0479713706101722
0.0645033181567669
0.0480496793471261
0.0302610426014396
0.0184478941013604
0.0116179635920894
0.00867925108394612
0.0074486218155959
0.00581443111965682
0.00422408068090051
0.00332064199412381
0.0024228767309676
0.0018611682009709
0.00147363862399551
0.00119119080987522
0.00109650045323292
0.000639532749282423
0.000396001569366834
0.000274663029966029
0.000136231663380346
1.54940975121935e-05
0.000127916595870558
-1.92655157736921e-05
-0.000208357561549502
-6.12455794428536e-05
8.38570303940728e-05
0.00127167946515538
0.00180841340528209
0.00142738957321793
0.000643812364919154
0.000504301908452172
0.000232733104695836
0.000279516264697848
0.00100470506277595
0.00217056527025901
0.00311426694583378
0.00378621443624666
0.00436253685634341
0.0038650326695807
0.00199292593349449
0
0
0
0
0
0
0
0
0
0
0
0
0
0
0
0
0
0
0
0
0
0
0
0
0
0
0
0
0
0
0
0
0
0
0
0
0
0
0
0
0
0
0
0
0
0
0
0
0
0
0
0
0
0
0
0
0
0
0
0
0
0
0
0
0
0
0
0
0
0
0
0
0
0
0
0
0
0
0
0
0
0
0
0
0
0
0
0
0
0
0
0
0
0
0
0
0
0
0
0
0
0
0
0
0
0
0
0
0
0
0.048167842757611
0.0646622316401719
0.0481040606830491
0.0302927944171201
0.018481542278452
0.0116545299148375
0.00872776438393938
0.00750993788443452
0.00586150344388508
0.00423626180195445
0.0033311625856566
0.00242073946078095
0.00185068654053528
0.00145974949806653
0.00117117241907139
0.00106605236675506
0.00061365124592323
0.000377831756394453
0.000254662028296227
0.000116095179699531
-5.69853301976331e-06
0.000101532066016666
-4.41835287428003e-05
-0.000224710959057127
-8.49706791129546e-05
5.73258916566956e-05
0.00122060727984657
0.00173759089441464
0.00142434038199085
0.000680413542281079
0.000551460482933272
0.000272626786129799
0.00031300481303749
0.00103063014262889
0.00221056367562952
0.00317287031207224
0.00387688805057058
0.00445689014850927
0.00394824836777243
0.00201817818130456
0.00157877252385389
0
0
0
0
0
0
0
0
0
0
0
0
0
0
0
0
0
0
0
0
0
0
0
0
0
0
0
0
0
0
0
0
0
0
0
0
0
0
0
0
0
0
0
0
0
0
0
0
0
0
0
0
0
0
0
0
0
0
0
0
0
0
0
0
0
0
0
0
0
0
0
0
0
0
0
0
0
0
0
0
0
0
0
0
0
0
0
0
0
0
0
0
0
0
0
0
0
0
0
0
0
0
0
0
0
0
0
0
0
0.0483735626434534
0.0648360064650596
0.0481426904791215
0.030328327917449
0.0185132193310633
0.0116902885829238
0.00877310589831545
0.00756860548729215
0.0059029888092913
0.00424570209419027
0.00334536520651618
0.00242239257857675
0.00184111950143283
0.00144792474415986
0.00115099272073991
0.00103652131967751
0.000585204132119699
0.000355695568064188
0.000233968705671892
9.61633758770211e-05
-2.76266074306812e-05
7.30193465903875e-05
-6.63127993340329e-05
-0.000246042138041506
-0.000107916082946624
2.89959110939911e-05
0.00116300515764799
0.00165714343849653
0.00138425497547589
0.000699520338561129
0.000599345690589968
0.000312312452400507
0.000347629146118241
0.00106040781005119
0.00224874759032624
0.00323158778218924
0.00396188877245033
0.00455467124897352
0.00403386282176416
0.00204280854706665
0.00159326581484946
0.000701614800776612
0
0
0
0
0
0
0
0
0
0
0
0
0
0
0
0
0
0
0
0
0
0
0
0
0
0
0
0
0
0
0
0
0
0
0
0
0
0
0
0
0
0
0
0
0
0
0
0
0
0
0
0
0
0
0
0
0
0
0
0
0
0
0
0
0
0
0
0
0
0
0
0
0
0
0
0
0
0
0
0
0
0
0
0
0
0
0
0
0
0
0
0
0
0
0
0
0
0
0
0
0
0
0
0
0
0
0
0
0.0485770076518213
0.0650199466691194
0.0481870713265695
0.0303383216176881
0.0185486454801474
0.0117250485733701
0.00881759463792969
0.00762610717419408
0.00594334663250123
0.0042513831802839
0.00335242377009716
0.0024209098483344
0.00183136379221048
0.00143123921932261
0.00113172509482245
0.00100783708659083
0.000558880226956731
0.000333586156794026
0.0002123675969103
7.68294457201421e-05
-4.82784174271804e-05
4.48455608182171e-05
-8.98151287000884e-05
-0.000265834425377727
-0.000138576034420091
3.6463651885657e-06
0.00110209568438436
0.00157147201573202
0.00132570722859907
0.000673696093032112
0.000624480044307227
0.00035097331048253
0.000381625126390045
0.00109044118481663
0.00229088353867406
0.00328921198539833
0.00404800306318167
0.00464461375833763
0.00412168458687824
0.00206901200794455
0.00160878850537773
0.000715172465853406
0.000347028265939606
0.000137770672421485
5.60429426180536e-05
1.41552578514077e-05
-2.9054532434344e-06
-7.70241985292015e-06
-5.19632555198877e-06
4.93978048922482e-06
-6.48966269590291e-06
1.75411462417261e-06
-1.80593909523531e-05
-1.97417238874205e-05
-1.50910821931947e-05
-9.29240105582439e-06
-1.52302556573445e-05
-1.48176202701829e-05
-1.39876226172495e-05
-7.77524837732091e-06
-1.76454014260394e-06
-1.63281009417038e-05
-1.45421186979859e-05
-5.17517429595553e-06
5.18453905661524e-06
0
0
0
0
0
0
0
0
0
0
0
0
0
0
0
0
0
0
0
0
0
0
0
0
0
0
0
0
0
0
0
0
0
0
0
0
0
0
0
0
0
0
0
0
0
0
0
0
0
0
0
0
0
0
0
0
0
0
0
0
0
0
0
0
0
0
0
0
0
0
0
0
0
0
0
0
0
0
0
0
0
0
0
0
0
0.048786096465875
0.065205062507219
0.0482341789760793
0.0303502136023413
0.018549915235643
0.0117606340960897
0.00886253230127705
0.00768203240394382
0.00598177939623367
0.00425546368283381
0.00335600969279644
0.00241464042855643
0.00181922663953183
0.00141532740799351
0.00110981481309053
0.000980369247863136
0.000533474774690179
0.000313593370390028
0.000191859104952427
5.73896950685551e-05
-6.85250780166464e-05
1.88629531086785e-05
-0.000112625326977264
-0.000286969701729081
-0.000168033489247522
-2.87823706915419e-05
0.00104503482334143
0.00148389874233483
0.00126219958602216
0.000627261127015953
0.000597575693972398
0.000362986024825483
0.00041336011943338
0.00111976296841704
0.00233256129547657
0.00334986542178596
0.00413304116679764
0.00473581319006628
0.00419989815980481
0.002097826546758
0.00162650560360713
0.000728808849163814
0.000366721857944061
0.000146083748006757
5.38189839171234e-05
1.94877235790731e-06
-2.17947963866998e-05
-2.6455279161462e-05
-1.87031054265092e-05
5.40409301109683e-06
-9.69505119077292e-06
9.99945183738609e-07
-3.58633087427432e-05
-5.01523733370074e-05
-4.16342106485671e-05
-2.59960367507244e-05
-3.5339104416061e-05
-3.73910766859631e-05
-3.52423051120301e-05
-2.2221576632874e-05
-9.73748806018967e-06
-3.3980803908354e-05
-4.08692196438034e-05
-2.54517449986099e-05
7.64774743750888e-06
5.82045477611644e-06
2.73138196811683e-05
3.25202492775489e-05
0
0
0
0
0
0
0
0
0
0
0
0
0
0
0
0
0
0
0
0
0
0
0
0
0
0
0
0
0
0
0
0
0
0
0
0
0
0
0
0
0
0
0
0
0
0
0
0
0
0
0
0
0
0
0
0
0
0
0
0
0
0
0
0
0
0
0
0
0
0
0
0
0
0
0
0
0
0
0
0
0
0
0.0489995159474417
0.0653750412316064
0.0482564889315392
0.0303587175879334
0.0185543765683988
0.0117673001832874
0.00891041312368117
0.00774192443175217
0.0060206310189068
0.00425698674243897
0.00335652127436276
0.00240633981255943
0.00178833332585482
0.00137950115732509
0.00107858505292905
0.000937442256555133
0.000504566984895485
0.00029624561401118
0.000174578492161597
4.12041492838368e-05
-8.5716024996022e-05
-4.46903630184824e-06
-0.000131514120325274
-0.000306099612430996
-0.000197259943688115
-5.76157670249051e-05
0.00097647536156609
0.00140409825182126
0.00119092300184236
0.000575840629312293
0.00053954620332638
0.000330080396955592
0.000420792318854294
0.00114688649621324
0.00237473029636797
0.00341265999016057
0.00422321784149275
0.00482838960678376
0.00428118413099405
0.00211910682576161
0.00164537832856005
0.000741713998562838
0.00038833868719527
0.000154388595836726
5.73788139276824e-05
-8.22729535257757e-06
-3.8542485102017e-05
-4.50393526627967e-05
-3.16503422922228e-05
6.30397311782898e-06
-1.21525721414605e-05
5.32033006222497e-06
-5.05166813111231e-05
-7.75777938849682e-05
-7.15425810850757e-05
-4.67355215809541e-05
-5.48824726745853e-05
-6.06807663517173e-05
-5.84574457962712e-05
-4.91651681499033e-05
-1.88062309604831e-05
-5.36185722411716e-05
-6.61341512226247e-05
-5.078305445189e-05
1.07405608397091e-07
1.19599300614034e-05
4.44108902122708e-05
6.55024092676464e-05
2.97130589192565e-05
2.72937721853589e-06
0
0
0
0
0
0
0
0
0
0
0
0
0
0
0
0
0
0
0
0
0
0
0
0
0
0
0
0
0
0
0
0
0
0
0
0
0
0
0
0
0
0
0
0
0
0
0
0
0
0
0
0
0
0
0
0
0
0
0
0
0
0
0
0
0
0
0
0
0
0
0
0
0
0
0
0
0
0
0
0
0.049229600647027
0.0655518333773788
0.0482811723791773
0.0303648095371191
0.0185582689975166
0.0117749166278316
0.00893567974593643
0.00780249371070313
0.00606082523911707
0.00425948958147422
0.00335524297869993
0.00239753425898971
0.00175539486006763
0.00134420452915893
0.00104632860892896
0.000894041646670442
0.000477996271282552
0.000279052123165191
0.000157224929549462
2.64385397441967e-05
-9.99858010618289e-05
-2.71317905880966e-05
-0.000150245883239454
-0.000322539131984466
-0.000227185055617234
-8.92959955645256e-05
0.000908519097713314
0.00132317913924876
0.00112348841153899
0.000525932124647861
0.000478089817303314
0.000288247284036549
0.000395811998233146
0.00115704288936317
0.00241397533265963
0.00347535316710782
0.00431371909926215
0.00492511925263501
0.00436348560851259
0.0021408648146886
0.00165768867143753
0.000757128056361772
0.000410377658311864
0.000160760678340088
5.66731366159484e-05
-1.51508576294245e-05
-5.58978504600702e-05
-6.13525440169115e-05
-4.61687558936408e-05
4.69718852899649e-06
-1.38231267447815e-05
8.76587122392631e-06
-6.40153432345831e-05
-0.000103842004989166
-0.000104625044526807
-7.04562706752347e-05
-7.73464852872596e-05
-8.09722547555215e-05
-8.10278061758887e-05
-7.70785887414275e-05
-2.73457578470021e-05
-7.3579789218872e-05
-9.32434493491259e-05
-7.82270856095189e-05
-1.40055835430513e-05
7.8976413512938e-06
5.91298153731172e-05
9.80406066257043e-05
5.37032518906328e-05
1.53913848943093e-05
1.51348339404816e-05
4.33111794959299e-05
1.54292569491146e-05
0
0
0
0
0
0
0
0
0
0
0
0
0
0
0
0
0
0
0
0
0
0
0
0
0
0
0
0
0
0
0
0
0
0
0
0
0
0
0
0
0
0
0
0
0
0
0
0
0
0
0
0
0
0
0
0
0
0
0
0
0
0
0
0
0
0
0
0
0
0
0
0
0
0
0
0
0
0.0494510814817796
0.0657382023514007
0.0483057673317624
0.0303712578740134
0.0185554839815633
0.0117838516744994
0.00896105858974622
0.00782926004917168
0.00610193991165342
0.00426239143265007
0.00335429586460682
0.00238888725114408
0.00172373571380882
0.00130619882992258
0.00101512311205505
0.000850629446771934
0.000452272382825195
0.000263492139289119
0.000139587823389454
9.60470954882432e-06
-0.000111286335911476
-5.13943187420118e-05
-0.000165075740848226
-0.000335492558137169
-0.000255451647879104
-0.000120466711442409
0.000839550772550033
0.00124536933106026
0.00105846794048654
0.000486546094651972
0.00042205799035421
0.000243953666808283
0.000363034792360279
0.0011218056726142
0.00242820461921581
0.00353344581120942
0.00440212133979198
0.00501812196132167
0.0044453327956689
0.00215941385133486
0.00167410593939605
0.000763690126455452
0.000437657163349706
0.000170034956877624
5.80407773009205e-05
-2.41790106230834e-05
-6.60864128547828e-05
-7.76475369279471e-05
-6.01246572798983e-05
3.27319290252822e-06
-1.53650667403306e-05
1.39096737686759e-05
-7.74738045483256e-05
-0.000127576557110905
-0.000135716741267084
-9.45444656740109e-05
-0.000102126374390491
-0.000102668398084405
-0.000104858758501159
-0.000103868795713835
-3.73999860508793e-05
-8.91519469019152e-05
-0.000116430137169189
-0.000103696866592099
-3.00359191393204e-05
-7.19218970466993e-08
5.72258711921591e-05
0.000130794313705214
7.87043492403419e-05
2.5651157812034e-05
2.68050716007356e-05
6.72883267056692e-05
2.15833816391159e-05
3.37790587784432e-05
-1.72009341777574e-06
-1.55768785113912e-06
-4.8016408146726e-06
3.22547136664782e-06
-4.85157302205823e-06
-7.56782166132867e-06
0
0
0
0
0
0
0
0
0
0
0
0
0
0
0
0
0
0
0
0
0
0
0
0
0
0
0
0
0
0
0
0
0
0
0
0
0
0
0
0
0
0
0
0
0
0
0
0
0
0
0
0
0
0
0
0
0
0
0
0
0
0
0
0
0
0
0
0
0
0
0.0496748838936831
0.065905710890832
0.0483327529900961
0.0303766562402128
0.0185524174543442
0.0117821668517671
0.00898748903368383
0.00785258068643578
0.00606338313002081
0.00426285238023195
0.00335367553440308
0.00237339218386042
0.00169037872034204
0.00126923250783784
0.000978267865884924
0.000807143866585034
0.00042641015489867
0.000252162339298717
0.000123030847217474
-6.7123446369818e-06
-0.000122960732693438
-6.96223755380354e-05
-0.000174394379314729
-0.000339126208734175
-0.000278377674675539
-0.000147589899735007
0.000772628885011074
0.00116764280186104
0.000999272757649317
0.000448409645195317
0.00038403327690797
0.000209030454350998
0.000325078158234996
0.00105794712477125
0.0023378717727642
0.0035346908955419
0.00448399321146325
0.00510853827868488
0.00452393739925838
0.00217912456656209
0.00168866792068743
0.000775014057977083
0.000443330142288289
0.000185573832898331
6.3845873052811e-05
-3.07376432621437e-05
-7.7411038321399e-05
-8.54843414334392e-05
-7.47515703421834e-05
9.53610781048685e-07
-1.38317462270035e-05
2.72320469367142e-05
-8.32708950347796e-05
-0.000146145498076468
-0.000162232877064008
-0.000110180358758458
-0.000121448724964583
-0.000122794222479667
-0.000124583623583304
-0.000124754468406018
-4.09682781840229e-05
-0.000103976953835921
-0.000135296296666674
-0.000125331325866578
-4.99775222497541e-05
-1.29209901071474e-05
4.74772058242049e-05
0.000125491871153288
0.000104939015384899
3.82555786357185e-05
3.54656577098043e-05
8.99240773556623e-05
3.20506833261125e-05
2.47288704178608e-05
1.16279063267498e-05
2.46687079757628e-06
-4.49195474692734e-06
9.6640613988266e-06
-1.30285565682994e-06
-1.75982068468781e-05
-1.62864883378016e-05
-3.24720046220934e-05
-3.28055868634518e-08
-1.06492468899745e-05
2.18942918893048e-05
3.83624212053962e-05
1.62628625177624e-05
-2.38015327261045e-06
0
0
0
0
0
0
0
0
0
0
0
0
0
0
0
0
0
0
0
0
0
0
0
0
0
0
0
0
0
0
0
0
0
0
0
0
0
0
0
0
0
0
0
0
0
0
0
0
0
0
0
0
0
0
0
0
0
0
0
0
0
0
0.0499049874712403
0.0660756664056908
0.048346604393705
0.0303830852677677
0.0185462585584948
0.0117772946668403
0.00900959691561148
0.00788016342038109
0.00602290054180843
0.0042124216193858
0.00335389039301412
0.00235562201750444
0.00164974527845953
0.00123204912402901
0.000943353985012144
0.000759669159564229
0.000397195192585892
0.00024046825215875
0.000108671630408104
-2.68612678057281e-05
-0.000133928172044496
-8.66864961478818e-05
-0.000182067261899164
-0.000338793307825481
-0.00029522075987072
-0.000173046106794402
0.00070649486354023
0.0010895898801234
0.000939050038912184
0.000413129225090155
0.000343829904796624
0.000185311917814593
0.00029201769930368
0.000991301752798429
0.00222607031303339
0.00347217168655889
0.00453028285678801
0.00519356909406877
0.00459918445106181
0.00219597260132679
0.00170496066875879
0.00078469905408449
0.00045382013824948
0.000186412566103932
6.89578811404077e-05
-3.57110856955976e-05
-8.67367590544059e-05
-9.43628161328518e-05
-8.1786169050265e-05
-1.54610498669059e-07
-1.73383826136614e-05
4.50170604513031e-05
-7.98854891094064e-05
-0.000162801276257977
-0.000183285935285223
-0.000125893505437151
-0.000135344257132533
-0.000140985058768553
-0.000142529546640258
-0.000140292966088849
-3.9177445107545e-05
-0.00011386046088807
-0.000152492975331028
-0.000145543673841229
-6.86737794124059e-05
-3.07946668431838e-05
3.41589526918213e-05
0.000116594337544826
0.000107710244466069
5.2185803673745e-05
4.7625168665931e-05
0.000110305218333441
4.15635048262509e-05
1.61288774408041e-05
2.58529372675026e-06
1.17711699065773e-05
-6.58658294156568e-07
1.36315868645345e-05
4.03093261482531e-06
-2.17845040471614e-05
-2.75997239110797e-05
-5.09126946247298e-05
-3.66919502855886e-06
-1.94474899173618e-05
3.56974476929871e-05
8.81441278476499e-05
5.67495991427962e-05
5.89993615295813e-06
-3.86130209717535e-05
-3.44400819878516e-05
-1.1523463272686e-05
-8.1967930100664e-06
-5.68796347526407e-08
-2.38957198398834e-07
-2.17148230230805e-06
-8.42141385695521e-06
-1.77094205448923e-06
-4.36405127308723e-06
-2.1316311340609e-06
4.31654876125916e-05
9.76213457702467e-06
5.74413874743551e-06
3.26675549165526e-05
4.30371227680032e-06
-7.2802637021882e-06
-7.80515159084759e-06
-1.19826105467631e-05
-1.73215238120647e-06
7.72624721049661e-07
1.26244619901226e-05
5.28222901513472e-05
0
0
0
0
0
0
0
0
0
0
0
0
0
0
0
0
0
0
0
0
0
0
0
0
0
0
0
0
0
0
0
0
0
0
0
0
0
0
0
0.0501386243535736
0.066249025666999
0.0483629036800047
0.030375031102869
0.0185414284352544
0.0117698374431749
0.00902844022256865
0.0079071435089526
0.00598096901887527
0.00415923927150605
0.00331593004318212
0.00233732531988689
0.001607057930866
0.00119035285261278
0.000909080565323935
0.000714860922532521
0.000365298963725143
0.000227155330233221
9.38681317483521e-05
-4.47888128675252e-05
-0.000147546713831427
-0.000102820947801676
-0.000187883296548415
-0.000336468545621755
-0.000308561652748827
-0.000192798013989796
0.000642380744573445
0.00101210906574751
0.000879093761299467
0.000376654789115805
0.00030595602053662
0.000158853517087751
0.000261776495448342
0.000928879715935007
0.00211241144678633
0.00339590926526876
0.0045307417187194
0.00525322520264196
0.0046723417190872
0.00221017615226162
0.00171861690238932
0.000794368725018704
0.000463265890493325
0.000186985032453786
6.17811615813875e-05
-4.27760544367635e-05
-9.66774186887357e-05
-0.000102870623760333
-9.11769102001573e-05
-2.98389965272399e-06
-1.95681277814818e-05
6.04690621952323e-05
-7.2292585679915e-05
-0.000170081559802178
-0.000201355378445278
-0.00013623761277761
-0.000147963111959539
-0.000152709309834798
-0.000159880593707061
-0.000154153612603266
-3.04794620006911e-05
-0.000117214939854571
-0.000161245942869118
-0.00016442980322729
-8.52798275336238e-05
-4.69016864682115e-05
1.80161718066128e-05
0.000105104259878024
0.000108599084272412
4.78364802124293e-05
5.91773345119339e-05
0.000128424295413296
4.88071026645055e-05
6.61712490492173e-06
-5.46085399382556e-06
4.1048685065718e-06
4.65122777484766e-06
1.5898356535252e-05
8.20348539288649e-06
-2.36023141508372e-05
-3.9007435339397e-05
-7.15174404623095e-05
-7.20417805367449e-06
-3.03875378108306e-05
5.03056795478217e-05
0.000130889524032698
0.000104114101575386
2.85359854087392e-05
-5.18367851124298e-05
-5.68687205264849e-05
-2.86451535525346e-05
-2.40432283402303e-05
-7.53556930363153e-06
1.2403143914954e-06
-3.12298718204151e-06
-1.77363820835338e-05
-1.21981904694472e-05
-1.00399889965853e-05
-6.99842196882209e-06
8.51752015348638e-05
4.56859298169334e-05
1.75302989359937e-05
6.73859469735061e-05
2.7630040458696e-05
-1.36495246693361e-05
-2.03740383770991e-05
-2.62822615473073e-05
-1.45162549634674e-05
3.76533898291853e-07
2.66300999153095e-05
0.000114791013918705
3.52625611532208e-05
0
0
0
0
0
0
0
0
0
0
0
0
0
0
0
0
0
0
0
0
0
0
0
0
0
0
0
0
0
0
0
0
0
0
0
0
0
0
0.0503797979996519
0.0664359171979226
0.0483822112320604
0.0303686993216166
0.018529664522841
0.0117651599834299
0.00904777899185429
0.00793946061393164
0.00594193245571749
0.0041113387597259
0.00328021790839263
0.0022864612625919
0.00156386422999661
0.00113829078325818
0.000872647123169447
0.000669367812236837
0.000336099102848488
0.000213040101480741
8.22056944609209e-05
-5.88992828327544e-05
-0.000159317042025811
-0.000116206281976776
-0.000194291375724745
-0.000335532597416025
-0.000321127673600736
-0.000217478404457796
0.000576398376380539
0.000933613624826389
0.000818253642147722
0.00034062084656717
0.000265775587611971
0.000135528858242907
0.000228781586567339
0.00085742044735233
0.00200329789789922
0.00331617416004638
0.00451901742178046
0.00527404838727828
0.00472312433962188
0.00221220776600414
0.00172092545588665
0.000793197392696042
0.000470148761294153
0.000186483656038484
5.76387047033822e-05
-5.66251206451544e-05
-0.000102801224789639
-0.000110929874461317
-9.94605880091504e-05
-9.03284642747924e-06
-2.29315824355722e-05
8.25913961873717e-05
-6.11120484315221e-05
-0.000172194925451076
-0.000210183792190229
-0.000143685946930094
-0.00015629226971363
-0.00016057986054424
-0.000172203456922577
-0.000169088253204639
-2.08963039237986e-05
-0.000114525127500082
-0.000164136647228296
-0.000175294525942025
-0.000100702451445869
-5.98967894117367e-05
3.17631251993154e-06
9.12998152564172e-05
0.000107568169191086
4.19265193169768e-05
5.82301506264575e-05
0.000147092470891457
5.66671368106877e-05
-6.5383766648664e-06
-1.51722381522492e-05
-5.82391519409338e-06
-5.78006178785124e-06
2.29072896685009e-05
1.47704580748294e-05
-2.30292196272787e-05
-4.81955881682847e-05
-8.79222974989898e-05
-1.25414511800565e-05
-4.19032988984678e-05
5.82812278326396e-05
0.000169547873063022
0.000142591452745525
5.49179241142476e-05
-5.8065917634312e-05
-7.52221197473276e-05
-4.49031620335969e-05
-3.93716998117993e-05
-1.79042698502747e-05
-1.68405561358025e-06
-5.09676938969278e-06
-2.42849509427536e-05
-2.11090849502497e-05
-2.317635275578e-05
-1.14539680009403e-05
0.000122492466757919
6.9497515214431e-05
3.01722730755036e-05
8.03090315558301e-05
5.30129792522572e-05
-5.44422899135065e-06
-3.01158447708354e-05
-4.13982233004019e-05
-2.79439627010976e-05
-1.1259490595973e-05
4.01490851344794e-05
0.000177952562482862
7.47343478983555e-05
5.99515899930244e-06
1.4688016736376e-05
0
0
0
0
0
0
0
0
0
0
0
0
0
0
0
0
0
0
0
0
0
0
0
0
0
0
0
0
0
0
0
0
0
0
0
0
0.0506229636199472
0.0666192191530652
0.0484092483045791
0.030365899494462
0.0185179040466871
0.0117499701712882
0.00906570149419617
0.00797335255523231
0.00590280555672422
0.00406256981723625
0.00325201817457657
0.00223954948223951
0.00150154721307827
0.00108826455531631
0.0008256486406512
0.000623737034369274
0.000308836598975382
0.000202726988728855
7.12737961884561e-05
-7.77213914498054e-05
-0.000170334545352027
-0.000128604692452382
-0.000199040175375006
-0.000334307766456838
-0.000333109663255854
-0.000241128012981037
0.000505784697804723
0.000848654255704243
0.000751743008032904
0.000304364960358708
0.000226116766842397
0.000109697987249932
0.000199932303158186
0.000785330562144704
0.001882313605225
0.00323980985110355
0.00450437322175248
0.00526621812647647
0.00474277233333461
0.00219899809867493
0.00171273881820859
0.000781597778750987
0.000469645483838644
0.000185773482988603
5.52480163188555e-05
-6.35352987830549e-05
-0.00010947854825119
-0.000113359986474877
-0.000106311150767365
-1.72107864444478e-05
-2.75183272000934e-05
0.000101945584391295
-4.63945019278087e-05
-0.000168042914292709
-0.000211479238845512
-0.000138678733386425
-0.000159664446692918
-0.000162436552852205
-0.000179847462602575
-0.000179068445373203
-9.42875943779688e-06
-0.000109658464842806
-0.000165333934345424
-0.000181257084338964
-0.000110454561281616
-7.04586432471794e-05
-2.41574251096479e-05
6.60880533768195e-05
8.78742655600037e-05
3.41793568151175e-05
5.44208002657523e-05
0.000161908009741826
6.88135463969553e-05
-1.54697957394276e-05
-2.71451225467107e-05
-1.67290422211507e-05
-1.79919398157613e-05
1.47537809467821e-05
1.62780212961988e-05
-1.90555919159277e-05
-5.4223289135215e-05
-0.000105468265445861
-2.03152006477688e-05
-5.3869358532006e-05
6.77045577350945e-05
0.000199162806338983
0.000179297928797438
7.76688687016069e-05
-6.17238224129874e-05
-9.14374831575689e-05
-5.83884962878126e-05
-5.22926969505677e-05
-2.28274566371999e-05
-4.32549117523889e-06
-8.46790257964854e-06
-3.57409794543121e-05
-2.62693073488305e-05
-3.18788881020212e-05
-1.99313829037796e-05
0.000162745438212864
9.03472040416897e-05
3.19559303091624e-05
8.35794434867568e-05
5.05015288421292e-05
5.85132217273643e-06
-2.67795114081063e-05
-5.05818337820742e-05
-3.76008337667253e-05
-1.98050620097952e-05
4.63557885351814e-05
0.000244159831429379
0.00011740672776252
1.56004695656915e-05
1.43169567642586e-05
4.50210297903238e-05
0.00014447518441464
0
0
0
0
0
0
0
0
0
0
0
0
0
0
0
0
0
0
0
0
0
0
0
0
0
0
0
0
0
0
0
0
0
0
0.0508778773266357
0.0668079579543923
0.0484327310688529
0.030364771368986
0.018506882946004
0.0117354467378597
0.0090783678690181
0.00800873743031622
0.00586373153032706
0.00401263252360151
0.00322266086963424
0.00219469908319887
0.00144107650582094
0.00102309601122392
0.000778616935895713
0.000571467601137968
0.00028031523481657
0.000192056256738713
6.09768186630891e-05
-9.75628193274598e-05
-0.000183878852146763
-0.000141427811756548
-0.00020294757604242
-0.000331980255038453
-0.000346465279289819
-0.00026546525784838
0.000435874042860242
0.000761418700900829
0.000682278050068502
0.000264862429466589
0.000185271991471151
8.31095913594062e-05
0.000169388342737557
0.000716804678416817
0.00176524110703029
0.00316142575703171
0.00449429142632173
0.00525635344522635
0.00474982979608716
0.00216348075162495
0.00169284486817937
0.000762882154040656
0.000463330517564091
0.000178916592660494
5.07901293602779e-05
-7.14323537968509e-05
-0.000113894553039742
-0.000118325559743135
-0.000110890770150099
-2.3951566817147e-05
-3.30901487461686e-05
0.000119890417995902
-3.29214954813701e-05
-0.000161750884448322
-0.000209834325610302
-0.000129288392873008
-0.000156063064374229
-0.000161817836101702
-0.000184305974829557
-0.000186940750867445
3.83113066771521e-06
-0.000106672873660487
-0.000166652525181607
-0.000185730007546626
-0.000117770378008338
-7.79052680261522e-05
-5.05835924372091e-05
3.62680156561682e-05
6.48759902504209e-05
2.08227164955387e-05
5.00821808580064e-05
0.000174859103319676
7.58963914547648e-05
-2.3233781814587e-05
-3.89541335235215e-05
-3.01835919133114e-05
-3.04650384350532e-05
5.7314583258509e-06
8.01200561700321e-06
-1.75779635055107e-05
-5.44297637344125e-05
-0.000122593852347022
-2.83509806361197e-05
-6.56410085796112e-05
7.66591965165695e-05
0.00022881274156559
0.000211129802150437
9.76065230858601e-05
-6.73926319604316e-05
-0.000107341327396424
-7.10042309034793e-05
-6.43782012064826e-05
-2.71606298476915e-05
-3.54627274545672e-06
-1.36847719772216e-05
-4.98213491789022e-05
-3.41587503134217e-05
-3.79505257088557e-05
-2.66982536430623e-05
0.000198975685229288
0.000112014464023001
3.20752540616016e-05
8.01308508067997e-05
4.22617088345448e-05
2.48071106635956e-06
-2.31496152734728e-05
-5.38934208646201e-05
-4.51964287048674e-05
-2.55144840794446e-05
5.46262257489898e-05
0.000304864837530986
0.000161380888947662
2.77664398683116e-05
1.7864676598049e-05
6.5164803412375e-05
0.000226587771332588
0
0
0
0
0
0
0
0
0
0
0
0
0
0
0
0
0
0
0
0
0
0
0
0
0
0
0
0
0
0
0
0
0
0
0.051158357792002
0.0670132116194643
0.048455653020258
0.0303603364238861
0.0184955384758309
0.0117199856883321
0.00909219200572835
0.00804183366356793
0.00582737438572574
0.00396301750623868
0.00319235826260663
0.00214757329790832
0.00137977775090237
0.000957698628161148
0.000719337490483679
0.000517513170273421
0.000245393969744303
0.000179108550642839
4.91214276090286e-05
-0.000117679081767065
-0.000200259116873131
-0.000156556348103556
-0.000208288859749836
-0.000330213603845491
-0.000358988981517311
-0.000291533924740194
0.000364432286348464
0.000673930134684688
0.000610689924282266
0.000222474172496911
0.000140889401632883
5.37595217775549e-05
0.000136688636048315
0.000647318738289905
0.00165700627059383
0.0031001255077172
0.00449783019500619
0.00526202646348563
0.00475580671860856
0.00212251165335725
0.00165434149411067
0.000733357615050248
0.000449932136054927
0.000167587377965538
3.91235977083513e-05
-8.38947340626915e-05
-0.000121947085719699
-0.000123560461074559
-0.000119490620005769
-3.00367872799307e-05
-3.48992270159366e-05
0.000136195590383552
-2.28244108246273e-05
-0.000156504402909816
-0.00020780298203868
-0.000119393149474618
-0.000151840719452079
-0.000160133183939168
-0.000189042952638695
-0.000191571778336154
1.64421769726621e-05
-0.000105300023222336
-0.000173380035741966
-0.000192124686995635
-0.000125380361302228
-8.65525890139648e-05
-7.61202578353627e-05
7.59806720235781e-06
3.94250407818664e-05
6.87174671768098e-06
4.56049838987998e-05
0.000187708378409586
8.03387883126569e-05
-3.78629508401152e-05
-5.2887135573115e-05
-4.59568726644311e-05
-4.63148067416355e-05
-4.82313100404324e-06
-1.26317983698728e-06
-2.44980686175108e-05
-5.75611096760842e-05
-0.000132002164387749
-3.85181571307268e-05
-7.72349542788331e-05
8.92518055528765e-05
0.000259463843810114
0.000243005723830944
0.00011557374227672
-7.36233919770822e-05
-0.000124762903962339
-8.44288670463196e-05
-7.38059692458395e-05
-3.09824438704187e-05
-3.53157148878753e-06
-1.6958962541399e-05
-6.6980947921573e-05
-4.57471267933244e-05
-4.70841428674365e-05
-2.88331740711666e-05
0.000236097205115404
0.000129183039602552
3.26237091647527e-05
7.55097354416066e-05
2.88566666547103e-05
-5.50115884375028e-06
-3.08851742981378e-05
-5.8838878547774e-05
-5.09606253429649e-05
-2.95269835452988e-05
7.10998243125269e-05
0.000368276635860231
0.000199711913881928
3.97839356815461e-05
2.61277934189023e-05
9.52772939511166e-05
0.000309495388480289
0
0
0
0
0
0
0
0
0
0
0
0
0
0
0
0
0
0
0
0
0
0
0
0
0
0
0
0
0
0
0
0
0
0
0.0508432924940533
0.0668431469464959
0.0484809302824557
0.0303514925543123
0.0185031916832261
0.0117220948588348
0.00912677128045624
0.0080461376968942
0.00580571032831493
0.00391622165524757
0.00312989909329442
0.00211702391889841
0.00134334547113199
0.000915273600627646
0.00068246710591101
0.000483819305915238
0.000229728442367862
0.000166755443190692
5.02948339346145e-05
-0.000108067412069658
-0.000190714066299837
-0.000153028486655408
-0.000198594147696649
-0.000309266517514488
-0.000336629474380331
-0.000280667999938354
0.000316896006719498
0.000606590046524646
0.000554239877432162
0.000203818773044288
0.000125871980355182
4.3160321089515e-05
0.000121820087457598
0.000591001436885648
0.0015208901263601
0.00285997219782062
0.00419062190682095
0.00494002886923096
0.00448033177921928
0.00206491839713594
0.00153939259264558
0.000715495770593842
0.0004237546986649
0.000175779712102249
4.69788295122589e-05
-6.72449089696616e-05
-0.000107476128178081
-0.000109668911691245
-0.000105985169202775
-2.86317343765504e-05
-2.83945843012066e-05
0.000112502790076976
-6.21952883023037e-06
-0.000130981136806735
-0.000179713063674971
-0.000103773841654992
-0.000128694510806481
-0.000143319661992321
-0.000166786256254006
-0.000172322254744182
9.35681439230878e-07
-8.34100852478776e-05
-0.000152342239969939
-0.000170692732455969
-0.000113883290345574
-7.94757659185168e-05
-6.97474143807657e-05
-3.52992851420552e-06
2.85933573072888e-05
2.30758732460588e-06
3.35391706673146e-05
0.000156231661084727
8.00622967360877e-05
-2.90548371497627e-05
-4.98875771746097e-05
-3.98640115685718e-05
-3.96896470871812e-05
-2.90180459855197e-06
-1.58562054387379e-06
-2.06603873965911e-05
-4.97887657044427e-05
-0.000111737735178463
-3.7343942929215e-05
-6.49634193779808e-05
6.68559971958422e-05
0.000220195735404666
0.000225033844406529
0.000116281610902363
-4.80275853423676e-05
-0.000108872987842739
-8.18306086838846e-05
-6.71115447971144e-05
-3.29504290680729e-05
-8.41355642864686e-06
-1.48189198401723e-05
-5.30753259902507e-05
-4.67368051862881e-05
-4.07685034486052e-05
-2.71602635224447e-05
0.000175998776500206
0.000131043702447673
3.88612414886734e-05
6.06958004279627e-05
2.83282151131846e-05
-4.96255047416433e-06
-2.29151833031797e-05
-4.50379142570692e-05
-4.24018221520619e-05
-2.64917755757347e-05
4.27073742256866e-05
0.000260400055470236
0.000195964544487238
5.64153915482096e-05
2.25658489365735e-05
0
0
0
0
0
0
0
0
0
0
0
0
0
0
0
0
0
0
0
0
0
0
0
0
0
0
0
0
0
0
0
0
0
0
0
0
0.0505440998559925
0.0664859238702791
0.0483916831056674
0.0303466350217418
0.0185083353377175
0.0117302223915446
0.00915855006068186
0.008049788246391
0.00577437522439606
0.00386908941287657
0.00307041911329369
0.00207530520022405
0.0013094713709765
0.000880795273379899
0.000647171950747312
0.000457527535474566
0.00021979682180263
0.000159351695781585
5.04701417122118e-05
-9.48760399089764e-05
-0.000170093970430047
-0.000139426089676932
-0.000182996422538588
-0.000283593509550773
-0.000307679569315548
-0.000256580531017919
0.000283830789290295
0.000548551866375444
0.000505172324938882
0.000190534332503944
0.000119836241697392
4.33209619960704e-05
0.000113254672630444
0.000540482482858563
0.0013890060950131
0.00261156673490871
0.00383003182411273
0.00452221262297117
0.00409948271798255
0.00192094905082416
0.0014187417856316
0.000672789496821166
0.000396132416328562
0.000175869759068458
6.06325549673801e-05
-4.33286035272564e-05
-8.39871817372245e-05
-8.92961971653501e-05
-8.69440300457302e-05
-2.52676384574829e-05
-2.26771935135815e-05
9.00103456860338e-05
-2.12537748201812e-06
-0.000104600044466078
-0.000146648742507796
-8.71098151565248e-05
-0.00010549516557859
-0.000119679754348754
-0.000139996965712744
-0.000144819721187801
-6.27003919887905e-06
-6.86571466537225e-05
-0.000124066405357986
-0.0001403365190018
-9.60170095606225e-05
-6.65812192694959e-05
-5.82111834161277e-05
-4.44987953337307e-06
2.33796051299403e-05
3.75670303309763e-06
2.4937373809179e-05
0.000123656808012389
6.70586623056405e-05
-1.97764603144563e-05
-3.98461537052278e-05
-3.18878878783554e-05
-2.93612868784953e-05
-6.80262218535388e-08
1.12338067461984e-06
-1.55299786316247e-05
-3.88544626656142e-05
-8.98293006142129e-05
-3.05145928565839e-05
-5.0348209963153e-05
5.13889728694374e-05
0.000169610109631367
0.000180353188633102
0.000101027764185917
-2.69822492619259e-05
-8.02308143840322e-05
-6.53823029156195e-05
-5.41366975031103e-05
-2.89220530195581e-05
-9.64495088662272e-06
-1.28304233973432e-05
-3.71923932875319e-05
-3.51097586888908e-05
-3.31998460960937e-05
-2.16693113262225e-05
0.000115687210088393
0.000100898768529982
3.9310123950817e-05
4.6272797813993e-05
2.53324815286222e-05
5.76166042100217e-07
-1.2826938637362e-05
-2.59694558643503e-05
-2.80878750210531e-05
-1.93824738591739e-05
1.71947890298277e-05
0.00013631151048364
0
0
0
0
0
0
0
0
0
0
0
0
0
0
0
0
0
0
0
0
0
0
0
0
0
0
0
0
0
0
0
0
0
0
0
0
0
0
0
0.0502523809754637
0.0661498175707794
0.0482877688013713
0.0303370502718124
0.0185167964092316
0.0117371299164645
0.0091904292143324
0.00805193624908353
0.00574140241832198
0.00382091502027068
0.00300978374072119
0.0020347277168714
0.00127398116259984
0.000845135562194882
0.000611531059764799
0.000429765725114158
0.000210908936793075
0.000150956266456602
5.1344566576389e-05
-8.39110223362003e-05
-0.000150328221783081
-0.000124565077935779
-0.000165900211853456
-0.000258207324518995
-0.000279772671105396
-0.000232015942714809
0.000253108099410843
0.000493163859503065
0.00045698030519021
0.000177845701792585
0.00011423280168525
4.40405602737838e-05
0.000105901112774023
0.000490465772409772
0.00125708802934831
0.00236316121044549
0.00346880938115848
0.00410252680155135
0.00371479509831944
0.00177033847866238
0.00129444034537765
0.000628415594317868
0.000364903030071131
0.000169228447193684
6.99093306040674e-05
-2.08401399503342e-05
-5.98728737464744e-05
-6.89773741688709e-05
-6.83756994487763e-05
-2.23057279963522e-05
-1.81033481900885e-05
6.57994298873043e-05
2.01198730876105e-06
-7.77472012905929e-05
-0.000113693991175441
-7.13738537217892e-05
-8.33491712559298e-05
-9.65146709224024e-05
-0.00011276376924379
-0.00011773569732618
-1.36614536388911e-05
-5.37042494156731e-05
-9.52494775674879e-05
-0.000109670457976827
-7.76732047641636e-05
-5.49851863837724e-05
-4.65652538094424e-05
-5.27065188068809e-06
1.76474733534971e-05
4.85901738978931e-06
1.7399393060487e-05
9.06676466636252e-05
5.44427246184052e-05
-1.07752927269272e-05
-2.87103838407869e-05
-2.45432282171539e-05
-2.1907018924709e-05
1.51487220063824e-06
2.1492771096686e-06
-1.14601123904047e-05
-2.92296764973739e-05
-6.79712382340918e-05
-2.60233042796584e-05
-3.66610882523461e-05
3.80438367590189e-05
0.00011768688267692
0.00013397132323394
8.33429576446161e-05
-7.46480087709736e-06
-5.21776231204763e-05
-4.70870223626049e-05
-3.84967091678232e-05
-2.42435526300889e-05
-9.88901123757042e-06
-9.11927180469332e-06
-2.08920057797287e-05
-2.375203582411e-05
-2.26765471989624e-05
-1.74645299091688e-05
5.40899104039394e-05
6.88802676258955e-05
3.7499412844886e-05
3.11954732353186e-05
0
0
0
0
0
0
0
0
0
0
0
0
0
0
0
0
0
0
0
0
0
0
0
0
0
0
0
0
0
0
0
0
0
0
0
0
0
0
0
0
0
0
0
0
0
0
0
0.0499672768041031
0.0658204977899068
0.0481908736250142
0.0303213601061765
0.0185234021355081
0.0117454039572005
0.0092215313749554
0.00805458142957674
0.00571059368998364
0.00377342348883805
0.00294792406067233
0.0019934243479227
0.0012380360973949
0.000808916861662013
0.000574857211449976
0.000400482063921124
0.000201901094144823
0.000144500423221273
4.98285999789954e-05
-7.05870535638478e-05
-0.000132449306203928
-0.000108949063608994
-0.000148291347370118
-0.000231698198646672
-0.000252987853403071
-0.000209422614483279
0.000222495563082495
0.000439043133155712
0.000409087100572879
0.000164186701208597
0.000108416839247291
4.46988062974902e-05
9.79984289200752e-05
0.000440475176083977
0.00112534986963133
0.00211433744394056
0.00310764052617971
0.00368244340407446
0.00332984848392152
0.00161705217689602
0.00116872374914958
0.000582138285815008
0.000332284288674613
0.000159008400670045
7.06145726884005e-05
-2.14449101527479e-06
-3.62393380981517e-05
-4.92683022486801e-05
-5.04518055886249e-05
-1.93987558615612e-05
-1.41418639952046e-05
4.28340153951396e-05
4.71666951000973e-06
-5.05950993906521e-05
-8.02842223935732e-05
-5.54190046628878e-05
-6.19072013515433e-05
-7.17019691715175e-05
-8.56647773546606e-05
-8.98617850789225e-05
-2.15564895636866e-05
-3.98552673207593e-05
-6.74020666560101e-05
-7.91410085979654e-05
-5.95038418665393e-05
-4.31014955664294e-05
-3.59231011477069e-05
-6.33103658866038e-06
1.15193539814421e-05
5.12193877856844e-06
1.23114582019154e-05
5.78040788437992e-05
4.05303286461096e-05
-2.02151931297032e-06
-1.8065546712624e-05
-1.71155695459935e-05
-1.60045357111303e-05
-7.15438237000112e-08
3.64924312464297e-06
-6.89613085747283e-06
-2.04960933328464e-05
-4.70358767094511e-05
-2.17371632936081e-05
-2.63964534799285e-05
2.48816583217183e-05
6.78332592508971e-05
8.55563039641975e-05
6.47042307637646e-05
0
0
0
0
0
0
0
0
0
0
0
0
0
0
0
0
0
0
0
0
0
0
0
0
0
0
0
0
0
0
0
0
0
0
0
0
0
0
0
0
0
0
0
0
0
0
0
0
0
0
0
0
0
0
0
0
0
0
0
0
0
0
0.0496896719722833
0.0655016151711184
0.0480924619259475
0.0303070757536069
0.0185229931225014
0.0117503450328188
0.00925407066657163
0.00805679360149684
0.00568031527632599
0.00372948730256798
0.00288712435530388
0.00195020048348339
0.00120136632404462
0.000771439577028152
0.000538057685624609
0.000369690727842139
0.000191193193185346
0.000138345190881586
5.12158602824326e-05
-5.88798625496749e-05
-0.000111748468607512
-9.47636321683641e-05
-0.000128015171841196
-0.00020398104772294
-0.000223941957566906
-0.000187510489870834
0.000190608380979988
0.000384920518641493
0.000362286327246302
0.000149365838946171
0.000100806093296846
4.45452852886764e-05
8.97919876727079e-05
0.000389702414963648
0.000993126367165441
0.00186538389977797
0.00274569791492501
0.0032624057760433
0.00294423893409777
0.00146234155666803
0.00103875818531795
0.000532431720241343
0.00029635604699591
0.0001480061536687
6.79918666078781e-05
1.04685933679275e-05
-1.49014808860969e-05
-2.81548774689183e-05
-3.38225356311649e-05
-1.76017728769332e-05
-1.02306060594723e-05
1.90321654195052e-05
9.34248903662145e-06
-2.48745887527464e-05
-4.71822971550012e-05
-3.99546103845509e-05
-3.98219352561198e-05
-4.66357970707996e-05
-5.60812518397831e-05
-6.13398565450796e-05
-2.71729766148927e-05
-2.63435639521134e-05
-4.1161290302945e-05
-4.99555237097603e-05
-4.18900857925702e-05
-3.11376532331524e-05
-2.53713516780927e-05
-8.97996360356598e-06
4.78551952319192e-06
4.67815099302506e-06
7.53161275852684e-06
3.0957449048118e-05
2.65084953069588e-05
5.13782648285022e-06
-8.0383091008811e-06
-1.05041853972346e-05
-1.00224887904299e-05
-2.74453156864123e-06
2.10420467907404e-06
-1.25897164048051e-06
-1.11252736065781e-05
-2.69693028602981e-05
-1.82089747731937e-05
0
0
0
0
0
0
0
0
0
0
0
0
0
0
0
0
0
0
0
0
0
0
0
0
0
0
0
0
0
0
0
0
0
0
0
0
0
0
0
0
0
0
0
0
0
0
0
0
0
0
0
0
0
0
0
0
0
0
0
0
0
0
0
0
0
0
0
0.0494175359194467
0.0651917012219962
0.0479972098052369
0.0302901834459836
0.0185232081682469
0.0117502585455791
0.0092845913618942
0.00806077552500739
0.00564917056645556
0.00368656251725968
0.00283009891103858
0.00190789903463349
0.00116308080765936
0.000733198309025433
0.000499655159613246
0.000338736069172406
0.000178433907145321
0.000130024979918676
5.33994858030985e-05
-4.39705892536658e-05
-9.24392203561154e-05
-7.87765878806934e-05
-0.000109133716302954
-0.000174085666519109
-0.000193928827881526
-0.000163926075233826
0.000158298975308635
0.000329252899663471
0.000315191525383901
0.000135076981630267
9.10999999545785e-05
4.2135996593572e-05
8.0448797837928e-05
0.00033843214988528
0.000859877355252985
0.00161550984716232
0.00238333587012824
0.00284142610492028
0.00255842523590783
0.00130621234338072
0.000908889052155018
0.000478813343059747
0.000257563814155293
0.000134096176316739
0
0
0
0
0
0
0
0
0
0
0
0
0
0
0
0
0
0
0
0
0
0
0
0
0
0
0
0
0
0
0
0
0
0
0
0
0
0
0
0
0
0
0
0
0
0
0
0
0
0
0
0
0
0
0
0
0
0
0
0
0
0
0
0
0
0
0
0
0
0
0
0
0
0
0
0
0
0
0
0
0
0
0
0
0
0
0
0
0
0
0
0
0
0
0
0
0
0
0
0
0
0
0
0
0
0
0.0491496510540364
0.0648872646071176
0.0479027068020243
0.030274537044219
0.0185216499691944
0.0117493944590903
0.00931281318402284
0.00806486632560237
0.00561958983925586
0.00364248516063478
0.00277225383939874
0.00186763607997245
0.00112477753420101
0.000693789563541482
0.000460075372824142
0.000306574001732916
0.000165494370369469
0.000119540301335278
5.36541008747348e-05
-3.02570379250885e-05
-7.28489324141795e-05
-6.48514304953506e-05
-8.93207528981821e-05
-0.000145109044640355
-0.000162534097179388
-0.000139604145815315
0.000127465818982971
0.000273057161760925
0.000266507513628571
0.000120662575921087
8.20150274552162e-05
3.83479166473689e-05
6.95652802217441e-05
0.000286638344641585
0.000726323749621802
0.00136502213620129
0.00202048365403322
0.00242038437110048
0.00217195359052035
0.00114952121203477
0
0
0
0
0
0
0
0
0
0
0
0
0
0
0
0
0
0
0
0
0
0
0
0
0
0
0
0
0
0
0
0
0
0
0
0
0
0
0
0
0
0
0
0
0
0
0
0
0
0
0
0
0
0
0
0
0
0
0
0
0
0
0
0
0
0
0
0
0
0
0
0
0
0
0
0
0
0
0
0
0
0
0
0
0
0
0
0
0
0
0
0
0
0
0
0
0
0
0
0
0
0
0
0
0
0
0
0
0
0
0.0488919523712187
0.0645888938167246
0.0478064734565068
0.0302579070136954
0.018521110697991
0.0117474825750851
0.00934036301380219
0.00806600908514598
0.00558752273684733
0.00359892125606018
0.00271292909461318
0.00182469387708771
0.00108695129141318
0.000653911356245281
0.000420141938846948
0.000272802841031102
0.000150685319715567
0.000109106231639651
5.14511899879213e-05
-1.77528288918985e-05
-5.46816630549291e-05
-5.1062086649222e-05
-7.22975847110969e-05
-0.000114647226035721
-0.000131387894962484
-0.000115061335506818
9.70697165898356e-05
0.000218059053866892
0.000217518235369125
0.000103627556760121
7.38196310590666e-05
3.68335572822602e-05
5.75732919613221e-05
0.000233242204978711
0.000592731086917171
0.00111474831301059
0.00165661297476895
0.00199834794976786
0.00178433728794376
0.000991214629247885
0
0
0
0
0
0
0
0
0
0
0
0
0
0
0
0
0
0
0
0
0
0
0
0
0
0
0
0
0
0
0
0
0
0
0
0
0
0
0
0
0
0
0
0
0
0
0
0
0
0
0
0
0
0
0
0
0
0
0
0
0
0
0
0
0
0
0
0
0
0
0
0
0
0
0
0
0
0
0
0
0
0
0
0
0
0
0
0
0
0
0
0
0
0
0
0
0
0
0
0
0
0
0
0
0
0
0
0
0
0
0.0486469199853994
0.0643040304392856
0.0477106656381671
0.0302391339397271
0.018521743813734
0.0117488920698375
0.00936762613632592
0.00806661362211176
0.0055484120099456
0.00354982672064428
0.00265288710026828
0.00177935883991456
0.00104587008620061
0.000615341053186944
0.000379754773885303
0.000238282733665541
0.000133133529556804
9.50447935116254e-05
5.02076084897332e-05
-7.69372537244705e-06
-3.7802188077481e-05
-3.73968632803578e-05
-5.46528761387942e-05
-8.83778163630954e-05
-9.94090417488201e-05
-8.96592034272595e-05
6.81942537871378e-05
0.000162933443128657
0.000169415353076034
8.52150897073931e-05
6.19373904947484e-05
3.55308418248356e-05
4.84313135378127e-05
0.000177484248395284
0.000456449605832075
0.000864728405943325
0.00129311720209053
0.00157430410597625
0.00139416751470537
0
0
0
0
0
0
0
0
0
0
0
0
0
0
0
0
0
0
0
0
0
0
0
0
0
0
0
0
0
0
0
0
0
0
0
0
0
0
0
0
0
0
0
0
0
0
0
0
0
0
0
0
0
0
0
0
0
0
0
0
0
0
0
0
0
0
0
0
0
0
0
0
0
0
0
0
0
0
0
0
0
0
0
0
0
0
0
0
0
0
0
0
0
0
0
0
0
0
0
0
0
0
0
0
0
0
0
0
0
0
0
0.0484210335244916
0.0640408513593564
0.0476194353051036
0.0302208286371247
0.0185214179861929
0.0117558181814943
0.00940407409916722
0.00806705836898854
0.00550771452993746
0.00349117947082665
0.00258707972064157
0.00173217492880811
0.00100195820816207
0.000573792955908662
0.000343990532481871
0.000203899057300558
0.000113808151805116
7.83084975764216e-05
4.48926142141645e-05
3.80508881122484e-06
-2.34453908684709e-05
-2.52958503862545e-05
-3.7225471465793e-05
-6.1807407203943e-05
-7.25566893796366e-05
-6.48241463477262e-05
3.98137771973228e-05
0.000112146564323453
0.000121340020401898
6.84080123187624e-05
4.7709414401065e-05
3.04055176411556e-05
3.88791147439423e-05
0.000124434278883452
0.000316545139365005
0.000611543723964864
0.000929641583122293
0.0011502542805614
0
0
0
0
0
0
0
0
0
0
0
0
0
0
0
0
0
0
0
0
0
0
0
0
0
0
0
0
0
0
0
0
0
0
0
0
0
0
0
0
0
0
0
0
0
0
0
0
0
0
0
0
0
0
0
0
0
0
0
0
0
0
0
0
0
0
0
0
0
0
0
0
0
0
0
0
0
0
0
0
0
0
0
0
0
0
0
0
0
0
0
0
0
0
0
0
0
0
0
0
0
0
0
0
0
0
0
0
0
0
0
0
0.0482003253424273
0.0638018275949559
0.0475431595395224
0.0302042023711173
0.0185219523923264
0.0117621982328925
0.00944761367874262
0.0080779219304553
0.00546620434797764
0.003430656147725
0.00251221445374062
0.00167984624664961
0.000956152465365048
0.000529818423291013
0.000305756605798852
0.000175340120487333
9.52621326244909e-05
6.03530736156672e-05
3.72520367092023e-05
1.16239814423216e-05
-7.98299445521031e-06
-1.56910649284319e-05
-2.13712399728563e-05
-3.59621569322487e-05
-4.60135457661753e-05
-4.48192940915033e-05
1.07012174331849e-05
6.13339014905878e-05
7.80528201474386e-05
5.18600221963021e-05
3.51605424694966e-05
2.2842166937942e-05
2.58504698894318e-05
7.07147793514014e-05
0.00017907013307631
0.000354888750794449
0
0
0
0
0
0
0
0
0
0
0
0
0
0
0
0
0
0
0
0
0
0
0
0
0
0
0
0
0
0
0
0
0
0
0
0
0
0
0
0
0
0
0
0
0
0
0
0
0
0
0
0
0
0
0
0
0
0
0
0
0
0
0
0
0
0
0
0
0
0
0
0
0
0
0
0
0
0
0
0
0
0
0
0
0
0
0
0
0
0
0
0
0
0
0
0
0
0
0
0
0
0
0
0
0
0
0
0
0
0
0
0
0
0
0.0479871179856879
0.0635691896124955
0.0474818397158674
0.0301985451071742
0.0185248611983091
0.0117691419968023
0.00949152177705334
0.00809524950903194
0.00543302583480593
0.00336925884788149
0.00243578216133465
0.00161823831037576
0.000904835017385344
0
0
0
0
0
0
0
0
0
0
0
0
0
0
0
0
0
0
0
0
0
0
0
0
0
0
0
0
0
0
0
0
0
0
0
0
0
0
0
0
0
0
0
0
0
0
0
0
0
0
0
0
0
0
0
0
0
0
0
0
0
0
0
0
0
0
0
0
0
0
0
0
0
0
0
0
0
0
0
0
0
0
0
0
0
0
0
0
0
0
0
0
0
0
0
0
0
0
0
0
0
0
0
0
0
0
0
0
0
0
0
0
0
0
0
0
0
0
0
0
0
0
0
0
0
0
0
0
0
0
0
0
0
0
0
0
0
0.0477770874995746
0.0633459180530743
0.0474202679090368
0.0302036593830884
0.0185362006404508
0.0117781981547475
0.00953672342647273
0.00811361839557826
0.00540442649248028
0.00331389292481314
0.00235847649369613
0
0
0
0
0
0
0
0
0
0
0
0
0
0
0
0
0
0
0
0
0
0
0
0
0
0
0
0
0
0
0
0
0
0
0
0
0
0
0
0
0
0
0
0
0
0
0
0
0
0
0
0
0
0
0
0
0
0
0
0
0
0
0
0
0
0
0
0
0
0
0
0
0
0
0
0
0
0
0
0
0
0
0
0
0
0
0
0
0
0
0
0
0
0
0
0
0
0
0
0
0
0
0
0
0
0
0
0
0
0
0
0
0
0
0
0
0
0
0
0
0
0
0
0
0
0
0
0
0
0
0
0
0
0
0
0
0
0
0
0.0475728165838201
0.0631280339740088
0.047360304867695
0.0302071231662757
0.0185548173860261
0.0117926610875721
0.00958389452203333
0.00813363196757766
0.00537606850483236
0.00326188402236158
0
0
0
0
0
0
0
0
0
0
0
0
0
0
0
0
0
0
0
0
0
0
0
0
0
0
0
0
0
0
0
0
0
0
0
0
0
0
0
0
0
0
0
0
0
0
0
0
0
0
0
0
0
0
0
0
0
0
0
0
0
0
0
0
0
0
0
0
0
0
0
0
0
0
0
0
0
0
0
0
0
0
0
0
0
0
0
0
0
0
0
0
0
0
0
0
0
0
0
0
0
0
0
0
0
0
0
0
0
0
0
0
0
0
0
0
0
0
0
0
0
0
0
0
0
0
0
0
0
0
0
0
0
0
0
0
0
0
0
0
0.0473736832262847
0.0629170570773768
0.0473002074705409
0.0302105923026884
0.018572302739938
0.0118137723862539
0.00963639058400047
0.00815535073217082
0.00534872403620509
0.00320989017468756
0
0
0
0
0
0
0
0
0
0
0
0
0
0
0
0
0
0
0
0
0
0
0
0
0
0
0
0
0
0
0
0
0
0
0
0
0
0
0
0
0
0
0
0
0
0
0
0
0
0
0
0
0
0
0
0
0
0
0
0
0
0
0
0
0
0
0
0
0
0
0
0
0
0
0
0
0
0
0
0
0
0
0
0
0
0
0
0
0
0
0
0
0
0
0
0
0
0
0
0
0
0
0
0
0
0
0
0
0
0
0
0
0
0
0
0
0
0
0
0
0
0
0
0
0
0
0
0
0
0
0
0
0
0
0
0
0
0
0
0
0.0471828085094336
0.0627130589594529
0.047239566992723
0.0302133855724673
0.0185900960770503
0.0118344668279361
0.00969634053587564
0.00818210646306271
0.00532217092862292
0.00315830047715977
0.00214718249132173
0
0
0
0
0
0
0
0
0
0
0
0
0
0
0
0
0
0
0
0
0
0
0
0
0
0
0
0
0
0
0
0
0
0
0
0
0
0
0
0
0
0
0
0
0
0
0
0
0
0
0
0
0
0
0
0
0
0
0
0
0
0
0
0
0
0
0
0
0
0
0
0
0
0
0
0
0
0
0
0
0
0
0
0
0
0
0
0
0
0
0
0
0
0
0
0
0
0
0
0
0
0
0
0
0
0
0
0
0
0
0
0
0
0
0
0
0
0
0
0
0
0
0
0
0
0
0
0
0
0
0
0
0
0
0
0
0
0
0
0.0470045392725926
0.0625210689253197
0.0471797844933422
0.0302137968604427
0.0186051895293148
0.0118552428176412
0.0097573911667185
0.00821473444252886
0.0052993628228561
0.00310960765585532
0.00207917870906682
0
0
0
0
0
0
0
0
0
0
0
0
0
0
0
0
0
0
0
0
0
0
0
0
0
0
0
0
0
0
0
0
0
0
0
0
0
0
0
0
0
0
0
0
0
0
0
0
0
0
0
0
0
0
0
0
0
0
0
0
0
0
0
0
0
0
0
0
0
0
0
0
0
0
0
0
0
0
0
0
0
0
0
0
0
0
0
0
0
0
0
0
0
0
0
0
0
0
0
0
0
0
0
0
0
0
0
0
0
0
0
0
0
0
0
0
0
0
0
0
0
0
0
0
0
0
0
0
0
0
0
0
0
0
0
0
0
0
0
0.0468254058727127
0.0623323659962978
0.0471240191156695
0.0302140957493141
0.0186186044542688
0.0118715666122765
0.00982037232126432
0.00824921383407941
0.00527951978773563
0.00306053416735444
0.00200960979449663
0
0
0
0
0
0
0
0
0
0
0
0
0
0
0
0
0
0
0
0
0
0
0
0
0
0
0
0
0
0
0
0
0
0
0
0
0
0
0
0
0
0
0
0
0
0
0
0
0
0
0
0
0
0
0
0
0
0
0
0
0
0
0
0
0
0
0
0
0
0
0
0
0
0
0
0
0
0
0
0
0
0
0
0
0
0
0
0
0
0
0
0
0
0
0
0
0
0
0
0
0
0
0
0
0
0
0
0
0
0
0
0
0
0
0
0
0
0
0
0
0
0
0
0
0
0
0
0
0
0
0
0
0
0
0
0
0
0
0
0.0466380288112392
0.0621248312732767
0.0470461544348429
0.0302170771173086
0.0186326657761735
0.0118870416618872
0.00988304639023911
0.00828697239772227
0.00526117828569665
0.00301209469708141
0.00193328162911543
0
0
0
0
0
0
0
0
0
0
0
0
0
0
0
0
0
0
0
0
0
0
0
0
0
0
0
0
0
0
0
0
0
0
0
0
0
0
0
0
0
0
0
0
0
0
0
0
0
0
0
0
0
0
0
0
0
0
0
0
0
0
0
0
0
0
0
0
0
0
0
0
0
0
0
0
0
0
0
0
0
0
0
0
0
0
0
0
0
0
0
0
0
0
0
0
0
0
0
0
0
0
0
0
0
0
0
0
0
0
0
0
0
0
0
0
0
0
0
0
0
0
0
0
0
0
0
0
0
0
0
0
0
0
0
0
0
0
0
0.0464590655338326
0.0619316027043001
0.0469728952249139
0.0302221287850968
0.0186500971217069
0.0119019745287651
0.00994456857822943
0.00832388612201028
0.00524403239266482
0.00296401808750473
0.00185665603023047
0
0
0
0
0
0
0
0
0
0
0
0
0
0
0
0
0
0
0
0
0
0
0
0
0
0
0
0
0
0
0
0
0
0
0
0
0
0
0
0
0
0
0
0
0
0
0
0
0
0
0
0
0
0
0
0
0
0
0
0
0
0
0
0
0
0
0
0
0
0
0
0
0
0
0
0
0
0
0
0
0
0
0
0
0
0
0
0
0
0
0
0
0
0
0
0
0
0
0
0
0
0
0
0
0
0
0
0
0
0
0
0
0
0
0
0
0
0
0
0
0
0
0
0
0
0
0
0
0
0
0
0
0
0
0
0
0
0
0
0.0462866347664682
0.0617486494073937
0.0469086123882093
0.0302330500167587
0.0186709701151348
0.0119193315629729
0.010007464630443
0.00836034578956638
0.00522548089907909
0.00291734731432796
0.00178069494801714
0.00105453954910997
0.000502425494717623
0.000236073940881632
0.00011593191687215
5.84881867343089e-05
3.39721427208748e-05
0
0
0
0
0
0
0
0
0
0
0
0
0
0
0
0
0
0
0
0
0
0
0
0
0
0
0
0
0
0
0
0
0
0
0
0
0
0
0
0
0
0
0
0
0
0
0
0
0
0
0
0
0
0
0
0
0
0
0
0
0
0
0
0
0
0
0
0
0
0
0
0
0
0
0
0
0
0
0
0
0
0
0
0
0
0
0
0
0
0
0
0
0
0
0
0
0
0
0
0
0
0
0
0
0
0
0
0
0
0
0
0
0
0
0
0
0
0
0
0
0
0
0
0
0
0
0
0
0
0
0
0
0
0.0461297558723642
0.0615772944435814
0.0468466454944543
0.0302474546354531
0.0186941651043803
0.0119361706079629
0.0100727327219226
0.00840043414337495
0.00520637130325158
0.0028698523552203
0.00170755949190388
0.000989391956412217
0.000473785745534603
0.000215018445678485
0.000100431776387949
5.43998858639535e-05
3.93150891467157e-05
2.75371138368672e-05
7.21457488821753e-06
-1.12122596156147e-06
1.31192549986989e-06
1.56675769800842e-06
2.94915194060055e-06
2.44442869604607e-06
7.66292990670481e-07
2.69793731711115e-07
-4.45223968006215e-08
-1.3821139215675e-06
-8.90843299521409e-07
3.82980963461935e-08
-6.63829468132863e-07
7.08730283132024e-08
-8.41945242357182e-07
3.81951623445332e-08
-6.89865735522284e-08
7.78309030558526e-07
5.22368943274097e-07
1.46499133251769e-07
-6.76096454631528e-07
-1.60215165192696e-06
-1.57494627590327e-06
0
0
0
0
0
0
0
0
0
0
0
0
0
0
0
0
0
0
0
0
0
0
0
0
0
0
0
0
0
0
0
0
0
0
0
0
0
0
0
0
0
0
0
0
0
0
0
0
0
0
0
0
0
0
0
0
0
0
0
0
0
0
0
0
0
0
0
0
0
0
0
0
0
0
0
0
0
0
0
0
0
0
0
0
0
0
0
0
0
0
0
0
0
0
0
0
0
0
0
0
0
0
0
0
0
0
0
0
0
0.0459886212295698
0.0614253508099391
0.0467899188909318
0.0302609602328956
0.018715818370445
0.0119495105404358
0.0101334794291198
0.00844178936711592
0.00519041326874483
0.00282194272603566
0.00163350048437312
0.000926780906506448
0.000446187574374682
0.000204219125062348
9.07875477301099e-05
4.93184548852459e-05
4.40426846879544e-05
3.79868996604067e-05
1.65082330742293e-05
6.07473786513105e-07
-4.82005000651202e-07
1.65452172444729e-06
1.81843122580616e-06
2.64632197811165e-06
1.43407783221923e-06
1.12096461159832e-07
-2.26700115436097e-07
-1.6442518138498e-06
-1.44330290375944e-06
-4.1236175485411e-07
-1.72989865443599e-06
-1.06369485423631e-06
-8.11854019173764e-07
1.86889708993319e-07
-6.09065733594455e-07
-5.84130401303865e-07
-1.03039684129506e-07
-2.93637655863282e-07
-1.67392381123021e-06
-2.22648660646773e-06
-1.90863199001584e-06
-2.03093980529579e-06
-1.95360158241747e-06
-2.00806514000353e-06
-1.19704216566042e-06
-1.05373420828994e-06
0
0
0
0
0
0
0
0
0
0
0
0
0
0
0
0
0
0
0
0
0
0
0
0
0
0
0
0
0
0
0
0
0
0
0
0
0
0
0
0
0
0
0
0
0
0
0
0
0
0
0
0
0
0
0
0
0
0
0
0
0
0
0
0
0
0
0
0
0
0
0
0
0
0
0
0
0
0
0
0
0
0
0
0
0
0
0
0
0
0
0
0
0
0
0
0
0
0
0
0
0
0
0
0
0.045831265076165
0.0612829008643364
0.0467390169164223
0.0302757901652241
0.0187365056355606
0.0119446713291431
0.0101695081232095
0.00845891213580543
0.00517284819850392
0.00277651860098828
0.00156037869994569
0.000864005922968361
0.000420999968594978
0.000194585626480247
8.74109352113715e-05
4.25631546106019e-05
3.90133881090851e-05
4.44648870889817e-05
0
0
0
0
0
0
0
0
0
0
0
0
0
0
0
0
0
0
0
0
0
0
0
0
0
0
0
0
0
0
0
0
0
0
0
0
0
0
0
0
0
0
0
0
0
0
0
0
0
0
0
0
0
0
0
0
0
0
0
0
0
0
0
0
0
0
0
0
0
0
0
0
0
0
0
0
0
0
0
0
0
0
0
0
0
0
0
0
0
0
0
0
0
0
0
0
0
0
0
0
0
0
0
0
0
0
0
0
0
0
0
0
0
0
0
0
0
0
0
0
0
0
0
0
0
0
0
0
0
0
0
0
0.0456475630866764
0.0610805090443261
0.0466949439566076
0.0302822221122443
0.0187547828416203
0.011938878635065
0.010153324361543
0.00840329789619868
0.00508695859888028
0.00272539316924912
0.00148996503793013
0
0
0
0
0
0
0
0
0
0
0
0
0
0
0
0
0
0
0
0
0
0
0
0
0
0
0
0
0
0
0
0
0
0
0
0
0
0
0
0
0
0
0
0
0
0
0
0
0
0
0
0
0
0
0
0
0
0
0
0
0
0
0
0
0
0
0
0
0
0
0
0
0
0
0
0
0
0
0
0
0
0
0
0
0
0
0
0
0
0
0
0
0
0
0
0
0
0
0
0
0
0
0
0
0
0
0
0
0
0
0
0
0
0
0
0
0
0
0
0
0
0
0
0
0
0
0
0
0
0
0
0
0
0
0
0
0
0
0
0.0454727476552955
0.0608691870449596
0.0466186086173515
0.0302922846963688
0.0187692069331766
0.0119308661570844
0.0101379517090838
0.00832224969259543
0.00496425091662519
0.00263968952483968
0
0
0
0
0
0
0
0
0
0
0
0
0
0
0
0
0
0
0
0
0
0
0
0
0
0
0
0
0
0
0
0
0
0
0
0
0
0
0
0
0
0
0
0
0
0
0
0
0
0
0
0
0
0
0
0
0
0
0
0
0
0
0
0
0
0
0
0
0
0
0
0
0
0
0
0
0
0
0
0
0
0
0
0
0
0
0
0
0
0
0
0
0
0
0
0
0
0
0
0
0
0
0
0
0
0
0
0
0
0
0
0
0
0
0
0
0
0
0
0
0
0
0
0
0
0
0
0
0
0
0
0
0
0
0
0
0
0
0
0
0.0453069582548128
0.0606687711325482
0.0465369483318329
0.0302884368254743
0.0187795086704525
0.0119227179483983
0.0101217001505549
0.00824249358938133
0.00483176912879707
0.00253997345027181
0
0
0
0
0
0
0
0
0
0
0
0
0
0
0
0
0
0
0
0
0
0
0
0
0
0
0
0
0
0
0
0
0
0
0
0
0
0
0
0
0
0
0
0
0
0
0
0
0
0
0
0
0
0
0
0
0
0
0
0
0
0
0
0
0
0
0
0
0
0
0
0
0
0
0
0
0
0
0
0
0
0
0
0
0
0
0
0
0
0
0
0
0
0
0
0
0
0
0
0
0
0
0
0
0
0
0
0
0
0
0
0
0
0
0
0
0
0
0
0
0
0
0
0
0
0
0
0
0
0
0
0
0
0
0
0
0
0
0
0
0.0451407459737405
0.0604687897759838
0.0464588419827316
0.0302721217069652
0.018771156581022
0.0119151175745811
0.0101084853810344
0.00816175760852538
0.00470001229189387
0
0
0
0
0
0
0
0
0
0
0
0
0
0
0
0
0
0
0
0
0
0
0
0
0
0
0
0
0
0
0
0
0
0
0
0
0
0
0
0
0
0
0
0
0
0
0
0
0
0
0
0
0
0
0
0
0
0
0
0
0
0
0
0
0
0
0
0
0
0
0
0
0
0
0
0
0
0
0
0
0
0
0
0
0
0
0
0
0
0
0
0
0
0
0
0
0
0
0
0
0
0
0
0
0
0
0
0
0
0
0
0
0
0
0
0
0
0
0
0
0
0
0
0
0
0
0
0
0
0
0
0
0
0
0
0
0
0
0
0
0
0.0449111993415597
0.060254974481067
0.0463555300748297
0.0302210229625967
0.0187546824512138
0.0118925643092406
0.010028176311183
0.00808719523783797
0
0
0
0
0
0
0
0
0
0
0
0
0
0
0
0
0
0
0
0
0
0
0
0
0
0
0
0
0
0
0
0
0
0
0
0
0
0
0
0
0
0
0
0
0
0
0
0
0
0
0
0
0
0
0
0
0
0
0
0
0
0
0
0
0
0
0
0
0
0
0
0
0
0
0
0
0
0
0
0
0
0
0
0
0
0
0
0
0
0
0
0
0
0
0
0
0
0
0
0
0
0
0
0
0
0
0
0
0
0
0
0
0
0
0
0
0
0
0
0
0
0
0
0
0
0
0
0
0
0
0
0
0
0
0
0
0
0
0
0
0
0
0.0446854383396433
0.0599865005472777
0.0462356178983765
0.0301469056025075
0.0187067001903007
0.0118635568726575
0.00993752385729108
0.00795348073405887
0
0
0
0
0
0
0
0
0
0
0
0
0
0
0
0
0
0
0
0
0
0
0
0
0
0
0
0
0
0
0
0
0
0
0
0
0
0
0
0
0
0
0
0
0
0
0
0
0
0
0
0
0
0
0
0
0
0
0
0
0
0
0
0
0
0
0
0
0
0
0
0
0
0
0
0
0
0
0
0
0
0
0
0
0
0
0
0
0
0
0
0
0
0
0
0
0
0
0
0
0
0
0
0
0
0
0
0
0
0
0
0
0
0
0
0
0
0
0
0
0
0
0
0
0
0
0
0
0
0
0
0
0
0
0
0
0
0
0
0
0
0
0.0444662531737725
0.0597256966957451
0.046114585330899
0.030071778444793
0.0186581348132754
0.0118341676146606
0.00984340240938594
0
0
0
0
0
0
0
0
0
0
0
0
0
0
0
0
0
0
0
0
0
0
0
0
0
0
0
0
0
0
0
0
0
0
0
0
0
0
0
0
0
0
0
0
0
0
0
0
0
0
0
0
0
0
0
0
0
0
0
0
0
0
0
0
0
0
0
0
0
0
0
0
0
0
0
0
0
0
0
0
0
0
0
0
0
0
0
0
0
0
0
0
0
0
0
0
0
0
0
0
0
0
0
0
0
0
0
0
0
0
0
0
0
0
0
0
0
0
0
0
0
0
0
0
0
0
0
0
0
0
0
0
0
0
0
0
0
0
0
0
0
0
0
0.0442510899813264
0.0594715829566207
0.0459948285836277
0.0299991357268997
0.0186093126569538
0.0118041455511225
0.00975234122541547
0
0
0
0
0
0
0
0
0
0
0
0
0
0
0
0
0
0
0
0
0
0
0
0
0
0
0
0
0
0
0
0
0
0
0
0
0
0
0
0
0
0
0
0
0
0
0
0
0
0
0
0
0
0
0
0
0
0
0
0
0
0
0
0
0
0
0
0
0
0
0
0
0
0
0
0
0
0
0
0
0
0
0
0
0
0
0
0
0
0
0
0
0
0
0
0
0
0
0
0
0
0
0
0
0
0
0
0
0
0
0
0
0
0
0
0
0
0
0
0
0
0
0
0
0
0
0
0
0
0
0
0
0
0
0
0
0
0
0
0
0
0
0
0.0440400931563974
0.0592229679453039
0.0458759735111989
0.0299264960638411
0.0185636519477653
0.0117742661185088
0.00966211875914791
0
0
0
0
0
0
0
0
0
0
0
0
0
0
0
0
0
0
0
0
0
0
0
0
0
0
0
0
0
0
0
0
0
0
0
0
0
0
0
0
0
0
0
0
0
0
0
0
0
0
0
0
0
0
0
0
0
0
0
0
0
0
0
0
0
0
0
0
0
0
0
0
0
0
0
0
0
0
0
0
0
0
0
0
0
0
0
0
0
0
0
0
0
0
0
0
0
0
0
0
0
0
0
0
0
0
0
0
0
0
0
0
0
0
0
0
0
0
0
0
0
0
0
0
0
0
0
0
0
0
0
0
0
0
0
0
0
0
0
0
0
0
0
0.0438293066510987
0.0589742253674377
0.0457534155366353
0.0298519913670474
0.0185168007928682
0.0117312997670572
0
0
0
0
0
0
0
0
0
0
0
0
0
0
0
0
0
0
0
0
0
0
0
0
0
0
0
0
0
0
0
0
0
0
0
0
0
0
0
0
0
0
0
0
0
0
0
0
0
0
0
0
0
0
0
0
0
0
0
0
0
0
0
0
0
0
0
0
0
0
0
0
0
0
0
0
0
0
0
0
0
0
0
0
0
0
0
0
0
0
0
0
0
0
0
0
0
0
0
0
0
0
0
0
0
0
0
0
0
0
0
0
0
0
0
0
0
0
0
0
0
0
0
0
0
0
0
0
0
0
0
0
0
0
0
0
0
0
0
0
0
0
0
0
0.0436286548465217
0.0587270351859559
0.0456252836730578
0.0297726768423742
0.0184678857981305
0.0116867303576738
0
0
0
0
0
0
0
0
0
0
0
0
0
0
0
0
0
0
0
0
0
0
0
0
0
0
0
0
0
0
0
0
0
0
0
0
0
0
0
0
0
0
0
0
0
0
0
0
0
0
0
0
0
0
0
0
0
0
0
0
0
0
0
0
0
0
0
0
0
0
0
0
0
0
0
0
0
0
0
0
0
0
0
0
0
0
0
0
0
0
0
0
0
0
0
0
0
0
0
0
0
0
0
0
0
0
0
0
0
0
0
0
0
0
0
0
0
0
0
0
0
0
0
0
0
0
0
0
0
0
0
0
0
0
0
0
0
0
0
0
0
0
0
0
0.0434326785313429
0.0584930533227403
0.0454950702216126
0.0296887223864028
0.0184158486727428
0.0116402245708942
0
0
0
0
0
0
0
0
0
0
0
0
0
0
0
0
0
0
0
0
0
0
0
0
0
0
0
0
0
0
0
0
0
0
0
0
0
0
0
0
0
0
0
0
0
0
0
0
0
0
0
0
0
0
0
0
0
0
0
0
0
0
0
0
0
0
0
0
0
0
0
0
0
0
0
0
0
0
0
0
0
0
0
0
0
0
0
0
0
0
0
0
0
0
0
0
0
0
0
0
0
0
0
0
0
0
0
0
0
0
0
0
0
0
0
0
0
0
0
0
0
0
0
0
0
0
0
0
0
0
0
0
0
0
0
0
0
0
0
0
0
0
0
0
0.0432404898241983
0.0582644337201966
0.0453701157854614
0.0296021840046701
0.0183599574457968
0.0115909516057417
0
0
0
0
0
0
0
0
0
0
0
0
0
0
0
0
0
0
0
0
0
0
0
0
0
0
0
0
0
0
0
0
0
0
0
0
0
0
0
0
0
0
0
0
0
0
0
0
0
0
0
0
0
0
0
0
0
0
0
0
0
0
0
0
0
0
0
0
0
0
0
0
0
0
0
0
0
0
0
0
0
0
0
0
0
0
0
0
0
0
0
0
0
0
0
0
0
0
0
0
0
0
0
0
0
0
0
0
0
0
0
0
0
0
0
0
0
0
0
0
0
0
0
0
0
0
0
0
0
0
0
0
0
0
0
0
0
0
0
0
0
0
0
0
0.0430528003010203
0.0580404979546759
0.0452451363258287
0.0295179623938868
0.0183027477583447
0.0115389416698885
0
0
0
0
0
0
0
0
0
0
0
0
0
0
0
0
0
0
0
0
0
0
0
0
0
0
0
0
0
0
0
0
0
0
0
0
0
0
0
0
0
0
0
0
0
0
0
0
0
0
0
0
0
0
0
0
0
0
0
0
0
0
0
0
0
0
0
0
0
0
0
0
0
0
0
0
0
0
0
0
0
0
0
0
0
0
0
0
0
0
0
0
0
0
0
0
0
0
0
0
0
0
0
0
0
0
0
0
0
0
0
0
0
0
0
0
0
0
0
0
0
0
0
0
0
0
0
0
0
0
0
0
0
0
0
0
0
0
0
0
0
0
0
0
0.0428690285279705
0.0578217964039525
0.0451194007489625
0.0294323094946076
0.0182466080121893
0.0114856305779446
0
0
0
0
0
0
0
0
0
0
0
0
0
0
0
0
0
0
0
0
0
0
0
0
0
0
0
0
0
0
0
0
0
0
0
0
0
0
0
0
0
0
0
0
0
0
0
0
0
0
0
0
0
0
0
0
0
0
0
0
0
0
0
0
0
0
0
0
0
0
0
0
0
0
0
0
0
0
0
0
0
0
0
0
0
0
0
0
0
0
0
0
0
0
0
0
0
0
0
0
0
0
0
0
0
0
0
0
0
0
0
0
0
0
0
0
0
0
0
0
0
0
0
0
0
0
0
0
0
0
0
0
0
0
0
0
0
0
0
0
0
0
0
0
0.0426893536601777
0.0576082235459665
0.0449931308220236
0.0293447653265317
0.0181893031911093
0.0114324212801007
0
0
0
0
0
0
0
0
0
0
0
0
0
0
0
0
0
0
0
0
0
0
0
0
0
0
0
0
0
0
0
0
0
0
0
0
0
0
0
0
0
0
0
0
0
0
0
0
0
0
0
0
0
0
0
0
0
0
0
0
0
0
0
0
0
0
0
0
0
0
0
0
0
0
0
0
0
0
0
0
0
0
0
0
0
0
0
0
0
0
0
0
0
0
0
0
0
0
0
0
0
0
0
0
0
0
0
0
0
0
0
0
0
0
0
0
0
0
0
0
0
0
0
0
0
0
0
0
0
0
0
0
0
0
0
0
0
0
0
0
0
0
0
0
0.0425131297464353
0.0573996357684902
0.0448668539551538
0.0292556067948504
0.018130565553567
0.0113781176166269
0
0
0
0
0
0
0
0
0
0
0
0
0
0
0
0
0
0
0
0
0
0
0
0
0
0
0
0
0
0
0
0
0
0
0
0
0
0
0
0
0
0
0
0
0
0
0
0
0
0
0
0
0
0
0
0
0
0
0
0
0
0
0
0
0
0
0
0
0
0
0
0
0
0
0
0
0
0
0
0
0
0
0
0
0
0
0
0
0
0
0
0
0
0
0
0
0
0
0
0
0
0
0
0
0
0
0
0
0
0
0
0
0
0
0
0
0
0
0
0
0
0
0
0
0
0
0
0
0
0
0
0
0
0
0
0
0
0
0
0
0
0
0
0
0.0423357859056407
0.0571930147278608
0.044739924586583
0.0291642358596779
0.0180687502347781
0.0113222434856478
0
0
0
0
0
0
0
0
0
0
0
0
0
0
0
0
0
0
0
0
0
0
0
0
0
0
0
0
0
0
0
0
0
0
0
0
0
0
0
0
0
0
0
0
0
0
0
0
0
0
0
0
0
0
0
0
0
0
0
0
0
0
0
0
0
0
0
0
0
0
0
0
0
0
0
0
0
0
0
0
0
0
0
0
0
0
0
0
0
0
0
0
0
0
0
0
0
0
0
0
0
0
0
0
0
0
0
0
0
0
0
0
0
0
0
0
0
0
0
0
0
0
0
0
0
0
0
0
0
0
0
0
0
0
0
0
0
0
0
0
0
0
0
0
0.0421463304885987
0.0569739282814252
0.0446037225406535
0.0290702427966179
0.0180026078944758
0.0112586143015277
0
0
0
0
0
0
0
0
0
0
0
0
0
0
0
0
0
0
0
0
0
0
0
0
0
0
0
0
0
0
0
0
0
0
0
0
0
0
0
0
0
0
0
0
0
0
0
0
0
0
0
0
0
0
0
0
0
0
0
0
0
0
0
0
0
0
0
0
0
0
0
0
0
0
0
0
0
0
0
0
0
0
0
0
0
0
0
0
0
0
0
0
0
0
0
0
0
0
0
0
0
0
0
0
0
0
0
0
0
0
0
0
0
0
0
0
0
0
0
0
0
0
0
0
0
0
0
0
0
0
0
0
0
0
0
0
0
0
0
0
0
0
0
0
0.0419627304322672
0.056752848331783
0.0444609117294949
0.0289712050079044
0.0179346063281319
0.011192633775091
0
0
0
0
0
0
0
0
0
0
0
0
0
0
0
0
0
0
0
0
0
0
0
0
0
0
0
0
0
0
0
0
0
0
0
0
0
0
0
0
0
0
0
0
0
0
0
0
0
0
0
0
0
0
0
0
0
0
0
0
0
0
0
0
0
0
0
0
0
0
0
0
0
0
0
0
0
0
0
0
0
0
0
0
0
0
0
0
0
0
0
0
0
0
0
0
0
0
0
0
0
0
0
0
0
0
0
0
0
0
0
0
0
0
0
0
0
0
0
0
0
0
0
0
0
0
0
0
0
0
0
0
0
0
0
0
0
0
0
0
0
0
0
0
0.0417833254650088
0.0565395744139556
0.0443162355611668
0.0288688736119847
0.0178643247638472
0.0111250467547058
0
0
0
0
0
0
0
0
0
0
0
0
0
0
0
0
0
0
0
0
0
0
0
0
0
0
0
0
0
0
0
0
0
0
0
0
0
0
0
0
0
0
0
0
0
0
0
0
0
0
0
0
0
0
0
0
0
0
0
0
0
0
0
0
0
0
0
0
0
0
0
0
0
0
0
0
0
0
0
0
0
0
0
0
0
0
0
0
0
0
0
0
0
0
0
0
0
0
0
0
0
0
0
0
0
0
0
0
0
0
0
0
0
0
0
0
0
0
0
0
0
0
0
0
0
0
0
0
0
0
0
0
0
0
0
0
0
0
0
0
0
0
0
0
0.0416093193055071
0.0563322132080606
0.0441733484283599
0.0287634293475846
0.0177912309988839
0.0110556106748988
0
0
0
0
0
0
0
0
0
0
0
0
0
0
0
0
0
0
0
0
0
0
0
0
0
0
0
0
0
0
0
0
0
0
0
0
0
0
0
0
0
0
0
0
0
0
0
0
0
0
0
0
0
0
0
0
0
0
0
0
0
0
0
0
0
0
0
0
0
0
0
0
0
0
0
0
0
0
0
0
0
0
0
0
0
0
0
0
0
0
0
0
0
0
0
0
0
0
0
0
0
0
0
0
0
0
0
0
0
0
0
0
0
0
0
0
0
0
0
0
0
0
0
0
0
0
0
0
0
0
0
0
0
0
0
0
0
0
0
0
0
0
0
0
0.0414340090347523
0.0561292870818911
0.0440315930442232
0.0286580231218204
0.0177152162557392
0.0109834262602058
0
0
0
0
0
0
0
0
0
0
0
0
0
0
0
0
0
0
0
0
0
0
0
0
0
0
0
0
0
0
0
0
0
0
0
0
0
0
0
0
0
0
0
0
0
0
0
0
0
0
0
0
0
0
0
0
0
0
0
0
0
0
0
0
0
0
0
0
0
0
0
0
0
0
0
0
0
0
0
0
0
0
0
0
0
0
0
0
0
0
0
0
0
0
0
0
0
0
0
0
0
0
0
0
0
0
0
0
0
0
0
0
0
0
0
0
0
0
0
0
0
0
0
0
0
0
0
0
0
0
0
0
0
0
0
0
0
0
0
0
0
0
0
0
0.0412590817575018
0.0559201483884205
0.0438859319651905
0.0285522575709073
0.0176391354273073
0.0109085346812914
0
0
0
0
0
0
0
0
0
0
0
0
0
0
0
0
0
0
0
0
0
0
0
0
0
0
0
0
0
0
0
0
0
0
0
0
0
0
0
0
0
0
0
0
0
0
0
0
0
0
0
0
0
0
0
0
0
0
0
0
0
0
0
0
0
0
0
0
0
0
0
0
0
0
0
0
0
0
0
0
0
0
0
0
0
0
0
0
0
0
0
0
0
0
0
0
0
0
0
0
0
0
0
0
0
0
0
0
0
0
0
0
0
0
0
0
0
0
0
0
0
0
0
0
0
0
0
0
0
0
0
0
0
0
0
0
0
0
0
0
0
0
0
0
0.0410862949716121
0.0557112303834624
0.0437277238646919
0.0284399741817344
0.0175628220470338
0.0108336530142512
0
0
0
0
0
0
0
0
0
0
0
0
0
0
0
0
0
0
0
0
0
0
0
0
0
0
0
0
0
0
0
0
0
0
0
0
0
0
0
0
0
0
0
0
0
0
0
0
0
0
0
0
0
0
0
0
0
0
0
0
0
0
0
0
0
0
0
0
0
0
0
0
0
0
0
0
0
0
0
0
0
0
0
0
0
0
0
0
0
0
0
0
0
0
0
0
0
0
0
0
0
0
0
0
0
0
0
0
0
0
0
0
0
0
0
0
0
0
0
0
0
0
0
0
0
0
0
0
0
0
0
0
0
0
0
0
0
0
0
0
0
0
0
0
0.0409221107998232
0.0555064470309224
0.0435701746293676
0.0283203135102712
0.0174827996619134
0.0107584857930789
0
0
0
0
0
0
0
0
0
0
0
0
0
0
0
0
0
0
0
0
0
0
0
0
0
0
0
0
0
0
0
0
0
0
0
0
0
0
0
0
0
0
0
0
0
0
0
0
0
0
0
0
0
0
0
0
0
0
0
0
0
0
0
0
0
0
0
0
0
0
0
0
0
0
0
0
0
0
0
0
0
0
0
0
0
0
0
0
0
0
0
0
0
0
0
0
0
0
0
0
0
0
0
0
0
0
0
0
0
0
0
0
0
0
0
0
0
0
0
0
0
0
0
0
0
0
0
0
0
0
0
0
0
0
0
0
0
0
0
0
0
0
0
0
0.0407632349444466
0.0553104969420268
0.0434119542903088
0.0281995411637248
0.0173989389517838
0.0106811332851989
0
0
0
0
0
0
0
0
0
0
0
0
0
0
0
0
0
0
0
0
0
0
0
0
0
0
0
0
0
0
0
0
0
0
0
0
0
0
0
0
0
0
0
0
0
0
0
0
0
0
0
0
0
0
0
0
0
0
0
0
0
0
0
0
0
0
0
0
0
0
0
0
0
0
0
0
0
0
0
0
0
0
0
0
0
0
0
0
0
0
0
0
0
0
0
0
0
0
0
0
0
0
0
0
0
0
0
0
0
0
0
0
0
0
0
0
0
0
0
0
0
0
0
0
0
0
0
0
0
0
0
0
0
0
0
0
0
0
0
0
0
0
0
0
0.0406087533737179
0.0551198036282342
0.0432569659036205
0.0280765686786399
0.0173147101600827
0.0106009151248404
0
0
0
0
0
0
0
0
0
0
0
0
0
0
0
0
0
0
0
0
0
0
0
0
0
0
0
0
0
0
0
0
0
0
0
0
0
0
0
0
0
0
0
0
0
0
0
0
0
0
0
0
0
0
0
0
0
0
0
0
0
0
0
0
0
0
0
0
0
0
0
0
0
0
0
0
0
0
0
0
0
0
0
0
0
0
0
0
0
0
0
0
0
0
0
0
0
0
0
0
0
0
0
0
0
0
0
0
0
0
0
0
0
0
0
0
0
0
0
0
0
0
0
0
0
0
0
0
0
0
0
0
0
0
0
0
0
0
0
0
0
0
0
0
0.0404588271754515
0.0549350008203011
0.0431031655607508
0.0279548964694238
0.0172285966349436
0.0105196315267368
0
0
0
0
0
0
0
0
0
0
0
0
0
0
0
0
0
0
0
0
0
0
0
0
0
0
0
0
0
0
0
0
0
0
0
0
0
0
0
0
0
0
0
0
0
0
0
0
0
0
0
0
0
0
0
0
0
0
0
0
0
0
0
0
0
0
0
0
0
0
0
0
0
0
0
0
0
0
0
0
0
0
0
0
0
0
0
0
0
0
0
0
0
0
0
0
0
0
0
0
0
0
0
0
0
0
0
0
0
0
0
0
0
0
0
0
0
0
0
0
0
0
0
0
0
0
0
0
0
0
0
0
0
0
0
0
0
0
0
0
0
0
0
0
0.0403310473331688
0.054759663483326
0.0429518492297869
0.0278351055336974
0.0171441235887685
0.0104363683096324
0
0
0
0
0
0
0
0
0
0
0
0
0
0
0
0
0
0
0
0
0
0
0
0
0
0
0
0
0
0
0
0
0
0
0
0
0
0
0
0
0
0
0
0
0
0
0
0
0
0
0
0
0
0
0
0
0
0
0
0
0
0
0
0
0
0
0
0
0
0
0
0
0
0
0
0
0
0
0
0
0
0
0
0
0
0
0
0
0
0
0
0
0
0
0
0
0
0
0
0
0
0
0
0
0
0
0
0
0
0
0
0
0
0
0
0
0
0
0
0
0
0
0
0
0
0
0
0
0
0
0
0
0
0
0
0
0
0
0
0
0
0
0
0
0.0402094576563216
0.0546084634098992
0.0428027858050075
0.0277176082539608
0.017064024143196
0.0103554078846862
0
0
0
0
0
0
0
0
0
0
0
0
0
0
0
0
0
0
0
0
0
0
0
0
0
0
0
0
0
0
0
0
0
0
0
0
0
0
0
0
0
0
0
0
0
0
0
0
0
0
0
0
0
0
0
0
0
0
0
0
0
0
0
0
0
0
0
0
0
0
0
0
0
0
0
0
0
0
0
0
0
0
0
0
0
0
0
0
0
0
0
0
0
0
0
0
0
0
0
0
0
0
0
0
0
0
0
0
0
0
0
0
0
0
0
0
0
0
0
0
0
0
0
0
0
0
0
0
0
0
0
0
0
0
0
0
0
0
0
0
0
0
0
0
0.0400876503066152
0.0544608987178936
0.0426644893750146
0.0275977651710868
0.0169862044047506
0.0102787648203959
0
0
0
0
0
0
0
0
0
0
0
0
0
0
0
0
0
0
0
0
0
0
0
0
0
0
0
0
0
0
0
0
0
0
0
0
0
0
0
0
0
0
0
0
0
0
0
0
0
0
0
0
0
0
0
0
0
0
0
0
0
0
0
0
0
0
0
0
0
0
0
0
0
0
0
0
0
0
0
0
0
0
0
0
0
0
0
0
0
0
0
0
0
0
0
0
0
0
0
0
0
0
0
0
0
0
0
0
0
0
0
0
0
0
0
0
0
0
0
0
0
0
0
0
0
0
0
0
0
0
0
0
0
0
0
0
0
0
0
0
0
0
0
0
0.0399662915075423
0.0543097786750777
0.0425148041015947
0.027474562245805
0.0169023513645904
0.0102032979350376
0
0
0
0
0
0
0
0
0
0
0
0
0
0
0
0
0
0
0
0
0
0
0
0
0
0
0
0
0
0
0
0
0
0
0
0
0
0
0
0
0
0
0
0
0
0
0
0
0
0
0
0
0
0
0
0
0
0
0
0
0
0
0
0
0
0
0
0
0
0
0
0
0
0
0
0
0
0
0
0
0
0
0
0
0
0
0
0
0
0
0
0
0
0
0
0
0
0
0
0
0
0
0
0
0
0
0
0
0
0
0
0
0
0
0
0
0
0
0
0
0
0
0
0
0
0
0
0
0
0
0
0
0
0
0
0
0
0
0
0
0
0
0
0
0.0398461374722962
0.0541626781587803
0.0423589592964739
0.0273386027911273
0.0168116363093788
0.0101226757480889
0
0
0
0
0
0
0
0
0
0
0
0
0
0
0
0
0
0
0
0
0
0
0
0
0
0
0
0
0
0
0
0
0
0
0
0
0
0
0
0
0
0
0
0
0
0
0
0
0
0
0
0
0
0
0
0
0
0
0
0
0
0
0
0
0
0
0
0
0
0
0
0
0
0
0
0
0
0
0
0
0
0
0
0
0
0
0
0
0
0
0
0
0
0
0
0
0
0
0
0
0
0
0
0
0
0
0
0
0
0
0
0
0
0
0
0
0
0
0
0
0
0
0
0
0
0
0
0
0
0
0
0
0
0
0
0
0
0
0
0
0
0
0
0
0.0397094521331327
0.0539615067824757
0.042176936244654
0.027168744276608
0.01665585659755
0
0
0
0
0
0
0
0
0
0
0
0
0
0
0
0
0
0
0
0
0
0
0
0
0
0
0
0
0
0
0
0
0
0
0
0
0
0
0
0
0
0
0
0
0
0
0
0
0
0
0
0
0
0
0
0
0
0
0
0
0
0
0
0
0
0
0
0
0
0
0
0
0
0
0
0
0
0
0
0
0
0
0
0
0
0
0
0
0
0
0
0
0
0
0
0
0
0
0
0
0
0
0
0
0
0
0
0
0
0
0
0
0
0
0
0
0
0
0
0
0
0
0
0
0
0
0
0
0
0
0
0
0
0
0
0
0
0
0
0
0
0
0
0
0
0.0395776828664345
0.0537656670609757
0.041995617148092
0.0269986499504355
0.0164981544696511
0
0
0
0
0
0
0
0
0
0
0
0
0
0
0
0
0
0
0
0
0
0
0
0
0
0
0
0
0
0
0
0
0
0
0
0
0
0
0
0
0
0
0
0
0
0
0
0
0
0
0
0
0
0
0
0
0
0
0
0
0
0
0
0
0
0
0
0
0
0
0
0
0
0
0
0
0
0
0
0
0
0
0
0
0
0
0
0
0
0
0
0
0
0
0
0
0
0
0
0
0
0
0
0
0
0
0
0
0
0
0
0
0
0
0
0
0
0
0
0
0
0
0
0
0
0
0
0
0
0
0
0
0
0
0
0
0
0
0
0
0
0
0
0
0
0.0394489635605445
0.0535772692331641
0.0418154854633499
0.0268297186326654
0.0163410915236695
0
0
0
0
0
0
0
0
0
0
0
0
0
0
0
0
0
0
0
0
0
0
0
0
0
0
0
0
0
0
0
0
0
0
0
0
0
0
0
0
0
0
0
0
0
0
0
0
0
0
0
0
0
0
0
0
0
0
0
0
0
0
0
0
0
0
0
0
0
0
0
0
0
0
0
0
0
0
0
0
0
0
0
0
0
0
0
0
0
0
0
0
0
0
0
0
0
0
0
0
0
0
0
0
0
0
0
0
0
0
0
0
0
0
0
0
0
0
0
0
0
0
0
0
0
0
0
0
0
0
0
0
0
0
0
0
0
0
0
0
0
0
0
0
0
0.0393236131450606
0.0533929285818694
0.0416375237053575
0.0266597602333654
0.0161835613154254
0
0
0
0
0
0
0
0
0
0
0
0
0
0
0
0
0
0
0
0
0
0
0
0
0
0
0
0
0
0
0
0
0
0
0
0
0
0
0
0
0
0
0
0
0
0
0
0
0
0
0
0
0
0
0
0
0
0
0
0
0
0
0
0
0
0
0
0
0
0
0
0
0
0
0
0
0
0
0
0
0
0
0
0
0
0
0
0
0
0
0
0
0
0
0
0
0
0
0
0
0
0
0
0
0
0
0
0
0
0
0
0
0
0
0
0
0
0
0
0
0
0
0
0
0
0
0
0
0
0
0
0
0
0
0
0
0
0
0
0
0
0
0
0
0
0.039201887482255
0.0532133753626937
0.0414589066092224
0.0264897208204331
0.0160249252069646
0
0
0
0
0
0
0
0
0
0
0
0
0
0
0
0
0
0
0
0
0
0
0
0
0
0
0
0
0
0
0
0
0
0
0
0
0
0
0
0
0
0
0
0
0
0
0
0
0
0
0
0
0
0
0
0
0
0
0
0
0
0
0
0
0
0
0
0
0
0
0
0
0
0
0
0
0
0
0
0
0
0
0
0
0
0
0
0
0
0
0
0
0
0
0
0
0
0
0
0
0
0
0
0
0
0
0
0
0
0
0
0
0
0
0
0
0
0
0
0
0
0
0
0
0
0
0
0
0
0
0
0
0
0
0
0
0
0
0
0
0
0
0
0
0
0.039083607880917
0.0530387854927624
0.0412804013053303
0.0263177134776399
0.0158660606822519
0.00933704363314158
0
0
0
0
0
0
0
0
0
0
0
0
0
0
0
0
0
0
0
0
0
0
0
0
0
0
0
0
0
0
0
0
0
0
0
0
0
0
0
0
0
0
0
0
0
0
0
0
0
0
0
0
0
0
0
0
0
0
0
0
0
0
0
0
0
0
0
0
0
0
0
0
0
0
0
0
0
0
0
0
0
0
0
0
0
0
0
0
0
0
0
0
0
0
0
0
0
0
0
0
0
0
0
0
0
0
0
0
0
0
0
0
0
0
0
0
0
0
0
0
0
0
0
0
0
0
0
0
0
0
0
0
0
0
0
0
0
0
0
0
0
0
0
0
0.0389684515444216
0.0528689216053973
0.0411020027038125
0.0261442944565678
0.0157057437196899
0.00920310388676968
0
0
0
0
0
0
0
0
0
0
0
0
0
0
0
0
0
0
0
0
0
0
0
0
0
0
0
0
0
0
0
0
0
0
0
0
0
0
0
0
0
0
0
0
0
0
0
0
0
0
0
0
0
0
0
0
0
0
0
0
0
0
0
0
0
0
0
0
0
0
0
0
0
0
0
0
0
0
0
0
0
0
0
0
0
0
0
0
0
0
0
0
0
0
0
0
0
0
0
0
0
0
0
0
0
0
0
0
0
0
0
0
0
0
0
0
0
0
0
0
0
0
0
0
0
0
0
0
0
0
0
0
0
0
0
0
0
0
0
0
0
0
0
0
0.0388565003303013
0.0527031659155438
0.0409235275904457
0.0259694622775827
0.0155443387287837
0.00906805411278948
0
0
0
0
0
0
0
0
0
0
0
0
0
0
0
0
0
0
0
0
0
0
0
0
0
0
0
0
0
0
0
0
0
0
0
0
0
0
0
0
0
0
0
0
0
0
0
0
0
0
0
0
0
0
0
0
0
0
0
0
0
0
0
0
0
0
0
0
0
0
0
0
0
0
0
0
0
0
0
0
0
0
0
0
0
0
0
0
0
0
0
0
0
0
0
0
0
0
0
0
0
0
0
0
0
0
0
0
0
0
0
0
0
0
0
0
0
0
0
0
0
0
0
0
0
0
0
0
0
0
0
0
0
0
0
0
0
0
0
0
0
0
0
0
0.0387471743649667
0.0525408635597647
0.0407444927201846
0.0257932613228628
0.0153824660322908
0.00893250941828579
0
0
0
0
0
0
0
0
0
0
0
0
0
0
0
0
0
0
0
0
0
0
0
0
0
0
0
0
0
0
0
0
0
0
0
0
0
0
0
0
0
0
0
0
0
0
0
0
0
0
0
0
0
0
0
0
0
0
0
0
0
0
0
0
0
0
0
0
0
0
0
0
0
0
0
0
0
0
0
0
0
0
0
0
0
0
0
0
0
0
0
0
0
0
0
0
0
0
0
0
0
0
0
0
0
0
0
0
0
0
0
0
0
0
0
0
0
0
0
0
0
0
0
0
0
0
0
0
0
0
0
0
0
0
0
0
0
0
0
0
0
0
0
0
0.0386416967865903
0.0523829051531837
0.04056452286676
0.0256152500393679
0.015219540991088
0.00879675008224103
0
0
0
0
0
0
0
0
0
0
0
0
0
0
0
0
0
0
0
0
0
0
0
0
0
0
0
0
0
0
0
0
0
0
0
0
0
0
0
0
0
0
0
0
0
0
0
0
0
0
0
0
0
0
0
0
0
0
0
0
0
0
0
0
0
0
0
0
0
0
0
0
0
0
0
0
0
0
0
0
0
0
0
0
0
0
0
0
0
0
0
0
0
0
0
0
0
0
0
0
0
0
0
0
0
0
0
0
0
0
0
0
0
0
0
0
0
0
0
0
0
0
0
0
0
0
0
0
0
0
0
0
0
0
0
0
0
0
0
0
0
0
0
0
0.0385409238258605
0.0522297987309377
0.0403839728498682
0.0254348766031373
0.0150554485126974
0.00866026752719774
0
0
0
0
0
0
0
0
0
0
0
0
0
0
0
0
0
0
0
0
0
0
0
0
0
0
0
0
0
0
0
0
0
0
0
0
0
0
0
0
0
0
0
0
0
0
0
0
0
0
0
0
0
0
0
0
0
0
0
0
0
0
0
0
0
0
0
0
0
0
0
0
0
0
0
0
0
0
0
0
0
0
0
0
0
0
0
0
0
0
0
0
0
0
0
0
0
0
0
0
0
0
0
0
0
0
0
0
0
0
0
0
0
0
0
0
0
0
0
0
0
0
0
0
0
0
0
0
0
0
0
0
0
0
0
0
0
0
0
0
0
0
0
0
0.0384450406422857
0.052082594720303
0.0402033622966904
0.0252523486030447
0.014889459419454
0.00852307626447629
0
0
0
0
0
0
0
0
0
0
0
0
0
0
0
0
0
0
0
0
0
0
0
0
0
0
0
0
0
0
0
0
0
0
0
0
0
0
0
0
0
0
0
0
0
0
0
0
0
0
0
0
0
0
0
0
0
0
0
0
0
0
0
0
0
0
0
0
0
0
0
0
0
0
0
0
0
0
0
0
0
0
0
0
0
0
0
0
0
0
0
0
0
0
0
0
0
0
0
0
0
0
0
0
0
0
0
0
0
0
0
0
0
0
0
0
0
0
0
0
0
0
0
0
0
0
0
0
0
0
0
0
0
0
0
0
0
0
0
0
0
0
0
0
0.0383522801295876
0.051941559420556
0.0400238700156106
0.0250683558825306
0.0147217151479368
0.00838434163222186
0.00510327594846097
0
0
0
0
0
0
0
0
0
0
0
0
0
0
0
0
0
0
0
0
0
0
0
0
0
0
0
0
0
0
0
0
0
0
0
0
0
0
0
0
0
0
0
0
0
0
0
0
0
0
0
0
0
0
0
0
0
0
0
0
0
0
0
0
0
0
0
0
0
0
0
0
0
0
0
0
0
0
0
0
0
0
0
0
0
0
0
0
0
0
0
0
0
0
0
0
0
0
0
0
0
0
0
0
0
0
0
0
0
0
0
0
0
0
0
0
0
0
0
0
0
0
0
0
0
0
0
0
0
0
0
0
0
0
0
0
0
0
0
0
0
0
0
0.03826344876268
0.0518049891930735
0.0398448869368299
0.0248835298419829
0.0145527682931683
0.00824420947865262
0.00496584915781611
0.00249143962188264
0
0
0
0
0
0
0
0
0
0
0
0
0
0
0
0
0
0
0
0
0
0
0
0
0
0
0
0
0
0
0
0
0
0
0
0
0
0
0
0
0
0
0
0
0
0
0
0
0
0
0
0
0
0
0
0
0
0
0
0
0
0
0
0
0
0
0
0
0
0
0
0
0
0
0
0
0
0
0
0
0
0
0
0
0
0
0
0
0
0
0
0
0
0
0
0
0
0
0
0
0
0
0
0
0
0
0
0
0
0
0
0
0
0
0
0
0
0
0
0
0
0
0
0
0
0
0
0
0
0
0
0
0
0
0
0
0
0
0
0
0
0
0.0381837935865426
0.0516753753490528
0.0396661812066907
0.0246970623496956
0.0143827919158697
0.00810305267908412
0.00482768640889939
0.00241525186226319
0.00114353536742843
0
0
0
0
0
0
0
0
0
0
0
0
0
0
0
0
0
0
0
0
0
0
0
0
0
0
0
0
0
0
0
0
0
0
0
0
0
0
0
0
0
0
0
0
0
0
0
0
0
0
0
0
0
0
0
0
0
0
0
0
0
0
0
0
0
0
0
0
0
0
0
0
0
0
0
0
0
0
0
0
0
0
0
0
0
0
0
0
0
0
0
0
0
0
0
0
0
0
0
0
0
0
0
0
0
0
0
0
0
0
0
0
0
0
0
0
0
0
0
0
0
0
0
0
0
0
0
0
0
0
0
0
0
0
0
0
0
0
0
0
0
0.0378739990140336
0.0514627083661067
0.0394522651786687
0.0244976926767467
0.0142173306630721
0.00796552044343224
0.00469112989415328
0
0
0
0
0
0
0
0
0
0
0
0
0
0
0
0
0
0
0
0
0
0
0
0
0
0
0
0
0
0
0
0
0
0
0
0
0
0
0
0
0
0
0
0
0
0
0
0
0
0
0
0
0
0
0
0
0
0
0
0
0
0
0
0
0
0
0
0
0
0
0
0
0
0
0
0
0
0
0
0
0
0
0
0
0
0
0
0
0
0
0
0
0
0
0
0
0
0
0
0
0
0
0
0
0
0
0
0
0
0
0
0
0
0
0
0
0
0
0
0
0
0
0
0
0
0
0
0
0
0
0
0
0
0
0
0
0
0
0
0
0
0
0
0.0375411914584175
0.0510128453199114
0.0391450933810591
0.024259505201045
0.0140387364693409
0.00783326263066601
0
0
0
0
0
0
0
0
0
0
0
0
0
0
0
0
0
0
0
0
0
0
0
0
0
0
0
0
0
0
0
0
0
0
0
0
0
0
0
0
0
0
0
0
0
0
0
0
0
0
0
0
0
0
0
0
0
0
0
0
0
0
0
0
0
0
0
0
0
0
0
0
0
0
0
0
0
0
0
0
0
0
0
0
0
0
0
0
0
0
0
0
0
0
0
0
0
0
0
0
0
0
0
0
0
0
0
0
0
0
0
0
0
0
0
0
0
0
0
0
0
0
0
0
0
0
0
0
0
0
0
0
0
0
0
0
0
0
0
0
0
0
0
0
0.0372129891654398
0.0505576115225482
0.0387308841783089
0.0239784486769172
0.0138424110398575
0.00769485733509936
0
0
0
0
0
0
0
0
0
0
0
0
0
0
0
0
0
0
0
0
0
0
0
0
0
0
0
0
0
0
0
0
0
0
0
0
0
0
0
0
0
0
0
0
0
0
0
0
0
0
0
0
0
0
0
0
0
0
0
0
0
0
0
0
0
0
0
0
0
0
0
0
0
0
0
0
0
0
0
0
0
0
0
0
0
0
0
0
0
0
0
0
0
0
0
0
0
0
0
0
0
0
0
0
0
0
0
0
0
0
0
0
0
0
0
0
0
0
0
0
0
0
0
0
0
0
0
0
0
0
0
0
0
0
0
0
0
0
0
0
0
0
0
0
0.0368880912277469
0.0501077391410892
0.0383139048417245
0.0236504938221778
0.0136279073628702
0.0075486040704646
0
0
0
0
0
0
0
0
0
0
0
0
0
0
0
0
0
0
0
0
0
0
0
0
0
0
0
0
0
0
0
0
0
0
0
0
0
0
0
0
0
0
0
0
0
0
0
0
0
0
0
0
0
0
0
0
0
0
0
0
0
0
0
0
0
0
0
0
0
0
0
0
0
0
0
0
0
0
0
0
0
0
0
0
0
0
0
0
0
0
0
0
0
0
0
0
0
0
0
0
0
0
0
0
0
0
0
0
0
0
0
0
0
0
0
0
0
0
0
0
0
0
0
0
0
0
0
0
0
0
0
0
0
0
0
0
0
0
0
0
0
0
0
0
0.0365672694539078
0.0496625726577459
0.0378964520074375
0.0233179324018695
0.013385341636698
0.00739131289397648
0
0
0
0
0
0
0
0
0
0
0
0
0
0
0
0
0
0
0
0
0
0
0
0
0
0
0
0
0
0
0
0
0
0
0
0
0
0
0
0
0
0
0
0
0
0
0
0
0
0
0
0
0
0
0
0
0
0
0
0
0
0
0
0
0
0
0
0
0
0
0
0
0
0
0
0
0
0
0
0
0
0
0
0
0
0
0
0
0
0
0
0
0
0
0
0
0
0
0
0
0
0
0
0
0
0
0
0
0
0
0
0
0
0
0
0
0
0
0
0
0
0
0
0
0
0
0
0
0
0
0
0
0
0
0
0
0
0
0
0
0
0
0
0
0.0362502377948552
0.049223299209475
0.0374788292957777
0.022983025771326
0.01313829290539
0
0
0
0
0
0
0
0
0
0
0
0
0
0
0
0
0
0
0
0
0
0
0
0
0
0
0
0
0
0
0
0
0
0
0
0
0
0
0
0
0
0
0
0
0
0
0
0
0
0
0
0
0
0
0
0
0
0
0
0
0
0
0
0
0
0
0
0
0
0
0
0
0
0
0
0
0
0
0
0
0
0
0
0
0
0
0
0
0
0
0
0
0
0
0
0
0
0
0
0
0
0
0
0
0
0
0
0
0
0
0
0
0
0
0
0
0
0
0
0
0
0
0
0
0
0
0
0
0
0
0
0
0
0
0
0
0
0
0
0
0
0
0
0
0
0.0359385164568187
0.0487893183739678
0.0370620638417835
0.0226464477259588
0.0128894531118801
0
0
0
0
0
0
0
0
0
0
0
0
0
0
0
0
0
0
0
0
0
0
0
0
0
0
0
0
0
0
0
0
0
0
0
0
0
0
0
0
0
0
0
0
0
0
0
0
0
0
0
0
0
0
0
0
0
0
0
0
0
0
0
0
0
0
0
0
0
0
0
0
0
0
0
0
0
0
0
0
0
0
0
0
0
0
0
0
0
0
0
0
0
0
0
0
0
0
0
0
0
0
0
0
0
0
0
0
0
0
0
0
0
0
0
0
0
0
0
0
0
0
0
0
0
0
0
0
0
0
0
0
0
0
0
0
0
0
0
0
0
0
0
0
0
0.0356294401107041
0.0483599541222104
0.0366449642161971
0.0223089197596631
0.0126396294226242
0
0
0
0
0
0
0
0
0
0
0
0
0
0
0
0
0
0
0
0
0
0
0
0
0
0
0
0
0
0
0
0
0
0
0
0
0
0
0
0
0
0
0
0
0
0
0
0
0
0
0
0
0
0
0
0
0
0
0
0
0
0
0
0
0
0
0
0
0
0
0
0
0
0
0
0
0
0
0
0
0
0
0
0
0
0
0
0
0
0
0
0
0
0
0
0
0
0
0
0
0
0
0
0
0
0
0
0
0
0
0
0
0
0
0
0
0
0
0
0
0
0
0
0
0
0
0
0
0
0
0
0
0
0
0
0
0
0
0
0
0
0
0
0
0
0.0353234960992947
0.0479346603426844
0.0362265034362007
0.0219692616672067
0.0123891074436647
0
0
0
0
0
0
0
0
0
0
0
0
0
0
0
0
0
0
0
0
0
0
0
0
0
0
0
0
0
0
0
0
0
0
0
0
0
0
0
0
0
0
0
0
0
0
0
0
0
0
0
0
0
0
0
0
0
0
0
0
0
0
0
0
0
0
0
0
0
0
0
0
0
0
0
0
0
0
0
0
0
0
0
0
0
0
0
0
0
0
0
0
0
0
0
0
0
0
0
0
0
0
0
0
0
0
0
0
0
0
0
0
0
0
0
0
0
0
0
0
0
0
0
0
0
0
0
0
0
0
0
0
0
0
0
0
0
0
0
0
0
0
0
0
0
0.0350202292804821
0.0475137273096539
0.0358077860909515
0.0216273317217897
0.0121370232819285
0
0
0
0
0
0
0
0
0
0
0
0
0
0
0
0
0
0
0
0
0
0
0
0
0
0
0
0
0
0
0
0
0
0
0
0
0
0
0
0
0
0
0
0
0
0
0
0
0
0
0
0
0
0
0
0
0
0
0
0
0
0
0
0
0
0
0
0
0
0
0
0
0
0
0
0
0
0
0
0
0
0
0
0
0
0
0
0
0
0
0
0
0
0
0
0
0
0
0
0
0
0
0
0
0
0
0
0
0
0
0
0
0
0
0
0
0
0
0
0
0
0
0
0
0
0
0
0
0
0
0
0
0
0
0
0
0
0
0
0
0
0
0
0
0
0.0347223001226242
0.0470966827608899
0.0353894979092188
0.0212835042223353
0.0118826934170732
0
0
0
0
0
0
0
0
0
0
0
0
0
0
0
0
0
0
0
0
0
0
0
0
0
0
0
0
0
0
0
0
0
0
0
0
0
0
0
0
0
0
0
0
0
0
0
0
0
0
0
0
0
0
0
0
0
0
0
0
0
0
0
0
0
0
0
0
0
0
0
0
0
0
0
0
0
0
0
0
0
0
0
0
0
0
0
0
0
0
0
0
0
0
0
0
0
0
0
0
0
0
0
0
0
0
0
0
0
0
0
0
0
0
0
0
0
0
0
0
0
0
0
0
0
0
0
0
0
0
0
0
0
0
0
0
0
0
0
0
0
0
0
0
0
0.0344273443567432
0.0466824576752485
0.0349703586035315
0.0209374327636349
0.0116271195772355
0
0
0
0
0
0
0
0
0
0
0
0
0
0
0
0
0
0
0
0
0
0
0
0
0
0
0
0
0
0
0
0
0
0
0
0
0
0
0
0
0
0
0
0
0
0
0
0
0
0
0
0
0
0
0
0
0
0
0
0
0
0
0
0
0
0
0
0
0
0
0
0
0
0
0
0
0
0
0
0
0
0
0
0
0
0
0
0
0
0
0
0
0
0
0
0
0
0
0
0
0
0
0
0
0
0
0
0
0
0
0
0
0
0
0
0
0
0
0
0
0
0
0
0
0
0
0
0
0
0
0
0
0
0
0
0
0
0
0
0
0
0
0
0
0
0.0341376018584297
0.0462729487089717
0.0345516116741535
0.0205895514257862
0
0
0
0
0
0
0
0
0
0
0
0
0
0
0
0
0
0
0
0
0
0
0
0
0
0
0
0
0
0
0
0
0
0
0
0
0
0
0
0
0
0
0
0
0
0
0
0
0
0
0
0
0
0
0
0
0
0
0
0
0
0
0
0
0
0
0
0
0
0
0
0
0
0
0
0
0
0
0
0
0
0
0
0
0
0
0
0
0
0
0
0
0
0
0
0
0
0
0
0
0
0
0
0
0
0
0
0
0
0
0
0
0
0
0
0
0
0
0
0
0
0
0
0
0
0
0
0
0
0
0
0
0
0
0
0
0
0
0
0
0
0
0
0
0
0
0.0338529408532152
0.045867551081191
0.0341327046817675
0.0202406061617101
0
0
0
0
0
0
0
0
0
0
0
0
0
0
0
0
0
0
0
0
0
0
0
0
0
0
0
0
0
0
0
0
0
0
0
0
0
0
0
0
0
0
0
0
0
0
0
0
0
0
0
0
0
0
0
0
0
0
0
0
0
0
0
0
0
0
0
0
0
0
0
0
0
0
0
0
0
0
0
0
0
0
0
0
0
0
0
0
0
0
0
0
0
0
0
0
0
0
0
0
0
0
0
0
0
0
0
0
0
0
0
0
0
0
0
0
0
0
0
0
0
0
0
0
0
0
0
0
0
0
0
0
0
0
0
0
0
0
0
0
0
0
0
0
0
0
0.0335789304044088
0.0454738836232135
0.0337143271705378
0.0198902577295909
0
0
0
0
0
0
0
0
0
0
0
0
0
0
0
0
0
0
0
0
0
0
0
0
0
0
0
0
0
0
0
0
0
0
0
0
0
0
0
0
0
0
0
0
0
0
0
0
0
0
0
0
0
0
0
0
0
0
0
0
0
0
0
0
0
0
0
0
0
0
0
0
0
0
0
0
0
0
0
0
0
0
0
0
0
0
0
0
0
0
0
0
0
0
0
0
0
0
0
0
0
0
0
0
0
0
0
0
0
0
0
0
0
0
0
0
0
0
0
0
0
0
0
0
0
0
0
0
0
0
0
0
0
0
0
0
0
0
0
0
0
0
0
0
0
0
0.033307111424159
0.0450858063242524
0.0333027167729188
0.0195395169736296
0
0
0
0
0
0
0
0
0
0
0
0
0
0
0
0
0
0
0
0
0
0
0
0
0
0
0
0
0
0
0
0
0
0
0
0
0
0
0
0
0
0
0
0
0
0
0
0
0
0
0
0
0
0
0
0
0
0
0
0
0
0
0
0
0
0
0
0
0
0
0
0
0
0
0
0
0
0
0
0
0
0
0
0
0
0
0
0
0
0
0
0
0
0
0
0
0
0
0
0
0
0
0
0
0
0
0
0
0
0
0
0
0
0
0
0
0
0
0
0
0
0
0
0
0
0
0
0
0
0
0
0
0
0
0
0
0
0
0
0
0
0
0
0
0
0
0.033039880512756
0.0447012820818134
0.0328936242197647
0.019191814447026
0
0
0
0
0
0
0
0
0
0
0
0
0
0
0
0
0
0
0
0
0
0
0
0
0
0
0
0
0
0
0
0
0
0
0
0
0
0
0
0
0
0
0
0
0
0
0
0
0
0
0
0
0
0
0
0
0
0
0
0
0
0
0
0
0
0
0
0
0
0
0
0
0
0
0
0
0
0
0
0
0
0
0
0
0
0
0
0
0
0
0
0
0
0
0
0
0
0
0
0
0
0
0
0
0
0
0
0
0
0
0
0
0
0
0
0
0
0
0
0
0
0
0
0
0
0
0
0
0
0
0
0
0
0
0
0
0
0
0
0
0
0
0
0
0
0
0.0327760661741545
0.0443233938393857
0.032484114657228
0.0188440117382835
0
0
0
0
0
0
0
0
0
0
0
0
0
0
0
0
0
0
0
0
0
0
0
0
0
0
0
0
0
0
0
0
0
0
0
0
0
0
0
0
0
0
0
0
0
0
0
0
0
0
0
0
0
0
0
0
0
0
0
0
0
0
0
0
0
0
0
0
0
0
0
0
0
0
0
0
0
0
0
0
0
0
0
0
0
0
0
0
0
0
0
0
0
0
0
0
0
0
0
0
0
0
0
0
0
0
0
0
0
0
0
0
0
0
0
0
0
0
0
0
0
0
0
0
0
0
0
0
0
0
0
0
0
0
0
0
0
0
0
0
0
0
0
0
0
0
0.0325155150239776
0.0439505452236084
0.0320760332846212
0.0184944687888074
0
0
0
0
0
0
0
0
0
0
0
0
0
0
0
0
0
0
0
0
0
0
0
0
0
0
0
0
0
0
0
0
0
0
0
0
0
0
0
0
0
0
0
0
0
0
0
0
0
0
0
0
0
0
0
0
0
0
0
0
0
0
0
0
0
0
0
0
0
0
0
0
0
0
0
0
0
0
0
0
0
0
0
0
0
0
0
0
0
0
0
0
0
0
0
0
0
0
0
0
0
0
0
0
0
0
0
0
0
0
0
0
0
0
0
0
0
0
0
0
0
0
0
0
0
0
0
0
0
0
0
0
0
0
0
0
0
0
0
0
0
0
0
0
0
0
0.0322582919151591
0.0435823961848036
0.0316681220941127
0
0
0
0
0
0
0
0
0
0
0
0
0
0
0
0
0
0
0
0
0
0
0
0
0
0
0
0
0
0
0
0
0
0
0
0
0
0
0
0
0
0
0
0
0
0
0
0
0
0
0
0
0
0
0
0
0
0
0
0
0
0
0
0
0
0
0
0
0
0
0
0
0
0
0
0
0
0
0
0
0
0
0
0
0
0
0
0
0
0
0
0
0
0
0
0
0
0
0
0
0
0
0
0
0
0
0
0
0
0
0
0
0
0
0
0
0
0
0
0
0
0
0
0
0
0
0
0
0
0
0
0
0
0
0
0
0
0
0
0
0
0
0
0
0
0
0
0.0320071865871168
0.0432190133676943
0.0312597171180465
0
0
0
0
0
0
0
0
0
0
0
0
0
0
0
0
0
0
0
0
0
0
0
0
0
0
0
0
0
0
0
0
0
0
0
0
0
0
0
0
0
0
0
0
0
0
0
0
0
0
0
0
0
0
0
0
0
0
0
0
0
0
0
0
0
0
0
0
0
0
0
0
0
0
0
0
0
0
0
0
0
0
0
0
0
0
0
0
0
0
0
0
0
0
0
0
0
0
0
0
0
0
0
0
0
0
0
0
0
0
0
0
0
0
0
0
0
0
0
0
0
0
0
0
0
0
0
0
0
0
0
0
0
0
0
0
0
0
0
0
0
0
0
0
0
0
0
0.031758944170788
0.0428641534390479
0.0308515794382263
0
0
0
0
0
0
0
0
0
0
0
0
0
0
0
0
0
0
0
0
0
0
0
0
0
0
0
0
0
0
0
0
0
0
0
0
0
0
0
0
0
0
0
0
0
0
0
0
0
0
0
0
0
0
0
0
0
0
0
0
0
0
0
0
0
0
0
0
0
0
0
0
0
0
0
0
0
0
0
0
0
0
0
0
0
0
0
0
0
0
0
0
0
0
0
0
0
0
0
0
0
0
0
0
0
0
0
0
0
0
0
0
0
0
0
0
0
0
0
0
0
0
0
0
0
0
0
0
0
0
0
0
0
0
0
0
0
0
0
0
0
0
0
0
0
0
0
0.0315162320403607
0.0425141400766621
0.0304459977545856
0
0
0
0
0
0
0
0
0
0
0
0
0
0
0
0
0
0
0
0
0
0
0
0
0
0
0
0
0
0
0
0
0
0
0
0
0
0
0
0
0
0
0
0
0
0
0
0
0
0
0
0
0
0
0
0
0
0
0
0
0
0
0
0
0
0
0
0
0
0
0
0
0
0
0
0
0
0
0
0
0
0
0
0
0
0
0
0
0
0
0
0
0
0
0
0
0
0
0
0
0
0
0
0
0
0
0
0
0
0
0
0
0
0
0
0
0
0
0
0
0
0
0
0
0
0
0
0
0
0
0
0
0
0
0
0
0
0
0
0
0
0
0
0
0
0
0
0.0312740165206885
0.0421650053841656
0.0300390140709121
0
0
0
0
0
0
0
0
0
0
0
0
0
0
0
0
0
0
0
0
0
0
0
0
0
0
0
0
0
0
0
0
0
0
0
0
0
0
0
0
0
0
0
0
0
0
0
0
0
0
0
0
0
0
0
0
0
0
0
0
0
0
0
0
0
0
0
0
0
0
0
0
0
0
0
0
0
0
0
0
0
0
0
0
0
0
0
0
0
0
0
0
0
0
0
0
0
0
0
0
0
0
0
0
0
0
0
0
0
0
0
0
0
0
0
0
0
0
0
0
0
0
0
0
0
0
0
0
0
0
0
0
0
0
0
0
0
0
0
0
0
0
0
0
0
0
0
0.0310296046069028
0.0418099915664455
0.029617056662104
0
0
0
0
0
0
0
0
0
0
0
0
0
0
0
0
0
0
0
0
0
0
0
0
0
0
0
0
0
0
0
0
0
0
0
0
0
0
0
0
0
0
0
0
0
0
0
0
0
0
0
0
0
0
0
0
0
0
0
0
0
0
0
0
0
0
0
0
0
0
0
0
0
0
0
0
0
0
0
0
0
0
0
0
0
0
0
0
0
0
0
0
0
0
0
0
0
0
0
0
0
0
0
0
0
0
0
0
0
0
0
0
0
0
0
0
0
0
0
0
0
0
0
0
0
0
0
0
0
0
0
0
0
0
0
0
0
0
0
0
0
0
0
0
0
0
0
0.0307882710128597
0.0414577133816174
0.0291906261687709
0
0
0
0
0
0
0
0
0
0
0
0
0
0
0
0
0
0
0
0
0
0
0
0
0
0
0
0
0
0
0
0
0
0
0
0
0
0
0
0
0
0
0
0
0
0
0
0
0
0
0
0
0
0
0
0
0
0
0
0
0
0
0
0
0
0
0
0
0
0
0
0
0
0
0
0
0
0
0
0
0
0
0
0
0
0
0
0
0
0
0
0
0
0
0
0
0
0
0
0
0
0
0
0
0
0
0
0
0
0
0
0
0
0
0
0
0
0
0
0
0
0
0
0
0
0
0
0
0
0
0
0
0
0
0
0
0
0
0
0
0
0
0
0
0
0
0
0.0305495979382517
0.0411100363071056
0.0287631913758063
0
0
0
0
0
0
0
0
0
0
0
0
0
0
0
0
0
0
0
0
0
0
0
0
0
0
0
0
0
0
0
0
0
0
0
0
0
0
0
0
0
0
0
0
0
0
0
0
0
0
0
0
0
0
0
0
0
0
0
0
0
0
0
0
0
0
0
0
0
0
0
0
0
0
0
0
0
0
0
0
0
0
0
0
0
0
0
0
0
0
0
0
0
0
0
0
0
0
0
0
0
0
0
0
0
0
0
0
0
0
0
0
0
0
0
0
0
0
0
0
0
0
0
0
0
0
0
0
0
0
0
0
0
0
0
0
0
0
0
0
0
0
0
0
0
0
0
0.0303137262827083
0.0407666925134135
0
0
0
0
0
0
0
0
0
0
0
0
0
0
0
0
0
0
0
0
0
0
0
0
0
0
0
0
0
0
0
0
0
0
0
0
0
0
0
0
0
0
0
0
0
0
0
0
0
0
0
0
0
0
0
0
0
0
0
0
0
0
0
0
0
0
0
0
0
0
0
0
0
0
0
0
0
0
0
0
0
0
0
0
0
0
0
0
0
0
0
0
0
0
0
0
0
0
0
0
0
0
0
0
0
0
0
0
0
0
0
0
0
0
0
0
0
0
0
0
0
0
0
0
0
0
0
0
0
0
0
0
0
0
0
0
0
0
0
0
0
0
0
0
0
0
0
0
0.0300819179369399
0.0404280680937288
0
0
0
0
0
0
0
0
0
0
0
0
0
0
0
0
0
0
0
0
0
0
0
0
0
0
0
0
0
0
0
0
0
0
0
0
0
0
0
0
0
0
0
0
0
0
0
0
0
0
0
0
0
0
0
0
0
0
0
0
0
0
0
0
0
0
0
0
0
0
0
0
0
0
0
0
0
0
0
0
0
0
0
0
0
0
0
0
0
0
0
0
0
0
0
0
0
0
0
0
0
0
0
0
0
0
0
0
0
0
0
0
0
0
0
0
0
0
0
0
0
0
0
0
0
0
0
0
0
0
0
0
0
0
0
0
0
0
0
0
0
0
0
0
0
0
0
0
0.0298552912859623
0.0400961790420505
0
0
0
0
0
0
0
0
0
0
0
0
0
0
0
0
0
0
0
0
0
0
0
0
0
0
0
0
0
0
0
0
0
0
0
0
0
0
0
0
0
0
0
0
0
0
0
0
0
0
0
0
0
0
0
0
0
0
0
0
0
0
0
0
0
0
0
0
0
0
0
0
0
0
0
0
0
0
0
0
0
0
0
0
0
0
0
0
0
0
0
0
0
0
0
0
0
0
0
0
0
0
0
0
0
0
0
0
0
0
0
0
0
0
0
0
0
0
0
0
0
0
0
0
0
0
0
0
0
0
0
0
0
0
0
0
0
0
0
0
0
0
0
0
0
0
0
0
0.0296316577815057
0.0397716915541671
0
0
0
0
0
0
0
0
0
0
0
0
0
0
0
0
0
0
0
0
0
0
0
0
0
0
0
0
0
0
0
0
0
0
0
0
0
0
0
0
0
0
0
0
0
0
0
0
0
0
0
0
0
0
0
0
0
0
0
0
0
0
0
0
0
0
0
0
0
0
0
0
0
0
0
0
0
0
0
0
0
0
0
0
0
0
0
0
0
0
0
0
0
0
0
0
0
0
0
0
0
0
0
0
0
0
0
0
0
0
0
0
0
0
0
0
0
0
0
0
0
0
0
0
0
0
0
0
0
0
0
0
0
0
0
0
0
0
0
0
0
0
0
0
0
0
0
0
0.0294117769831757
0.0394520357816787
0
0
0
0
0
0
0
0
0
0
0
0
0
0
0
0
0
0
0
0
0
0
0
0
0
0
0
0
0
0
0
0
0
0
0
0
0
0
0
0
0
0
0
0
0
0
0
0
0
0
0
0
0
0
0
0
0
0
0
0
0
0
0
0
0
0
0
0
0
0
0
0
0
0
0
0
0
0
0
0
0
0
0
0
0
0
0
0
0
0
0
0
0
0
0
0
0
0
0
0
0
0
0
0
0
0
0
0
0
0
0
0
0
0
0
0
0
0
0
0
0
0
0
0
0
0
0
0
0
0
0
0
0
0
0
0
0
0
0
0
0
0
0
0
0
0
0
0
0.0291953074131436
0
0
0
0
0
0
0
0
0
0
0
0
0
0
0
0
0
0
0
0
0
0
0
0
0
0
0
0
0
0
0
0
0
0
0
0
0
0
0
0
0
0
0
0
0
0
0
0
0
0
0
0
0
0
0
0
0
0
0
0
0
0
0
0
0
0
0
0
0
0
0
0
0
0
0
0
0
0
0
0
0
0
0
0
0
0
0
0
0
0
0
0
0
0
0
0
0
0
0
0
0
0
0
0
0
0
0
0
0
0
0
0
0
0
0
0
0
0
0
0
0
0
0
0
0
0
0
0
0
0
0
0
0
0
0
0
0
0
0
0
0
0
0
0
0
0
0
0
0
0.0289812242277721
0
0
0
0
0
0
0
0
0
0
0
0
0
0
0
0
0
0
0
0
0
0
0
0
0
0
0
0
0
0
0
0
0
0
0
0
0
0
0
0
0
0
0
0
0
0
0
0
0
0
0
0
0
0
0
0
0
0
0
0
0
0
0
0
0
0
0
0
0
0
0
0
0
0
0
0
0
0
0
0
0
0
0
0
0
0
0
0
0
0
0
0
0
0
0
0
0
0
0
0
0
0
0
0
0
0
0
0
0
0
0
0
0
0
0
0
0
0
0
0
0
0
0
0
0
0
0
0
0
0
0
0
0
0
0
0
0
0
0
0
0
0
0
0
0
0
0
0
0
0.0287698236040048
0
0
0
0
0
0
0
0
0
0
0
0
0
0
0
0
0
0
0
0
0
0
0
0
0
0
0
0
0
0
0
0
0
0
0
0
0
0
0
0
0
0
0
0
0
0
0
0
0
0
0
0
0
0
0
0
0
0
0
0
0
0
0
0
0
0
0
0
0
0
0
0
0
0
0
0
0
0
0
0
0
0
0
0
0
0
0
0
0
0
0
0
0
0
0
0
0
0
0
0
0
0
0
0
0
0
0
0
0
0
0
0
0
0
0
0
0
0
0
0
0
0
0
0
0
0
0
0
0
0
0
0
0
0
0
0
0
0
0
0
0
0
0
0
0
0
0
0
0
0.028561822658938
0
0
0
0
0
0
0
0
0
0
0
0
0
0
0
0
0
0
0
0
0
0
0
0
0
0
0
0
0
0
0
0
0
0
0
0
0
0
0
0
0
0
0
0
0
0
0
0
0
0
0
0
0
0
0
0
0
0
0
0
0
0
0
0
0
0
0
0
0
0
0
0
0
0
0
0
0
0
0
0
0
0
0
0
0
0
0
0
0
0
0
0
0
0
0
0
0
0
0
0
0
0
0
0
0
0
0
0
0
0
0
0
0
0
0
0
0
0
0
0
0
0
0
0
0
0
0
0
0
0
0
0
0
0
0
0
0
0
0
0
0
0
0
0
0
0
0
0
0
0.0283562194516206
0
0
0
0
0
0
0
0
0
0
0
0
0
0
0
0
0
0
0
0
0
0
0
0
0
0
0
0
0
0
0
0
0
0
0
0
0
0
0
0
0
0
0
0
0
0
0
0
0
0
0
0
0
0
0
0
0
0
0
0
0
0
0
0
0
0
0
0
0
0
0
0
0
0
0
0
0
0
0
0
0
0
0
0
0
0
0
0
0
0
0
0
0
0
0
0
0
0
0
0
0
0
0
0
0
0
0
0
0
0
0
0
0
0
0
0
0
0
0
0
0
0
0
0
0
0
0
0
0
0
0
0
0
0
0
0
0
0
0
0
0
0
0
0
0
0
0
0
0
0.0281534860577011
0
0
0
0
0
0
0
0
0
0
0
0
0
0
0
0
0
0
0
0
0
0
0
0
0
0
0
0
0
0
0
0
0
0
0
0
0
0
0
0
0
0
0
0
0
0
0
0
0
0
0
0
0
0
0
0
0
0
0
0
0
0
0
0
0
0
0
0
0
0
0
0
0
0
0
0
0
0
0
0
0
0
0
0
0
0
0
0
0
0
0
0
0
0
0
0
0
0
0
0
0
0
0
0
0
0
0
0
0
0
0
0
0
0
0
0
0
0
0
0
0
0
0
0
0
0
0
0
0
0
0
0
0
0
0
0
0
0
0
0
0
0
0
0
0
0
0
0
0
0.0279545101637678
0
0
0
0
0
0
0
0
0
0
0
0
0
0
0
0
0
0
0
0
0
0
0
0
0
0
0
0
0
0
0
0
0
0
0
0
0
0
0
0
0
0
0
0
0
0
0
0
0
0
0
0
0
0
0
0
0
0
0
0
0
0
0
0
0
0
0
0
0
0
0
0
0
0
0
0
0
0
0
0
0
0
0
0
0
0
0
0
0
0
0
0
0
0
0
0
0
0
0
0
0
0
0
0
0
0
0
0
0
0
0
0
0
0
0
0
0
0
0
0
0
0
0
0
0
0
0
0
0
0
0
0
0
0
0
0
0
0
0
0
0
0
0
0
0
0
0
0
0
0.0277640638232205
0
0
0
0
0
0
0
0
0
0
0
0
0
0
0
0
0
0
0
0
0
0
0
0
0
0
0
0
0
0
0
0
0
0
0
0
0
0
0
0
0
0
0
0
0
0
0
0
0
0
0
0
0
0
0
0
0
0
0
0
0
0
0
0
0
0
0
0
0
0
0
0
0
0
0
0
0
0
0
0
0
0
0
0
0
0
0
0
0
0
0
0
0
0
0
0
0
0
0
0
0
0
0
0
0
0
0
0
0
0
0
0
0
0
0
0
0
0
0
0
0
0
0
0
0
0
0
0
0
0
0
0
0
0
0
0
0
0
0
0
0
0
0
0
0
0
0
0
0
0.0275768577790306
0
0
0
0
0
0
0
0
0
0
0
0
0
0
0
0
0
0
0
0
0
0
0
0
0
0
0
0
0
0
0
0
0
0
0
0
0
0
0
0
0
0
0
0
0
0
0
0
0
0
0
0
0
0
0
0
0
0
0
0
0
0
0
0
0
0
0
0
0
0
0
0
0
0
0
0
0
0
0
0
0
0
0
0
0
0
0
0
0
0
0
0
0
0
0
0
0
0
0
0
0
0
0
0
0
0
0
0
0
0
0
0
0
0
0
0
0
0
0
0
0
0
0
0
0
0
0
0
0
0
0
0
0
0
0
0
0
0
0
0
0
0
0
0
0
0
0
0
0
0.0273934690984795
0
0
0
0
0
0
0
0
0
0
0
0
0
0
0
0
0
0
0
0
0
0
0
0
0
0
0
0
0
0
0
0
0
0
0
0
0
0
0
0
0
0
0
0
0
0
0
0
0
0
0
0
0
0
0
0
0
0
0
0
0
0
0
0
0
0
0
0
0
0
0
0
0
0
0
0
0
0
0
0
0
0
0
0
0
0
0
0
0
0
0
0
0
0
0
0
0
0
0
0
0
0
0
0
0
0
0
0
0
0
0
0
0
0
0
0
0
0
0
0
0
0
0
0
0
0
0
0
0
0
0
0
0
0
0
0
0
0
0
0
0
0
0
0
0
0
0
0
0
0.0272129159114991
0
0
0
0
0
0
0
0
0
0
0
0
0
0
0
0
0
0
0
0
0
0
0
0
0
0
0
0
0
0
0
0
0
0
0
0
0
0
0
0
0
0
0
0
0
0
0
0
0
0
0
0
0
0
0
0
0
0
0
0
0
0
0
0
0
0
0
0
0
0
0
0
0
0
0
0
0
0
0
0
0
0
0
0
0
0
0
0
0
0
0
0
0
0
0
0
0
0
0
0
0
0
0
0
0
0
0
0
0
0
0
0
0
0
0
0
0
0
0
0
0
0
0
0
0
0
0
0
0
0
0
0
0
0
0
0
0
0
0
0
0
0
0
0
0
0
0
0
0
0.0270346316748746
0.0359600846682626
0
0
0
0
0
0
0
0
0
0
0
0
0
0
0
0
0
0
0
0
0
0
0
0
0
0
0
0
0
0
0
0
0
0
0
0
0
0
0
0
0
0
0
0
0
0
0
0
0
0
0
0
0
0
0
0
0
0
0
0
0
0
0
0
0
0
0
0
0
0
0
0
0
0
0
0
0
0
0
0
0
0
0
0
0
0
0
0
0
0
0
0
0
0
0
0
0
0
0
0
0
0
0
0
0
0
0
0
0
0
0
0
0
0
0
0
0
0
0
0
0
0
0
0
0
0
0
0
0
0
0
0
0
0
0
0
0
0
0
0
0
0
0
0
0
0
0
0
0.0268599281845001
0
0
0
0
0
0
0
0
0
0
0
0
0
0
0
0
0
0
0
0
0
0
0
0
0
0
0
0
0
0
0
0
0
0
0
0
0
0
0
0
0
0
0
0
0
0
0
0
0
0
0
0
0
0
0
0
0
0
0
0
0
0
0
0
0
0
0
0
0
0
0
0
0
0
0
0
0
0
0
0
0
0
0
0
0
0
0
0
0
0
0
0
0
0
0
0
0
0
0
0
0
0
0
0
0
0
0
0
0
0
0
0
0
0
0
0
0
0
0
0
0
0
0
0
0
0
0
0
0
0
0
0
0
0
0
0
0
0
0
0
0
0
0
0
0
0
0
0
0
0.0266677835268527
0
0
0
0
0
0
0
0
0
0
0
0
0
0
0
0
0
0
0
0
0
0
0
0
0
0
0
0
0
0
0
0
0
0
0
0
0
0
0
0
0
0
0
0
0
0
0
0
0
0
0
0
0
0
0
0
0
0
0
0
0
0
0
0
0
0
0
0
0
0
0
0
0
0
0
0
0
0
0
0
0
0
0
0
0
0
0
0
0
0
0
0
0
0
0
0
0
0
0
0
0
0
0
0
0
0
0
0
0
0
0
0
0
0
0
0
0
0
0
0
0
0
0
0
0
0
0
0
0
0
0
0
0
0
0
0
0
0
0
0
0
0
0
0
0
0
0
0
0
0.0264780841287537
0
0
0
0
0
0
0
0
0
0
0
0
0
0
0
0
0
0
0
0
0
0
0
0
0
0
0
0
0
0
0
0
0
0
0
0
0
0
0
0
0
0
0
0
0
0
0
0
0
0
0
0
0
0
0
0
0
0
0
0
0
0
0
0
0
0
0
0
0
0
0
0
0
0
0
0
0
0
0
0
0
0
0
0
0
0
0
0
0
0
0
0
0
0
0
0
0
0
0
0
0
0
0
0
0
0
0
0
0
0
0
0
0
0
0
0
0
0
0
0
0
0
0
0
0
0
0
0
0
0
0
0
0
0
0
0
0
0
0
0
0
0
0
0
0
0
0
0
0
0
0
0
0
0
0
0
0
0
0
0
0
0
0
0
0
0
0
0
0
0
0
0
0
0
0
0
0
0
0
0
0
0
0
0
0
0
0
0
0
0
0
0
0
0
0
0
0
0
0
0
0
0
0
0
0
0
0
0
0
0
0
0
0
0
0
0
0
0
0
0
0
0
0
0
0
0
0
0
0
0
0
0
0
0
0
0
0
0
0
0
0
0
0
0
0
0
0
0
0
0
0
0
0
0
0
0
0
0
0
0
0
0
0
0
0
0
0
0
0
0
0
0
0
0
0
0
0
0
0
0
0
0
0
0
0
0
0
0
0
0
0
0
0
0
0
0
0
0
0
0
0
0
0
0
0
0
0
0
0
0
0
0
0
0
0
0
0
0
0
0
0
0
0
0
0
0
0
0
0
0
0
0
0
0
0
0
0
0
0
0
0
0
0
0
0
0
0
0
0
0
0
0
0
0
0
0
0
0
0
0
0
0
0
0
0
0
0
0
0
0
0
0
0
0
0
0
0
0
0
0
0
0
0
0
0
0
0
0
0
0
0
0
0
0
0
0
0
0
0
0
0
0
0
0
0
0
0
0
0
0
0
0
0
0
0
0
0
0
0
0
0
0
0
0
0
0
0
0
0
0
0
0
0
0
0
0
0
0
0
0
0
0
0
0
0
0
0
0
0
0
0
0
0
0
0
0
0
0
0
0
0
0
0
0
0
0
0
0
0
0
0
0
0
0
0
0
0
0
0
0
0
0
0
0
0
0
0
0
0
0
0
0
0
0
0
0
0
0
0
0
0
0
0
0
0
0
0
0
0
0
0
0
0
0
0
0
0
0
0
0
0
0
0
0
0
0
0
0
0
0
0
0
0
0
0
0
0
0
0
0
0
0
0
0
0
0
0
0
0
0
0
0
0
0
0
0
0
0
0
0
0
0
0
0
0
0
0
0
0
0
0
0
0
0
0
0
0
0
0
0
0
0
0
0
0
0
0
0
0
0
0
0
0
0
0
0
0
0
0
0
0
0
0
0
0
0
0
0
0
0
0
0
0
0
0
0
0
0
0
0
0
0
0
0
0
0
0
0
0
0
0
0
0
0
0
0
0
0
0
0
0
0
0
0
0
0
0
0
0
0
0
0
0
0
0
0
0
0
0
0
0
0
0
0
0
0
0
0
0
0
0
0
0
0
0
0
0
0
0
0
0
0
0
0
0
0
0
0
0
0
0
0
0
0
0
0
0
0
0
0
0
0
0
0
0
0
0
0
0
0
0
0
0
0
0
0
0
0
0
0
0
0
0
0
0
0
0
0
0
0
0
0
0
0
0
0
0
0
0
0
0
0
0
0
0
0
0
0
0
0
0
0
0
0
0
0
0
0
0
0
0
0
0
0
0
0
0
0
0
0
0
0
0
0
0
0
0
0
0
0
0
0
0
0
0
0
0
0
0
0
0
0
0
0
0
0
0
0
0
0
0
0
0
0
0
0
0
0
0
0
0
0
0
0
0
0
0
0
0
0
0
0
0
0
0
0
0
0
0
0
0
0
0
0
0
0
0
0
0
0
0
0
0
0
0
0
0
0
0
0
0
0
0
0
0
0
0
0
0
0
0
0
0
0
0
0
0
0
0
0
0
0
0
0
0
0
0
0
0
0
0
0
0
0
0
0
0
0
0
0
0
0
0
0
0
0
0
0
0
0
0
0
0
0
0
0
0
0
0
0
0
0
0
0
0
0
0
0
0
0
0
0
0
0
0
0
0
0
0
0
0
0
0
0
0
0
0
0
0
0
0
0
0
0
0
0
0
0
0
0
0
0
0
0
0
0
0
0
0
0
0
0
0
0
0
0
0
0
0
0
0
0
0
0
0
0
0
0
0
0
0
0
0
0
0
0
0
0
0
0
0
0
0
0
0
0
0
0
0
0
0
0
0
0
0
0
0
0
0
0
0
0
0
0
0
0
0
0
0
0
0
0
0
0
0
0
0
0
0
0
0
0
0
0
0
0
0
0
0
0
0
0
0
0
0
0
0
0
0
0
0
0
0
0
0
0
0
0
0
0
0
0
0
0
0
0
0
0
0
0
0
0
0
0
0
0
0
0
0
0
0
0
0
0
0
0
0
0
0
0
0
0
0
0
0
0
0
0
0
0
0
0
0
0
0
0
0
0
0
0
0
0
0
0
0
0
0
0
0
0
0
0
0
0
0
0
0
0
0
0
0
0
0
0
0
0
0
0
0
0
0
0
0
0
0
0
0
0
0
0
0
0
0
0
0
0
0
0
0
0
0
0
0
0
0
0
0
0
0
0
0
0
0
0
0
0
0
0
0
0
0
0
0
0
0
0
0
0
0
0
0
0
0
0
0
0
0
0
0
0
0
0
0
0
0
0
0
0
0
0
0
0
0
0
0
0
0
0
0
0
0
0
0
0
0
0
0
0
0
0
0
0
0
0
0
0
0
0
0
0
0
0
0
0
0
0
0
0
0
0
0
0
0
0
0
0
0
0
0
0
0
0
0
0
0
0
0
0
0
0
0
0
0
0
0
0
0
0
0
0
0
0
0
0
0
0
0
0
0
0
0
0
0
0
0
0
0
0
0
0
0
0
0
0
0
0
0
0
0
0
0
0
0
0
0
0
0
0
0
0
0
0
0
0
0
0
0
0
0
0
0
0
0
0
0
0
0
0
0
0
0
0
0
0
0
0
0
0
0
0
0
0
0
0
0
0
0
0
0
0
0
0
0
0
0
0
0
0
0
0
0
0
0
0
0
0
0
0
0
0
0
0
0
0
0
0
0
0
0
0
0
0
0
0
0
0
0
0
0
0
0
0
0
0
0
0
0
0
0
0
0
0
0
0
0
0
0
0
0
0
0
0
0
0
0
0
0
0
0
0
0
0
0
0
0
0
0
0
0
0
0
0
0
0
0
0
0
0
0
0
0
0
0
0
0
0
0
0
0
0
0
0
0
0
0
0
0
0
0
0
0
0
0
0
0
0
0
0
0
0
0
0
0
0
0
0
0
0
0
0
0
0
0
0
0
0
0
0
0
0
0
0
0
0
0
0
0
0
0
0
0
0
0
0
0
0
0
0
0
0
0
0
0
0
0
0
0
0
0
0
0
0
0
0
0
0
0
0
0
0
0
0
0
0
0
0
0
0
0
0
0
0
0
0
0
0
0
0
0
0
0
0
0
0
0
0
0
0
0
0
0
0
0
0
0
0
0
0
0
0
0
0
0
0
0
0
0
0
0
0
0
0
0
0
0
0
0
0
0
0
0
0
0
0
0
0
0
0
0
0
0
0
0
0
0
0
0
0
0
0
0
0
0
0
0
0
0
0
0
0
0
0
0
0
0
0
0
0
0
0
0
0
0
0
0
0
0
0
0
0
0
0
0
0
0
0
0
0
0
0
0
0
0
0
0
0
0
0
0
0
0
0
0
0
0
0
0
0
0
0
0
0
0
0
0
0
0
0
0
0
0
0
0
0
0
0
0
0
0
0
0
0
0
0
0
0
0
0
0
0
0
0
0
0
0
0
0
0
0
0
0
0
0
0
0
0
0
0
0
0
0
0
0
0
0
0
0
0
0
0
0
0
0
0
0
0
0
0
0
0
0
0
0
0
0
0
0
0
0
0
0
0
0
0
0
0
0
0
0
0
0
0
0
0
0
0
0
0
0
0
0
0
0
0
0
0
0
0
0
0
0
0
0
0
0
0
0
0
0
0
0
0
0
0
0
0
0
0
0
0
0
0
0
0
0
0
0
0
0
0
0
0
0
0
0
0
0
0
0
0
0
0
0
0
0
0
0
0
0
0
0
0
0
0
0
0
0
0
0
0
0
0
0
0
0
0
0
0
0
0
0
0
0
0
0
0
0
0
0
0
0
0
0
0
0
0
0
0
0
0
0
0
0
0
0
0
0
0
0
0
0
0
0
0
0
0
0
0
0
0
0
0
0
0
0
0
0
0
0
0
0
0
0
0
0
0
0
0
0
0
0
0
0
0
0
0
0
0
0
0
0
0
0
0
0
0
0
0
0
0
0
0
0
0
0
0
0
0
0
0
0
0
0
0
0
0
0
0
0
0
0
0
0
0
0
0
0
0
0
0
0
0
0
0
0
0
0
0
0
0
0
0
0
0
0
0
0
0
0
0
0
0
0
0
0
0
0
0
0
0
0
0
0
0
0
0
0
0
0
0
0
0
0
0
0
0
0
0
0
0
0
0
0
0
0
0
0
0
0
0
0
0
0
0
0
0
0
0
0
0
0
0
0
0
0
0
0
0
0
0
0
0
0
0
0
0
0
0
0
0
0
0
0
0
0
0
0
0
0
0
0
0
0
0
0
0
0
0
0
0
0
0
0
0
0
0
0
0
0
0
0
0
0
0
0
0
0
0
0
0
0
0
0
0
0
0
0
0
0
0
0
0
0
0
0
0
0
0
0
0
0
0
0
0
0
0
0
0
0
0
0
0
0
0
0
0
0
0
0
0
0
0
0
0
0
0
0
0
0
0
0
0
0
0
0
0
0
0
0
0
0
0
0
0
0
0
0
0
0
0
0
0
0
0
0
0
0
0
0
0
0
0
0
0
0
0
0
0
0
0
0
0
0
0
0
0
0
0
0
0
0
0
0
0
0
0
0
0
0
0
0
0
0
0
0
0
0
0
0
0
0
0
0
0
0
0
0
0
0
0
0
0
0
0
0
0
0
0
0
0
0
0
0
0
0
0
0
0
0
0
0
0
0
0
0
0
0
0
0
0
0
0
0
0
0
0
0
0
0
0
0
0
0
0
0
0
0
0
0
0
0
0
0
0
0
0
0
0
0
0
0
0
0
0
0
0
0
0
0
0
0
0
0
0
0
0
0
0
0
0
0
0
0
0
0
0
0
0
0
0
0
0
0
0
0
0
0
0
0
0
0
0
0
0
0
0
0
0
0
0
0
0
0
0
0
0
0
0
0
0
0
0
0
0
0
0
0
0
0
0
0
0
0
0
0
0
0
0
0
0
0
0
0
0
0
0
0
0
0
0
0
0
0
0
0
0
0
0
0
0
0
0
0
0
0
0
0
0
0
0
0
0
0
0
0
0
0
0
0
0
0
0
0
0
0
0
0
0
0
0
0
0
0
0
0
0
0
0
0
0
0
0
0
0
0
0
0
0
0
0
0
0
0
0
0
0
0
0
0
0
0
0
0
0
0
0
0
0
0
0
0
0
0
0
0
0
0
0
0
0
0
0
0
0
0
0
0
0
0
0
0
0
0
0
0
0
0
0
0
0
0
0
0
0
0
0
0
0
0
0
0
0
0
0
0
0
0
0
0
0
0
0
0
0
0
0
0
0
0
0
0
0
0
0
0
0
0
0
0
0
0
0
0
0
0
0
0
0
0
0
0
0
0
0
0
0
0
0
0
0
0
0
0
0
0
0
0
0
0
0
0
0
0
0
0
0
0
0
0
0
0
0
0
0
0
0
0
0
0
0
0
0
0
0
0
0
0
0
0
0
0
0
0
0
0
0
0
0
0
0
0
0
0
0
0
0
0
0
0
0
0
0
0
0
0
0
0
0
0
0
0
0
0
0
0
0
0
0
0
0
0
0
0
0
0
0
0
0
0
0
0
0
0
0
0
0
0
0
0
0
0
0
0
0
0
0
0
0
0
0
0
0
0
0
0
0
0
0
0
0
0
0
0
0
0
0
0
0
0
0
0
0
0
0
0
0
0
0
0
0
0
0
0
0
0
0
0
0
0
0
0
0
0
0
0
0
0
0
0
0
0
0
0
0
0
0
0
0
0
0
0
0
0
0
0
0
0
0
0
0
0
0
0
0
0
0
0
0
0
0
0
0
0
0
0
0
0
0
0
0
0
0
0
0
0
0
0
0
0
0
0
0
0
0
0
0
0
0
0
0
0
0
0
0
0
0
0
0
0
0
0
0
0
0
0
0
0
0
0
0
0
0
0
0
0
0
0
0
0
0
0
0
0
0
0
0
0
0
0
0
0
0
0
0
0
0
0
0
0
0
0
0
0
0
0
0
0
0
0
0
0
0
0
0
0
0
0
0
0
0
0
0
0
0
0
0
0
0
0
0
0
0
0
0
0
0
0
0
0
0
0
0
0
0
0
0
0
0
0
0
0
0
0
0
0
0
0
0
0
0
0
0
0
0
0
0
0
0
0
0
0
0
0
0
0
0
0
0
0
0
0
0
0
0
0
0
0
0
0
0
0
0
0
0
0
0
0
0
0
0
0
0
0
0
0
0
0
0
0
0
0
0
0
0
0
0
0
0
0
0
0
0
0
0
0
0
0
0
0
0
0
0
0
0
0
0
0
0
0
0
0
0
0
0
0
0
0
0
0
0
0
0
0
0
0
0
0
0
0
0
0
0
0
0
0
0
0
0
0
0
0
0
0
0
0
0
0
0
0
0
0
0
0
0
0
0
0
0
0
0
0
0
0
0
0
0
0
0
0
0
0
0
0
0
0
0
0
0
0
0
0
0
0
0
0
0
0
0
0
0
0
0
0
0
0
0
0
0
0
0
0
0
0
0
0
0
0
0
0
0
0
0
0
0
0
0
0
0
0
0
0
0
0
0
0
0
0
0
0
0
0
0
0
0
0
0
0
0
0
0
0
0
0
0
0
0
0
0
0
0
0
0
0
0
0
0
0
0
0
0
0
0
0
0
0
0
0
0
0
0
0
0
0
0
0
0
0
0
0
0
0
0
0
0
0
0
0
0
0
0
0
0
0
0
0
0
0
0
0
0
0
0
0
0
0
0
0
0
0
0
0
0
0
0
0
0
0
0
0
0
0
0
0
0
0
0
0
0
0
0
0
0
0
0
0
0
0
0
0
0
0
0
0
0
0
0
0
0
0
0
0
0
0
0
0
0
0
0
0
0
0
0
0
0
0
0
0
0
0
0
0
0
0
0
0
0
0
0
0
0
0
0
0
0
0
0
0
0
0
0
0
0
0
0
0
0
0
0
0
0
0
0
0
0
0
0
0
0
0
0
0
0
0
0
0
0
0
0
0
0
0
0
0
0
0
0
0
0
0
0
0
0
0
0
0
0
0
0
0
0
0
0
0
0
0
0
0
0
0
0
0
0
0
0
0
0
0
0
0
0
0
0
0
0
0
0
0
0
0
0
0
0
0
0
0
0
0
0
0
0
0
0
0
0
0
0
0
0
0
0
0
0
0
0
0
0
0
0
0
0
0
0
0
0
0
0
0
0
0
0
0
0
0
0
0
0
0
0
0
0
0
0
0
0
0
0
0
0
0
0
0
0
0
0
0
0
0
0
0
0
0
0
0
0
0
0
0
0
0
0
0
0
0
0
0
0
0
0
0
0
0
0
0
0
0
0
0
0
0
0
0
0
0
0
0
0
0
0
0
0
0
0
0
0
0
0
0
0
0
0
0
0
0
0
0
0
0
0
0
0
0
0
0
0
0
0
0
0
0
0
0
0
0
0
0
0
0
0
0
0
0
0
0
0
0
0
0
0
0
0
0
0
0
0
0
0
0
0
0
0
0
0
0
0
0
0
0
0
0
0
0
0
0
0
0
0
0
0
0
0
0
0
0
0
0
0
0
0
0
0
0
0
0
0
0
0
0
0
0
0
0
0
0
0
0
0
0
0
0
0
0
0
0
0
0
0
0
0
0
0
0
0
0
0
0
0
0
0
0
0
0
0
0
0
0
0
0
0
0
0
0
0
0
0
0
0
0
0
0
0
0
0
0
0
0
0
0
0
0
0
0
0
0
0
0
0
0
0
0
0
0
0
0
0
0
0
0
0
0
0
0
0
0
0
0
0
0
0
0
0
0
0
0
0
0
0
0
0
0
0
0
0
0
0
0
0
0
0
0
0
0
0
0
0
0
0
0
0
0
0
0
0
0
0
0
0
0
0
0
0
0
0
0
0
0
0
0
0
0
0
0
0
0
0
0
0
0
0
0
0
0
0
0
0
0
0
0
0
0
0
0
0
0
0
0
0
0
0
0
0
0
0
0
0
0
0
0
0
0
0
0
0
0
0
0
0
0
0
0
0
0
0
0
0
0
0
0
0
0
0
0
0
0
0
0
0
0
0
0
0
0
0
0
0
0
0
0
0
0
0
0
0
0
0
0
0
0
0
0
0
0
0
0
0
0
0
0
0
0
0
0
0
0
0
0
0
0
0
0
0
0
0
0
0
0
0
0
0
0
0
0
0
0
0
0
0
0
0
0
0
0
0
0
0
0
0
0
0
0
0
0
0
0
0
0
0
0
0
0
0
0
0
0
0
0
0
0
0
0
0
0
0
0
0
0
0
0
0
0
0
0
0
0
0
0
0
0
0
0
0
0
0
0
0
0
0
0
0
0
0
0
0
0
0
0
0
0
0
0
0
0
0
0
0
0
0
0
0
0
0
0
0
0
0
0
0
0
0
0
0
0
0
0
0
0
0
0
0
0
0
0
0
0
0
0
0
0
0
0
0
0
0
0
0
0
0
0
0
0
0
0
0
0
0
0
0
0
0
0
0
0
0
0
0
0
0
0
0
0
0
0
0
0
0
0
0
0
0
0
0
0
0
0
0
0
0
0
0
0
0
0
0
0
0
0
0
0
0
0
0
0
0
0
0
0
0
0
0
0
0
0
0
0
0
0
0
0
0
0
0
0
0
0
0
0
0
0
0
0
0
0
0
0
0
0
0
0
0
0
0
0
0
0
0
0
0
0
0
0
0
0
0
0
0
0
0
0
0
0
0
0
0
0
0
0
0
0
0
0
0
0
0
0
0
0
0
0
0
0
0
0
0
0
0
0
0
0
0
0
0
0
0
0
0
0
0
0
0
0
0
0
0
0
0
0
0
0
0
0
0
0
0
0
0
0
0
0
0
0
0
0
0
0
0
0
0
0
0
0
0
0
0
0
0
0
0
0
0
0
0
0
0
0
0
0
0
0
0
0
0
0
0
0
0
0
0
0
0
0
0
0
0
0
0
0
0
0
0
0
0
0
0
0
0
0
0
0
0
0
0
0
0
0
0
0
0
0
0
0
0
0
0
0
0
0
0
0
0
0
0
0
0
0
0
0
0
0
0
0
0
0
0
0
0
0
0
0
0
0
0
0
0
0
0
0
0
0
0
0
0
0
0
0
0
0
0
0
0
0
0
0
0
0
0
0
0
0
0
0
0
0
0
0
0
0
0
0
0
0
0
0
0
0
0
0
0
0
0
0
0
0
0
0
0
0
0
0
0
0
0
0
0
0
0
0
0
0
0
0
0
0
0
0
0
0
0
0
0
0
0
0
0
0
0
0
0
0
0
0
0
0
0
0
0
0
0
0
0
0
0
0
0
0
0
0
0
0
0
0
0
0
0
0
0
0
0
0
0
0
0
0
0
0
0
0
0
0
0
0
0
0
0
0
0
0
0
0
0
0
0
0
0
0
0
0
0
0
0
0
0
0
0
0
0
0
0
0
0
0
0
0
0
0
0
0
0
0
0
0
0
0
0
0
0
0
0
0
0
0
0
0
0
0
0
0
0
0
0
0
0
0
0
0
0
0
0
0
0
0
0
0
0
0
0
0
0
0
0
0
0
0
0
0
0
0
0
0
0
0
0
0
0
0
0
0
0
0
0
0
0
0
0
0
0
0
0
0
0
0
0
0
0
0
0
0
0
0
0
0
0
0
0
0
0
0
0
0
0
0
0
0
0
0
0
0
0
0
0
0
0
0
0
0
0
0
0
0
0
0
0
0
0
0
0
0
0
0
0
0
0
0
0
0
0
0
0
0
0
0
0
0
0
0
0
0
0
0
0
0
0
0
0
0
0
0
0
0
0
0
0
0
0
0
0
0
0
0
0
0
0
0
0
0
0
0
0
0
0
0
0
0
0
0
0
0
0
0
0
0
0
0
0
0
0
0
0
0
0
0
0
0
0
0
0
0
0
0
0
0
0
0
0
0
0
0
0
0
0
0
0
0
0
0
0
0
0
0
0
0
0
0
0
0
0
0
0
0
0
0
0
0
0
0
0
0
0
0
0
0
0
0
0
0
0
0
0
0
0
0
0
0
0
0
0
0
0
0
0
0
0
0
0
0
0
0
0
0
0
0
0
0
0
0
0
0
0
0
0
0
0
0
0
0
0
0
0
0
0
0
0
0
0
0
0
0
0
0
0
0
0
0
0
0
0
0
0
0
0
0
0
0
0
0
0
0
0
0
0
0
0
0
0
0
0
0
0
0
0
0
0
0
0
0
0
0
0
0
0
0
0
0
0
0
0
0
0
0
0
0
0
0
0
0
0
0
0
0
0
0
0
0
0
0
0
0
0
0
0
0
0
0
0
0
0
0
0
0
0
0
0
0
0
0
0
0
0
0
0
0
0
0
0
0
0
0
0
0
0
0
0
0
0
0
0
0
0
0
0
0
0
0
0
0
0
0
0
0
0
0
0
0
0
0
0
0
0
0
0
0
0
0
0
0
0
0
0
0
0
0
0
0
0
0
0
0
0
0
0
0
0
0
0
0
0
0
0
0
0
0
0
0
0
0
0
0
0
0
0
0
0
0
0
0
0
0
0
0
0
0
0
0
0
0
0
0
0
0
0
0
0
0
0
0
0
0
0
0
0
0
0
0
0
0
0
0
0
0
0
0
0
0
0
0
0
0
0
0
0
0
0
0
0
0
0
0
0
0
0
0
0
0
0
0
0
0
0
0
0
0
0
0
0
0
0
0
0
0
0
0
0
0
0
0
0
0
0
0
0
0
0
0
0
0
0
0
0
0
0
0
0
0
0
0
0
0
0
0
0
0
0
0
0
0
0
0
0
0
0
0
0
0
0
0
0
0
0
0
0
0
0
0
0
0
0
0
0
0
0
0
0
0
0
0
0
0
0
0
0
0
0
0
0
0
0
0
0
0
0
0
0
0
0
0
0
0
0
0
0
0
0
0
0
0
0
0
0
0
0
0
0
0
0
0
0
0
0
0
0
0
0
0
0
0
0
0
0
0
0
0
0
0
0
0
0
0
0
0
0
0
0
0
0
0
0
0
0
0
0
0
0
0
0
0
0
0
0
0
0
0
0
0
0
0
0
0
0
0
0
0
0
0
0
0
0
0
0
0
0
0
0
0
0
0
0
0
0
0
0
0
0
0
0
0
0
0
0
0
0
0
0
0
0
0
0
0
0
0
0
0
0
0
0
0
0
0
0
0
0
0
0
0
0
0
0
0
0
0
0
0
0
0
0
0
0
0
0
0
0
0
0
0
0
0
0
0
0
0
0
0
0
0
0
0
0
0
0
0
0
0
0
0
0
0
0
0
0
0
0
0
0
0
0
0
0
0
0
0
0
0
0
0
0
0
0
0
0
0
0
0
0
0
0
0
0
0
0
0
0
0
0
0
0
0
0
0
0
0
0
0
0
0
0
0
0
0
0
0
0
0
0
0
0
0
0
0
0
0
0
0
0
0
0
0
0
0
0
0
0
0
0
0
0
0
0
0
0
0
0
0
0
0
0
0
0
0
0
0
0
0
0
0
0
0
0
0
0
0
0
0
0
0
0
0
0
0
0
0
0
0
0
0
0
0
0
0
0
0
0
0
0
0
0
0
0
0
0
0
0
0
0
0
0
0
0
0
0
0
0
0
0
0
0
0
0
0
0
0
0
0
0
0
0
0
0
0
0
0
0
0
0
0
0
0
0
0
0
0
0
0
0
0
0
0
0
0
0
0
0
0
0
0
0
0
0
0
0
0
0
0
0
0
0
0
0
0
0
0
0
0
0
0
0
0
0
0
0
0
0
0
0
0
0
0
0
0
0
0
0
0
0
0
0
0
0
0
0
0
0
0
0
0
0
0
0
0
0
0
0
0
0
0
0
0
0
0
0
0
0
0
0
0
0
0
0
0
0
0
0
0
0
0
0
0
0
0
0
0
0
0
0
0
0
0
0
0
0
0
0
0
0
0
0
0
0
0
0
0
0
0
0
0
0
0
0
0
0
0
0
0
0
0
0
0
0
0
0
0
0
0
0
0
0
0
0
0
0
0
0
0
0
0
0
0
0
0
0
0
0
0
0
0
0
0
0
0
0
0
0
0
0
0
0
0
0
0
0
0
0
0
0
0
0
0
0
0
0
0
0
0
0
0
0
0
0
0
0
0
0
0
0
0
0
0
0
0
0
0
0
0
0
0
0
0
0
0
0
0
0
0
0
0
0
0
0
0
0
0
0
0
0
0
0
0
0
0
0
0
0
0
0
0
0
0
0
0
0
0
0
0
0
0
0
0
0
0
0
0
0
0
0
0
0
0
0
0
0
0
0
0
0
0
0
0
0
0
0
0
0
0
0
0
0
0
0
0
0
0
0
0
0
0
0
0
0
0
0
0
0
0
0
0
0
0
0
0
0
0
0
0
0
0
0
0
0
0
0
0
0
0
0
0
0
0
0
0
0
0
0
0
0
0
0
0
0
0
0
0
0
0
0
0
0
0
0
0
0
0
0
0
0
0
0
0
0
0
0
0
0
0
0
0
0
0
0
0
0
0
0
0
0
0
0
0
0
0
0
0
0
0
0
0
0
0
0
0
0
0
0
0
0
0
0
0
0
0
0
0
0
0
0
0
0
0
0
0
0
0
0
0
0
0
0
0
0
0
0
0
0
0
0
0
0
0
0
0
0
0
0
0
0
0
0
0
0
0
0
0
0
0
0
0
0
0
0
0
0
0
0
0
0
0
0
0
0
0
0
0
0
0
0
0
0
0
0
0
0
0
0
0
0
0
0
0
0
0
0
0
0
0
0
0
0
0
0
0
0
0
0
0
0
0
0
0
0
0
0
0
0
0
0
0
0
0
0
0
0
0
0
0
0
0
0
0
0
0
0
0
0
0
0
0
0
0
0
0
0
0
0
0
0
0
0
0
0
0
0
0
0
0
0
0
0
0
0
0
0
0
0
0
0
0
0
0
0
0
0
0
0
0
0
0
0
0
0
0
0
0
0
0
0
0
0
0
0
0
0
0
0
0
0
0
0
0
0
0
0
0
0
0
0
0
0
0
0
0
0
0
0
0
0
0
0
0
0
0
0
0
0
0
0
0
0
0
0
0
0
0
0
0
0
0
0
0
0
0
0
0
0
0
0
0
0
0
0
0
0
0
0
0
0
0
0
0
0
0
0
0
0
0
0
0
0
0
0
0
0
0
0
0
0
0
0
0
0
0
0
0
0
0
0
0
0
0
0
0
0
0
0
0
0
0
0
0
0
0
0
0
0
0
0
0
0
0
0
0
0
0
0
0
0
0
0
0
0
0
0
0
0
0
0
0
0
0
0
0
0
0
0
0
0
0
0
0
0
0
0
0
0
0
0
0
0
0
0
0
0
0
0
0
0
0
0
0
0
0
0
0
0
0
0
0
0
0
0
0
0
0
0
0
0
0
0
0
0
0
0
0
0
0
0
0
0
0
0
0
0
0
0
0
0
0
0
0
0
0
0
0
0
0
0
0
0
0
0
0
0
0
0
0
0
0
0
0
0
0
0
0
0
0
0
0
0
0
0
0
0
0
0
0
0
0
0
0
0
0
0
0
0
0
0
0
0
0
0
0
0
0
0
0
0
0
0
0
0
0
0
0
0
0
0
0
0
0
0
0
0
0
0
0
0
0
0
0
0
0
0
0
0
0
0
0
0
0
0
0
0
0
0
0
0
0
0
0
0
0
0
0
0
0
0
0
0
0
0
0
0
0
0
0
0
0
0
0
0
0
0
0
0
0
0
0
0
0
0
0
0
0
0
0
0
0
0
0
0
0
0
0
0
0
0
0
0
0
0
0
0
0
0
0
0
0
0
0
0
0
0
0
0
0
0
0
0
0
0
0
0
0
0
0
0
0
0
0
0
0
0
0
0
0
0
0
0
0
0
0
0
0
0
0
0
0
0
0
0
0
0
0
0
0
0
0
0
0
0
0
0
0
0
0
0
0
0
0
0
0
0
0
0
0
0
0
0
0
0
0
0
0
0
0
0
0
0
0
0
0
0
0
0
0
0
0
0
0
0
0
0
0
0
0
0
0
0
0
0
0
0
0
0
0
0
0
0
0
0
0
0
0
0
0
0
0
0
0
0
0
0
0
0
0
0
0
0
0
0
0
0
0
0
0
0
0
0
0
0
0
0
0
0
0
0
0
0
0
0
0
0
0
0
0
0
0
0
0
0
0
0
0
0
0
0
0
0
0
0
0
0
0
0
0
0
0
0
0
0
0
0
0
0
0
0
0
0
0
0
0
0
0
0
0
0
0
0
0
0
0
0
0
0
0
0
0
0
0
0
0
0
0
0
0
0
0
0
0
0
0
0
0
0
0
0
0
0
0
0
0
0
0
0
0
0
0
0
0
0
0
0
0
0
0
0
0
0
0
0
0
0
0
0
0
0
0
0
0
0
0
0
0
0
0
0
0
0
0
0
0
0
0
0
0
0
0
0
0
0
0
0
0
0
0
0
0
0
0
0
0
0
0
0
0
0
0
0
0
0
0
0
0
0
0
0
0
0
0
0
0
0
0
0
0
0
0
0
0
0
0
0
0
0
0
0
0
0
0
0
0
0
0
0
0
0
0
0
0
0
0
0
0
0
0
0
0
0
0
0
0
0
0
0
0
0
0
0
0
0
0
0
0
0
0
0
0
0
0
0
0
0
0
0
0
0
0
0
0
0
0
0
0
0
0
0
0
0
0
0
0
0
0
0
0
0
0
0
0
0
0
0
0
0
0
0
0
0
0
0
0
0
0
0
0
0
0
0
0
0
0
0
0
0
0
0
0
0
0
0
0
0
0
0
0
0
0
0
0
0
0
0
0
0
0
0
0
0
0
0
0
0
0
0
0
0
0
0
0
0
0
0
0
0
0
0
0
0
0
0
0
0
0
0
0
0
0
0
0
0
0
0
0
0
0
0
0
0
0
0
0
0
0
0
0
0
0
0
0
0
0
0
0
0
0
0
0
0
0
0
0
0
0
0
0
0
0
0
0
0
0
0
0
0
0
0
0
0
0
0
0
0
0
0
0
0
0
0
0
0
0
0
0
0
0
0
0
0
0
0
0
0
0
0
0
0
0
0
0
0
0
0
0
0
0
0
0
0
0
0
0
0
0
0
0
0
0
0
0
0
0
0
0
0
0
0
0
0
0
0
0
0
0
0
0
0
0
0
0
0
0
0
0
0
0
0
0
0
0
0
0
0
0
0
0
0
0
0
0
0
0
0
0
0
0
0
0
0
0
0
0
0
0
0
0
0
0
0
0
0
0
0
0
0
0
0
0
0
0
0
0
0
0
0
0
0
0
0
0
0
0
0
0
0
0
0
0
0
0
0
0
0
0
0
0
0
0
0
0
0
0
0
0
0
0
0
0
0
0
0
0
0
0
0
0
0
0
0
0
0
0
0
0
0
0
0
0
0
0
0
0
0
0
0
0
0
0
0
0
0
0
0
0
0
0
0
0
0
0
0
0
0
0
0
0
0
0
0
0
0
0
0
0
0
0
0
0
0
0
0
0
0
0
0
0
0
0
0
0
0
0
0
0
0
0
0
0
0
0
0
0
0
0
0
0
0
0
0
0
0
0
0
0
0
0
0
0
0
0
0
0
0
0
0
0
0
0
0
0
0
0
0
0
0
0
0
0
0
0
0
0
0
0
0
0
0
0
0
0
0
0
0
0
0
0
0
0
0
0
0
0
0
0
0
0
0
0
0
0
0
0
0
0
0
0
0
0
0
0
0
0
0
0
0
0
0
0
0
0
0
0
0
0
0
0
0
0
0
0
0
0
0
0
0
0
0
0
0
0
0
0
0
0
0
0
0
0
0
0
0
0
0
0
0
0
0
0
0
0
0
0
0
0
0
0
0
0
0
0
0
0
0
0
0
0
0
0
0
0
0
0
0
0
0
0
0
0
0
0
0
0
0
0
0
0
0
0
0
0
0
0
0
0
0
0
0
0
0
0
0
0
0
0
0
0
0
0
0
0
0
0
0
0
0
0
0
0
0
0
0
0
0
0
0
0
0
0
0
0
0
0
0
0
0
0
0
0
0
0
0
0
0
0
0
0
0
0
0
0
0
0
0
0
0
0
0
0
0
0
0
0
0
0
0
0
0
0
0
0
0
0
0
0
0
0
0
0
0
0
0
0
0
0
0
0
0
0
0
0
0
0
0
0
0
0
0
0
0
0
0
0
0
0
0
0
0
0
0
0
0
0
0
0
0
0
0
0
0
0
0
0
0
0
0
0
0
0
0
0
0
0
0
0
0
0
0
0
0
0
0
0
0
0
0
0
0
0
0
0
0
0
0
0
0
0
0
0
0
0
0
0
0
0
0
0
0
0
0
0
0
0
0
0
0
0
0
0
0
0
0
0
0
0
0
0
0
0
0
0
0
0
0
0
0
0
0
0
0
0
0
0
0
0
0
0
0
0
0
0
0
0
0
0
0
0
0
0
0
0
0
0
0
0
0
0
0
0
0
0
0
0
0
0
0
0
0
0
0
0
0
0
0
0
0
0
0
0
0
0
0
0
0
0
0
0
0
0
0
0
0
0
0
0
0
0
0
0
0
0
0
0
0
0
0
0
0
0
0
0
0
0
0
0
0
0
0
0
0
0
0
0
0
0
0
0
0
0
0
0
0
0
0
0
0
0
0
0
0
0
0
0
0
0
0
0
0
0
0
0
0
0
0
0
0
0
0
0
0
0
0
0
0
0
0
0
0
0
0
0
0
0
0
0
0
0
0
0
0
0
0
0
0
0
0
0
0
0
0
0
0
0
0
0
0
0
0
0
0
0
0
0
0
0
0
0
0
0
0
0
0
0
0
0
0
0
0
0
0
0
0
0
0
0
0
0
0
0
0
0
0
0
0
0
0
0
0
0
0
0
0
0
0
0
0
0
0
0
0
0
0
0
0
0
0
0
0
0
0
0
0
0
0
0
0
0
0
0
0
0
0
0
0
0
0
0
0
0
0
0
0
0
0
0
0
0
0
0
0
0
0
0
0
0
0
0
0
0
0
0
0
0
0
0
0
0
0
0
0
0
0
0
0
0
0
0
0
0
0
0
0
0
0
0
0
0
0
0
0
0
0
0
0
0
0
0
0
0
0
0
0
0
0
0
0
0
0
0
0
0
0
0
0
0
0
0
0
0
0
0
0
0
0
0
0
0
0
0
0
0
0
0
0
0
0
0
0
0
0
0
0
0
0
0
0
0
0
0
0
0
0
0
0
0
0
0
0
0
0
0
0
0
0
0
0
0
0
0
0
0
0
0
0
0
0
0
0
0
0
0
0
0
0
0
0
0
0
0
0
0
0
0
0
0
0
0
0
0
0
0
0
0
0
0
0
0
0
0
0
0
0
0
0
0
0
0
0
0
0
0
0
0
0
0
0
0
0
0
0
0
0
0
0
0
0
0
0
0
0
0
0
0
0
0
0
0
0
0
0
0
0
0
0
0
0
0
0
0
0
0
0
0
0
0
0
0
0
0
0
0
0
0
0
0
0
0
0
0
0
0
0
0
0
0
0
0
0
0
0
0
0
0
0
0
0
0
0
0
0
0
0
0
0
0
0
0
0
0
0
0
0
0
0
0
0
0
0
0
0
0
0
0
0
0
0
0
0
0
0
0
0
0
0
0
0
0
0
0
0
0
0
0
0
0
0
0
0
0
0
0
0
0
0
0
0
0
0
0
0
0
0
0
0
0
0
0
0
0
0
0
0
0
0
0
0
0
0
0
0
0
0
0
0
0
0
0
0
0
0
0
0
0
0
0
0
0
0
0
0
0
0
0
0
0
0
0
0
0
0
0
0
0
0
0
0
0
0
0
0
0
0
0
0
0
0
0
0
0
0
0
0
0
0
0
0
0
0
0
0
0
0
0
0
0
0
0
0
0
0
0
0
0
0
0
0
0
0
0
0
0
0
0
0
0
0
0
0
0
0
0
0
0
0
0
0
0
0
0
0
0
0
0
0
0
0
0
0
0
0
0
0
0
0
0
0
0
0
0
0
0
0
0
0
0
0
0
0
0
0
0
0
0
0
0
0
0
0
0
0
0
0
0
0
0
0
0
0
0
0
0
0
0
0
0
0
0
0
0
0
0
0
0
0
0
0
0
0
0
0
0
0
0
0
0
0
0
0
0
0
0
0
0
0
0
0
0
0
0
0
0
0
0
0
0
0
0
0
0
0
0
0
0
0
0
0
0
0
0
0
0
0
0
0
0
0
0
0
0
0
0
0
0
0
0
0
0
0
0
0
0
0
0
0
0
0
0
0
0
0
0
0
0
0
0
0
0
0
0
0
0
0
0
0
0
0
0
0
0
0
0
0
0
0
0
0
0
0
0
0
0
0
0
0
0
0
0
0
0
0
0
0
0
0
0
0
0
0
0
0
0
0
0
0
0
0
0
0
0
0
0
0
0
0
0
0
0
0
0
0
0
0
0
0
0
0
0
0
0
0
0
0
0
0
0
0
0
0
0
0
0
0
0
0
0
0
0
0
0
0
0
0
0
0
0
0
0
0
0
0
0
0
0
0
0
0
0
0
0
0
0
0
0
0
0
0
0
0
0
0
0
0
0
0
0
0
0
0
0
0
0
0
0
0
0
0
0
0
0
0
0
0
0
0
0
0
0
0
0
0
0
0
0
0
0
0
0
0
0
0
0
0
0
0
0
0
0
0
0
0
0
0
0
0
0
0
0
0
0
0
0
0
0
0
0
0
0
0
0
0
0
0
0
0
0
0
0
0
0
0
0
0
0
0
0
0
0
0
0
0
0
0
0
0
0
0
0
0
0
0
0
0
0
0
0
0
0
0
0
0
0
0
0
0
0
0
0
0
0
0
0
0
0
0
0
0
0
0
0
0
0
0
0
0
0
0
0
0
0
0
0
0
0
0
0
0
0
0
0
0
0
0
0
0
0
0
0
0
0
0
0
0
0
0
0
0
0
0
0
0
0
0
0
0
0
0
0
0
0
0
0
0
0
0
0
0
0
0
0
0
0
0
0
0
0
0
0
0
0
0
0
0
0
0
0
0
0
0
0
0
0
0
0
0
0
0
0
0
0
0
0
0
0
0
0
0
0
0
0
0
0
0
0
0
0
0
0
0
0
0
0
0
0
0
0
0
0
0
0
0
0
0
0
0
0
0
0
0
0
0
0
0
0
0
0
0
0
0
0
0
0
0
0
0
0
0
0
0
0
0
0
0
0
0
0
0
0
0
0
0
0
0
0
0
0
0
0
0
0
0
0
0
0
0
0
0
0
0
0
0
0
0
0
0
0
0
0
0
0
0
0
0
0
0
0
0
0
0
0
0
0
0
0
0
0
0
0
0
0
0
0
0
0
0
0
0
0
0
0
0
0
0
0
0
0
0
0
0
0
0
0
0
0
0
0
0
0
0
0
0
0
0
0
0
0
0
0
0
0
0
0
0
0
0
0
0
0
0
0
0
0
0
0
0
0
0
0
0
0
0
0
0
0
0
0
0
0
0
0
0
0
0
0
0
0
0
0
0
0
0
0
0
0
0
0
0
0
0
0
0
0
0
0
0
0
0
0
0
0
0
0
0
0
0
0
0
0
0
0
0
0
0
0
0
0
0
0
0
0
0
0
0
0
0
0
0
0
0
0
0
0
0
0
0
0
0
0
0
0
0
0
0
0
0
0
0
0
0
0
0
0
0
0
0
0
0
0
0
0
0
0
0
0
0
0
0
0
0
0
0
0
0
0
0
0
0
0
0
0
0
0
0
0
0
0
0
0
0
0
0
0
0
0
0
0
0
0
0
0
0
0
0
0
0
0
0
0
0
0
0
0
0
0
0
0
0
0
0
0
0
0
0
0
0
0
0
0
0
0
0
0
0
0
0
0
0
0
0
0
0
0
0
0
0
0
0
0
0
0
0
0
0
0
0
0
0
0
0
0
0
0
0
0
0
0
0
0
0
0
0
0
0
0
0
0
0
0
0
0
0
0
0
0
0
0
0
0
0
0
0
0
0
0
0
0
0
0
0
0
0
0
0
0
0
0
0
0
0
0
0
0
0
0
0
0
0
0
0
0
0
0
0
0
0
0
0
0
0
0
0
0
0
0
0
0
0
0
0
0
0
0
0
0
0
0
0
0
0
0
0
0
0
0
0
0
0
0
0
0
0
0
0
0
0
0
0
0
0
0
0
0
0
0
0
0
0
0
0
0
0
0
0
0
0
0
0
0
0
0
0
0
0
0
0
0
0
0
0
0
0
0
0
0
0
0
0
0
0
0
0
0
0
0
0
0
0
0
0
0
0
0
0
0
0
0
0
0
0
0
0
0
0
0
0
0
0
0
0
0
0
0
0
0
0
0
0
0
0
0
0
0
0
0
0
0
0
0
0
0
0
0
0
0
0
0
0
0
0
0
0
0
0
0
0
0
0
0
0
0
0
0
0
0
0
0
0
0
0
0
0
0
0
0
0
0
0
0
0
0
0
0
0
0
0
0
0
0
0
0
0
0
0
0
0
0
0
0
0
0
0
0
0
0
0
0
0
0
0
0
0
0
0
0
0
0
0
0
0
0
0
0
0
0
0
0
0
0
0
0
0
0
0
0
0
0
0
0
0
0
0
0
0
0
0
0
0
0
0
0
0
0
0
0
0
0
0
0
0
0
0
0
0
0
0
0
0
0
0
0
0
0
0
0
0
0
0
0
0
0
0
0
0
0
0
0
0
0
0
0
0
0
0
0
0
0
0
0
0
0
0
0
0
0
0
0
0
0
0
0
0
0
0
0
0
0
0
0
0
0
0
0
0
0
0
0
0
0
0
0
0
0
0
0
0
0
0
0
0
0
0
0
0
0
0
0
0
0
0
0
0
0
0
0
0
0
0
0
0
0
0
0
0
0
0
0
0
0
0
0
0
0
0
0
0
0
0
0
0
0
0
0
0
0
0
0
0
0
0
0
0
0
0
0
0
0
0
0
0
0
0
0
0
0
0
0
0
0
0
0
0
0
0
0
0
0
0
0
0
0
0
0
0
0
0
0
0
0
0
0
0
0
0
0
0
0
0
0
0
0
0
0
0
0
0
0
0
0
0
0
0
0
0
0
0
0
0
0
0
0
0
0
0
0
0
0
0
0
0
0
0
0
0
0
0
0
0
0
0
0
0
0
0
0
0
0
0
0
0
0
0
0
0
0
0
0
0
0
0
0
0
0
0
0
0
0
0
0
0
0
0
0
0
0
0
0
0
0
0
0
0
0
0
0
0
0
0
0
0
0
0
0
0
0
0
0
0
0
0
0
0
0
0
0
0
0
0
0
0
0
0
0
0
0
0
0
0
0
0
0
0
0
0
0
0
0
0
0
0
0
0
0
0
0
0
0
0
0
0
0
0
0
0
0
0
0
0
0
0
0
0
0
0
0
0
0
0
0
0
0
0
0
0
0
0
0
0
0
0
0
0
0
0
0
0
0
0
0
0
0
0
0
0
0
0
0
0
0
0
0
0
0
0
0
0
0
0
0
0
0
0
0
0
0
0
0
0
0
0
0
0
0
0
0
0
0
0
0
0
0
0
0
0
0
0
0
0
0
0
0
0
0
0
0
0
0
0
0
0
0
0
0
0
0
0
0
0
0
0
0
0
0
0
0
0
0
0
0
0
0
0
0
0
0
0
0
0
0
0
0
0
0
0
0
0
0
0
0
0
0
0
0
0
0
0
0
0
0
0
0
0
0
0
0
0
0
0
0
0
0
0
0
0
0
0
0
0
0
0
0
0
0
0
0
0
0
0
0
0
0
0
0
0
0
0
0
0
0
0
0
0
0
0
0
0
0
0
0
0
0
0
0
0
0
0
0
0
0
0
0
0
0
0
0
0
0
0
0
0
0
0
0
0
0
0
0
0
0
0
0
0
0
0
0
0
0
0
0
0
0
0
0
0
0
0
0
0
0
0
0
0
0
0
0
0
0
0
0
0
0
0
0
0
0
0
0
0
0
0
0
0
0
0
0
0
0
0
0
0
0
0
0
0
0
0
0
0
0
0
0
0
0
0
0
0
0
0
0
0
0
0
0
0
0
0
0
0
0
0
0
0
0
0
0
0
0
0
0
0
0
0
0
0
0
0
0
0
0
0
0
0
0
0
0
0
0
0
0
0
0
0
0
0
0
0
0
0
0
0
0
0
0
0
0
0
0
0
0
0
0
0
0
0
0
0
0
0
0
0
0
0
0
0
0
0
0
0
0
0
0
0
0
0
0
0
0
0
0
0
0
0
0
0
0
0
0
0
0
0
0
0
0
0
0
0
0
0
0
0
0
0
0
0
0
0
0
0
0
0
0
0
0
0
0
0
0
0
0
0
0
0
0
0
0
0
0
0
0
0
0
0
0
0
0
0
0
0
0
0
0
0
0
0
0
0
0
0
0
0
0
0
0
0
0
0
0
0
0
0
0
0
0
0
0
0
0
0
0
0
0
0
0
0
0
0
0
0
0
0
0
0
0
0
0
0
0
0
0
0
0
0
0
0
0
0
0
0
0
0
0
0
0
0
0
0
0
0
0
0
0
0
0
0
0
0
0
0
0
0
0
0
0
0
0
0
0
0
0
0
0
0
0
0
0
0
0
0
0
0
0
0
0
0
0
0
0
0
0
0
0
0
0
0
0
0
0
0
0
0
0
0
0
0
0
0
0
0
0
0
0
0
0
0
0
0
0
0
0
0
0
0
0
0
0
0
0
0
0
0
0
0
0
0
0
0
0
0
0
0
0
0
0
0
0
0
0
0
0
0
0
0
0
0
0
0
0
0
0
0
0
0
0
0
0
0
0
0
0
0
0
0
0
0
0
0
0
0
0
0
0
0
0
0
0
0
0
0
0
0
0
0
0
0
0
0
0
0
0
0
0
0
0
0
0
0
0
0
0
0
0
0
0
0
0
0
0
0
0
0
0
0
0
0
0
0
0
0
0
0
0
0
0
0
0
0
0
0
0
0
0
0
0
0
0
0
0
0
0
0
0
0
0
0
0
0
0
0
0
0
0
0
0
0
0
0
0
0
0
0
0
0
0
0
0
0
0
0
0
0
0
0
0
0
0
0
0
0
0
0
0
0
0
0
0
0
0
0
0
0
0
0
0
0
0
0
0
0
0
0
0
0
0
0
0
0
0
0
0
0
0
0
0
0
0
0
0
0
0
0
0
0
0
0
0
0
0
0
0
0
0
0
0
0
0
0
0
0
0
0
0
0
0
0
0
0
0
0
0
0
0
0
0
0
0
0
0
0
0
0
0
0
0
0
0
0
0
0
0
0
0
0
0
0
0
0
0
0
0
0
0
0
0
0
0
0
0
0
0
0
0
0
0
0
0
0
0
0
0
0
0
0
0
0
0
0
0
0
0
0
0
0
0
0
0
0
0
0
0
0
0
0
0
0
0
0
0
0
0
0
0
0
0
0
0
0
0
0
0
0
0
0
0
0
0
0
0
0
0
0
0
0
0
0
0
0
0
0
0
0
0
0
0
0
0
0
0
0
0
0
0
0
0
0
0
0
0
0
0
0
0
0
0
0
0
0
0
0
0
0
0
0
0
0
0
0
0
0
0
0
0
0
0
0
0
0
0
0
0
0
0
0
0
0
0
0
0
0
0
0
0
0
0
0
0
0
0
0
0
0
0
0
0
0
0
0
0
0
0
0
0
0
0
0
0
0
0
0
0
0
0
0
0
0
0
0
0
0
0
0
0
0
0
0
0
0
0
0
0
0
0
0
0
0
0
0
0
0
0
0
0
0
0
0
0
0
0
0
0
0
0
0
0
0
0
0
0
0
0
0
0
0
0
0
0
0
0
0
0
0
0
0
0
0
0
0
0
0
0
0
0
0
0
0
0
0
0
0
0
0
0
0
0
0
0
0
0
0
0
0
0
0
0
0
0
0
0
0
0
0
0
0
0
0
0
0
0
0
0
0
0
0
0
0
0
0
0
0
0
0
0
0
0
0
0
0
0
0
0
0
0
0
0
0
0
0
0
0
0
0
0
0
0
0
0
0
0
0
0
0
0
0
0
0
0
0
0
0
0
0
0
0
0
0
0
0
0
0
0
0
0
0
0
0
0
0
0
0
0
0
0
0
0
0
0
0
0
0
0
0
0
0
0
0
0
0
0
0
0
0
0
0
0
0
0
0
0
0
0
0
0
0
0
0
0
0
0
0
0
0
0
0
0
0
0
0
0
0
0
0
0
0
0
0
0
0
0
0
0
0
0
0
0
0
0
0
0
0
0
0
0
0
0
0
0
0
0
0
0
0
0
0
0
0
0
0
0
0
0
0
0
0
0
0
0
0
0
0
0
0
0
0
0
0
0
0
0
0
0
0
0
0
0
0
0
0
0
0
0
0
0
0
0
0
0
0
0
0
0
0
0
0
0
0
0
0
0
0
0
0
0
0
0
0
0
0
0
0
0
0
0
0
0
0
0
0
0
0
0
0
0
0
0
0
0
0
0
0
0
0
0
0
0
0
0
0
0
0
0
0
0
0
0
0
0
0
0
0
0
0
0
0
0
0
0
0
0
0
0
0
0
0
0
0
0
0
0
0
0
0
0
0
0
0
0
0
0
0
0
0
0
0
0
0
0
0
0
0
0
0
0
0
0
0
0
0
0
0
0
0
0
0
0
0
0
0
0
0
0
0
0
0
0
0
0
0
0
0
0
0
0
0
0
0
0
0
0
0
0
0
0
0
0
0
0
0
0
0
0
0
0
0
0
0
0
0
0
0
0
0
0
0
0
0
0
0
0
0
0
0
0
0
0
0
0
0
0
0
0
0
0
0
0
0
0
0
0
0
0
0
0
0
0
0
0
0
0
0
0
0
0
0
0
0
0
0
0
0
0
0
0
0
0
0
0
0
0
0
0
0
0
0
0
0
0
0
0
0
0
0
0
0
0
0
0
0
0
0
0
0
0
0
0
0
0
0
0
0
0
0
0
0
0
0
0
0
0
0
0
0
0
0
0
0
0
0
0
0
0
0
0
0
0
0
0
0
0
0
0
0
0
0
0
0
0
0
0
0
0
0
0
0
0
0
0
0
0
0
0
0
0
0
0
0
0
0
0
0
0
0
0
0
0
0
0
0
0
0
0
0
0
0
0
0
0
0
0
0
0
0
0
0
0
0
0
0
0
0
0
0
0
0
0
0
0
0
0
0
0
0
0
0
0
0
0
0
0
0
0
0
0
0
0
0
0
0
0
0
0
0
0
0
0
0
0
0
0
0
0
0
0
0
0
0
0
0
0
0
0
0
0
0
0
0
0
0
0
0
0
0
0
0
0
0
0
0
0
0
0
0
0
0
0
0
0
0
0
0
0
0
0
0
0
0
0
0
0
0
0
0
0
0
0
0
0
0
0
0
0
0
0
0
0
0
0
0
0
0
0
0
0
0
0
0
0
0
0
0
0
0
0
0
0
0
0
0
0
0
0
0
0
0
0
0
0
0
0
0
0
0
0
0
0
0
0
0
0
0
0
0
0
0
0
0
0
0
0
0
0
0
0
0
0
0
0
0
0
0
0
0
0
0
0
0
0
0
0
0
0
0
0
0
0
0
0
0
0
0
0
0
0
0
0
0
0
0
0
0
0
0
0
0
0
0
0
0
0
0
0
0
0
0
0
0
0
0
0
0
0
0
0
0
0
0
0
0
0
0
0
0
0
0
0
0
0
0
0
0
0
0
0
0
0
0
0
0
0
0
0
0
0
0
0
0
0
0
0
0
0
0
0
0
0
0
0
0
0
0
0
0
0
0
0
0
0
0
0
0
0
0
0
0
0
0
0
0
0
0
0
0
0
0
0
0
0
0
0
0
0
0
0
0
0
0
0
0
0
0
0
0
0
0
0
0
0
0
0
0
0
0
0
0
0
0
0
0
0
0
0
0
0
0
0
0
0
0
0
0
0
0
0
0
0
0
0
0
0
0
0
0
0
0
0
0
0
0
0
0
0
0
0
0
0
0
0
0
0
0
0
0
0
0
0
0
0
0
0
0
0
0
0
0
0
0
0
0
0
0
0
0
0
0
0
0
0
0
0
0
0
0
0
0
0
0
0
0
0
0
0
0
0
0
0
0
0
0
0
0
0
0
0
0
0
0
0
0
0
0
0
0
0
0
0
0
0
0
0
0
0
0
0
0
0
0
0
0
0
0
0
0
0
0
0
0
0
0
0
0
0
0
0
0
0
0
0
0
0
0
0
0
0
0
0
0
0
0
0
0
0
0
0
0
0
0
0
0
0
0
0
0
0
0
0
0
0
0
0
0
0
0
0
0
0
0
0
0
0
0
0
0
0
0
0
0
0
0
0
0
0
0
0
0
0
0
0
0
0
0
0
0
0
0
0
0
0
0
0
0
0
0
0
0
0
0
0
0
0
0
0
0
0
0
0
0
0
0
0
0
0
0
0
0
0
0
0
0
0
0
0
0
0
0
0
0
0
0
0
0
0
0
0
0
0
0
0
0
0
0
0
0
0
0
0
0
0
0
0
0
0
0
0
0
0
0
0
0
0
0
0
0
0
0
0
0
0
0
0
0
0
0
0
0
0
0
0
0
0
0
0
0
0
0
0
0
0
0
0
0
0
0
0
0
0
0
0
0
0
0
0
0
0
0
0
0
0
0
0
0
0
0
0
0
0
0
0
0
0
0
0
0
0
0
0
0
0
0
0
0
0
0
0
0
0
0
0
0
0
0
0
0
0
0
0
0
0
0
0
0
0
0
0
0
0
0
0
0
0
0
0
0
0
0
0
0
0
0
0
0
0
0
0
0
0
0
0
0
0
0
0
0
0
0
0
0
0
0
0
0
0
0
0
0
0
0
0
0
0
0
0
0
0
0
0
0
0
0
0
0
0
0
0
0
0
0
0
0
0
0
0
0
0
0
0
0
0
0
0
0
0
0
0
0
0
0
0
0
0
0
0
0
0
0
0
0
0
0
0
0
0
0
0
0
0
0
0
0
0
0
0
0
0
0
0
0
0
0
0
0
0
0
0
0
0
0
0
0
0
0
0
0
0
0
0
0
0
0
0
0
0
0
0
0
0
0
0
0
0
0
0
0
0
0
0
0
0
0
0
0
0
0
0
0
0
0
0
0
0
0
0
0
0
0
0
0
0
0
0
0
0
0
0
0
0
0
0
0
0
0
0
0
0
0
0
0
0
0
0
0
0
0
0
0
0
0
0
0
0
0
0
0
0
0
0
0
0
0
0
0
0
0
0
0
0
0
0
0
0
0
0
0
0
0
0
0
0
0
0
0
0
0
0
0
0
0
0
0
0
0
0
0
0
0
0
0
0
0
0
0
0
0
0
0
0
0
0
0
0
0
0
0
0
0
0
0
0
0
0
0
0
0
0
0
0
0
0
0
0
0
0
0
0
0
0
0
0
0
0
0
0
0
0
0
0
0
0
0
0
0
0
0
0
0
0
0
0
0
0
0
0
0
0
0
0
0
0
0
0
0
0
0
0
0
0
0
0
0
0
0
0
0
0
0
0
0
0
0
0
0
0
0
0
0
0
0
0
0
0
0
0
0
0
0
0
0
0
0
0
0
0
0
0
0
0
0
0
0
0
0
0
0
0
0
0
0
0
0
0
0
0
0
0
0
0
0
0
0
0
0
0
0
0
0
0
0
0
0
0
0
0
0
0
0
0
0
0
0
0
0
0
0
0
0
0
0
0
0
0
0
0
0
0
0
0
0
0
0
0
0
0
0
0
0
0
0
0
0
0
0
0
0
0
0
0
0
0
0
0
0
0
0
0
0
0
0
0
0
0
0
0
0
0
0
0
0
0
0
0
0
0
0
0
0
0
0
0
0
0
0
0
0
0
0
0
0
0
0
0
0
0
0
0
0
0
0
0
0
0
0
0
0
0
0
0
0
0
0
0
0
0
0
0
0
0
0
0
0
0
0
0
0
0
0
0
0
0
0
0
0
0
0
0
0
0
0
0
0
0
0
0
0
0
0
0
0
0
0
0
0
0
0
0
0
0
0
0
0
0
0
0
0
0
0
0
0
0
0
0
0
0
0
0
0
0
0
0
0
0
0
0
0
0
0
0
0
0
0
0
0
0
0
0
0
0
0
0
0
0
0
0
0
0
0
0
0
0
0
0
0
0
0
0
0
0
0
0
0
0
0
0
0
0
0
0
0
0
0
0
0
0
0
0
0
0
0
0
0
0
0
0
0
0
0
0
0
0
0
0
0
0
0
0
0
0
0
0
0
0
0
0
0
0
0
0
0
0
0
0
0
0
0
0
0
0
0
0
0
0
0
0
0
0
0
0
0
0
0
0
0
0
0
0
0
0
0
0
0
0
0
0
0
0
0
0
0
0
0
0
0
0
0
0
0
0
0
0
0
0
0
0
0
0
0
0
0
0
0
0
0
0
0
0
0
0
0
0
0
0
0
0
0
0
0
0
0
0
0
0
0
0
0
0
0
0
0
0
0
0
0
0
0
0
0
0
0
0
0
0
0
0
0
0
0
0
0
0
0
0
0
0
0
0
0
0
0
0
0
0
0
0
0
0
0
0
0
0
0
0
0
0
0
0
0
0
0
0
0
0
0
0
0
0
0
0
0
0
0
0
0
0
0
0
0
0
0
0
0
0
0
0
0
0
0
0
0
0
0
0
0
0
0
0
0
0
0
0
0
0
0
0
0
0
0
0
0
0
0
0
0
0
0
0
0
0
0
0
0
0
0
0
0
0
0
0
0
0
0
0
0
0
0
0
0
0
0
0
0
0
0
0
0
0
0
0
0
0
0
0
0
0
0
0
0
0
0
0
0
0
0
0
0
0
0
0
0
0
0
0
0
0
0
0
0
0
0
0
0
0
0
0
0
0
0
0
0
0
0
0
0
0
0
0
0
0
0
0
0
0
0
0
0
0
0
0
0
0
0
0
0
0
0
0
0
0
0
0
0
0
0
0
0
0
0
0
0
0
0
0
0
0
0
0
0
0
0
0
0
0
0
0
0
0
0
0
0
0
0
0
0
0
0
0
0
0
0
0
0
0
0
0
0
0
0
0
0
0
0
0
0
0
0
0
0
0
0
0
0
0
0
0
0
0
0
0
0
0
0
0
0
0
0
0
0
0
0
0
0
0
0
0
0
0
0
0
0
0
0
0
0
0
0
0
0
0
0
0
0
0
0
0
0
0
0
0
0
0
0
0
0
0
0
0
0
0
0
0
0
0
0
0
0
0
0
0
0
0
0
0
0
0
0
0
0
0
0
0
0
0
0
0
0
0
0
0
0
0
0
0
0
0
0
0
0
0
0
0
0
0
0
0
0
0
0
0
0
0
0
0
0
0
0
0
0
0
0
0
0
0
0
0
0
0
0
0
0
0
0
0
0
0
0
0
0
0
0
0
0
0
0
0
0
0
0
0
0
0
0
0
0
0
0
0
0
0
0
0
0
0
0
0
0
0
0
0
0
0
0
0
0
0
0
0
0
0
0
0
0
0
0
0
0
0
0
0
0
0
0
0
0
0
0
0
0
0
0
0
0
0
0
0
0
0
0
0
0
0
0
0
0
0
0
0
0
0
0
0
0
0
0
0
0
0
0
0
0
0
0
0
0
0
0
0
0
0
0
0
0
0
0
0
0
0
0
0
0
0
0
0
0
0
0
0
0
0
0
0
0
0
0
0
0
0
0
0
0
0
0
0
0
0
0
0
0
0
0
0
0
0
0
0
0
0
0
0
0
0
0
0
0
0
0
0
0
0
0
0
0
0
0
0
0
0
0
0
0
0
0
0
0
0
0
0
0
0
0
0
0
0
0
0
0
0
0
0
0
0
0
0
0
0
0
0
0
0
0
0
0
0
0
0
0
0
0
0
0
0
0
0
0
0
0
0
0
0
0
0
0
0
0
0
0
0
0
0
0
0
0
0
0
0
0
0
0
0
0
0
0
0
0
0
0
0
0
0
0
0
0
0
0
0
0
0
0
0
0
0
0
0
0
0
0
0
0
0
0
0
0
0
0
0
0
0
0
0
0
0
0
0
0
0
0
0
0
0
0
0
0
0
0
0
0
0
0
0
0
0
0
0
0
0
0
0
0
0
0
0
0
0
0
0
0
0
0
0
0
0
0
0
0
0
0
0
0
0
0
0
0
0
0
0
0
0
0
0
0
0
0
0
0
0
0
0
0
0
0
0
0
0
0
0
0
0
0
0
0
0
0
0
0
0
0
0
0
0
0
0
0
0
0
0
0
0
0
0
0
0
0
0
0
0
0
0
0
0
0
0
0
0
0
0
0
0
0
0
0
0
0
0
0
0
0
0
0
0
0
0
0
0
0
0
0
0
0
0
0
0
0
0
0
0
0
0
0
0
0
0
0
0
0
0
0
0
0
0
0
0
0
0
0
0
0
0
0
0
0
0
0
0
0
0
0
0
0
0
0
0
0
0
0
0
0
0
0
0
0
0
0
0
0
0
0
0
0
0
0
0
0
0
0
0
0
0
0
0
0
0
0
0
0
0
0
0
0
0
0
0
0
0
0
0
0
0
0
0
0
0
0
0
0
0
0
0
0
0
0
0
0
0
0
0
0
0
0
0
0
0
0
0
0
0
0
0
0
0
0
0
0
0
0
0
0
0
0
0
0
0
0
0
0
0
0
0
0
0
0
0
0
0
0
0
0
0
0
0
0
0
0
0
0
0
0
0
0
0
0
0
0
0
0
0
0
0
0
0
0
0
0
0
0
0
0
0
0
0
0
0
0
0
0
0
0
0
0
0
0
0
0
0
0
0
0
0
0
0
0
0
0
0
0
0
0
0
0
0
0
0
0
0
0
0
0
0
0
0
0
0
0
0
0
0
0
0
0
0
0
0
0
0
0
0
0
0
0
0
0
0
0
0
0
0
0
0
0
0
0
0
0
0
0
0
0
0
0
0
0
0
0
0
0
0
0
0
0
0
0
0
0
0
0
0
0
0
0
0
0
0
0
0
0
0
0
0
0
0
0
0
0
0
0
0
0
0
0
0
0
0
0
0
0
0
0
0
0
0
0
0
0
0
0
0
0
0
0
0
0
0
0
0
0
0
0
0
0
0
0
0
0
0
0
0
0
0
0
0
0
0
0
0
0
0
0
0
0
0
0
0
0
0
0
0
0
0
0
0
0
0
0
0
0
0
0
0
0
0
0
0
0
0
0
0
0
0
0
0
0
0
0
0
0
0
0
0
0
0
0
0
0
0
0
0
0
0
0
0
0
0
0
0
0
0
0
0
0
0
0
0
0
0
0
0
0
0
0
0
0
0
0
0
0
0
0
0
0
0
0
0
0
0
0
0
0
0
0
0
0
0
0
0
0
0
0
0
0
0
0
0
0
0
0
0
0
0
0
0
0
0
0
0
0
0
0
0
0
0
0
0
0
0
0
0
0
0
0
0
0
0
0
0
0
0
0
0
0
0
0
0
0
0
0
0
0
0
0
0
0
0
0
0
0
0
0
0
0
0
0
0
0
0
0
0
0
0
0
0
0
0
0
0
0
0
0
0
0
0
0
0
0
0
0
0
0
0
0
0
0
0
0
0
0
0
0
0
0
0
0
0
0
0
0
0
0
0
0
0
0
0
0
0
0
0
0
0
0
0
0
0
0
0
0
0
0
0
0
0
0
0
0
0
0
0
0
0
0
0
0
0
0
0
0
0
0
0
0
0
0
0
0
0
0
0
0
0
0
0
0
0
0
0
0
0
0
0
0
0
0
0
0
0
0
0
0
0
0
0
0
0
0
0
0
0
0
0
0
0
0
0
0
0
0
0
0
0
0
0
0
0
0
0
0
0
0
0
0
0
0
0
0
0
0
0
0
0
0
0
0
0
0
0
0
0
0
0
0
0
0
0
0
0
0
0
0
0
0
0
0
0
0
0
0
0
0
0
0
0
0
0
0
0
0
0
0
0
0
0
0
0
0
0
0
0
0
0
0
0
0
0
0
0
0
0
0
0
0
0
0
0
0
0
0
0
0
0
0
0
0
0
0
0
0
0
0
0
0
0
0
0
0
0
0
0
0
0
0
0
0
0
0
0
0
0
0
0
0
0
0
0
0
0
0
0
0
0
0
0
0
0
0
0
0
0
0
0
0
0
0
0
0
0
0
0
0
0
0
0
0
0
0
0
0
0
0
0
0
0
0
0
0
0
0
0
0
0
0
0
0
0
0
0
0
0
0
0
0
0
0
0
0
0
0
0
0
0
0
0
0
0
0
0
0
0
0
0
0
0
0
0
0
0
0
0
0
0
0
0
0
0
0
0
0
0
0
0
0
0
0
0
0
0
0
0
0
0
0
0
0
0
0
0
0
0
0
0
0
0
0
0
0
0
0
0
0
0
0
0
0
0
0
0
0
0
0
0
0
0
0
0
0
0
0
0
0
0
0
0
0
0
0
0
0
0
0
0
0
0
0
0
0
0
0
0
0
0
0
0
0
0
0
0
0
0
0
0
0
0
0
0
0
0
0
0
0
0
0
0
0
0
0
0
0
0
0
0
0
0
0
0
0
0
0
0
0
0
0
0
0
0
0
0
0
0
0
0
0
0
0
0
0
0
0
0
0
0
0
0
0
0
0
0
0
0
0
0
0
0
0
0
0
0
0
0
0
0
0
0
0
0
0
0
0
0
0
0
0
0
0
0
0
0
0
0
0
0
0
0
0
0
0
0
0
0
0
0
0
0
0
0
0
0
0
0
0
0
0
0
0
0
0
0
0
0
0
0
0
0
0
0
0
0
0
0
0
0
0
0
0
0
0
0
0
0
0
0
0
0
0
0
0
0
0
0
0
0
0
0
0
0
0
0
0
0
0
0
0
0
0
0
0
0
0
0
0
0
0
0
0
0
0
0
0
0
0
0
0
0
0
0
0
0
0
0
0
0
0
0
0
0
0
0
0
0
0
0
0
0
0
0
0
0
0
0
0
0
0
0
0
0
0
0
0
0
0
0
0
0
0
0
0
0
0
0
0
0
0
0
0
0
0
0
0
0
0
0
0
0
0
0
0
0
0
0
0
0
0
0
0
0
0
0
0
0
0
0
0
0
0
0
0
0
0
0
0
0
0
0
0
0
0
0
0
0
0
0
0
0
0
0
0
0
0
0
0
0
0
0
0
0
0
0
0
0
0
0
0
0
0
0
0
0
0
0
0
0
0
0
0
0
0
0
0
0
0
0
0
0
0
0
0
0
0
0
0
0
0
0
0
0
0
0
0
0
0
0
0
0
0
0
0
0
0
0
0
0
0
0
0
0
0
0
0
0
0
0
0
0
0
0
0
0
0
0
0
0
0
0
0
0
0
0
0
0
0
0
0
0
0
0
0
0
0
0
0
0
0
0
0
0
0
0
0
0
0
0
0
0
0
0
0
0
0
0
0
0
0
0
0
0
0
0
0
0
0
0
0
0
0
0
0
0
0
0
0
0
0
0
0
0
0
0
0
0
0
0
0
0
0
0
0
0
0
0
0
0
0
0
0
0
0
0
0
0
0
0
0
0
0
0
0
0
0
0
0
0
0
0
0
0
0
0
0
0
0
0
0
0
0
0
0
0
0
0
0
0
0
0
0
0
0
0
0
0
0
0
0
0
0
0
0
0
0
0
0
0
0
0
0
0
0
0
0
0
0
0
0
0
0
0
0
0
0
0
0
0
0
0
0
0
0
0
0
0
0
0
0
0
0
0
0
0
0
0
0
0
0
0
0
0
0
0
0
0
0
0
0
0
0
0
0
0
0
0
0
0
0
0
0
0
0
0
0
0
0
0
0
0
0
0
0
0
0
0
0
0
0
0
0
0
0
0
0
0
0
0
0
0
0
0
0
0
0
0
0
0
0
0
0
0
0
0
0
0
0
0
0
0
0
0
0
0
0
0
0
0
0
0
0
0
0
0
0
0
0
0
0
0
0
0
0
0
0
0
0
0
0
0
0
0
0
0
0
0
0
0
0
0
0
0
0
0
0
0
0
0
0
0
0
0
0
0
0
0
0
0
0
0
0
0
0
0
0
0
0
0
0
0
0
0
0
0
0
0
0
0
0
0
0
0
0
0
0
0
0
0
0
0
0
0
0
0
0
0
0
0
0
0
0
0
0
0
0
0
0
0
0
0
0
0
0
0
0
0
0
0
0
0
0
0
0
0
0
0
0
0
0
0
0
0
0
0
0
0
0
0
0
0
0
0
0
0
0
0
0
0
0
0
0
0
0
0
0
0
0
0
0
0
0
0
0
0
0
0
0
0
0
0
0
0
0
0
0
0
0
0
0
0
0
0
0
0
0
0
0
0
0
0
0
0
0
0
0
0
0
0
0
0
0
0
0
0
0
0
0
0
0
0
0
0
0
0
0
0
0
0
0
0
0
0
0
0
0
0
0
0
0
0
0
0
0
0
0
0
0
0
0
0
0
0
0
0
0
0
0
0
0
0
0
0
0
0
0
0
0
0
0
0
0
0
0
0
0
0
0
0
0
0
0
0
0
0
0
0
0
0
0
0
0
0
0
0
0
0
0
0
0
0
0
0
0
0
0
0
0
0
0
0
0
0
0
0
0
0
0
0
0
0
0
0
0
0
0
0
0
0
0
0
0
0
0
0
0
0
0
0
0
0
0
0
0
0
0
0
0
0
0
0
0
0
0
0
0
0
0
0
0
0
0
0
0
0
0
0
0
0
0
0
0
0
0
0
0
0
0
0
0
0
0
0
0
0
0
0
0
0
0
0
0
0
0
0
0
0
0
0
0
0
0
0
0
0
0
0
0
0
0
0
0
0
0
0
0
0
0
0
0
0
0
0
0
0
0
0
0
0
0
0
0
0
0
0
0
0
0
0
0
0
0
0
0
0
0
0
0
0
0
0
0
0
0
0
0
0
0
0
0
0
0
0
0
0
0
0
0
0
0
0
0
0
0
0
0
0
0
0
0
0
0
0
0
0
0
0
0
0
0
0
0
0
0
0
0
0
0
0
0
0
0
0
0
0
0
0
0
0
0
0
0
0
0
0
0
0
0
0
0
0
0
0
0
0
0
0
0
0
0
0
0
0
0
0
0
0
0
0
0
0
0
0
0
0
0
0
0
0
0
0
0
0
0
0
0
0
0
0
0
0
0
0
0
0
0
0
0
0
0
0
0
0
0
0
0
0
0
0
0
0
0
0
0
0
0
0
0
0
0
0
0
0
0
0
0
0
0
0
0
0
0
0
0
0
0
0
0
0
0
0
0
0
0
0
0
0
0
0
0
0
0
0
0
0
0
0
0
0
0
0
0
0
0
0
0
0
0
0
0
0
0
0
0
0
0
0
0
0
0
0
0
0
0
0
0
0
0
0
0
0
0
0
0
0
0
0
0
0
0
0
0
0
0
0
0
0
0
0
0
0
0
0
0
0
0
0
0
0
0
0
0
0
0
0
0
0
0
0
0
0
0
0
0
0
0
0
0
0
0
0
0
0
0
0
0
0
0
0
0
0
0
0
0
0
0
0
0
0
0
0
0
0
0
0
0
0
0
0
0
0
0
0
0
0
0
0
0
0
0
0
0
0
0
0
0
0
0
0
0
0
0
0
0
0
0
0
0
0
0
0
0
0
0
0
0
0
0
0
0
0
0
0
0
0
0
0
0
0
0
0
0
0
0
0
0
0
0
0
0
0
0
0
0
0
0
0
0
0
0
0
0
0
0
0
0
0
0
0
0
0
0
0
0
0
0
0
0
0
0
0
0
0
0
0
0
0
0
0
0
0
0
0
0
0
0
0
0
0
0
0
0
0
0
0
0
0
0
0
0
0
0
0
0
0
0
0
0
0
0
0
0
0
0
0
0
0
0
0
0
0
0
0
0
0
0
0
0
0
0
0
0
0
0
0
0
0
0
0
0
0
0
0
0
0
0
0
0
0
0
0
0
0
0
0
0
0
0
0
0
0
0
0
0
0
0
0
0
0
0
0
0
0
0
0
0
0
0
0
0
0
0
0
0
0
0
0
0
0
0
0
0
0
0
0
0
0
0
0
0
0
0
0
0
0
0
0
0
0
0
0
0
0
0
0
0
0
0
0
0
0
0
0
0
0
0
0
0
0
0
0
0
0
0
0
0
0
0
0
0
0
0
0
0
0
0
0
0
0
0
0
0
0
0
0
0
0
0
0
0
0
0
0
0
0
0
0
0
0
0
0
0
0
0
0
0
0
0
0
0
0
0
0
0
0
0
0
0
0
0
0
0
0
0
0
0
0
0
0
0
0
0
0
0
0
0
0
0
0
0
0
0
0
0
0
0
0
0
0
0
0
0
0
0
0
0
0
0
0
0
0
0
0
0
0
0
0
0
0
0
0
0
0
0
0
0
0
0
0
0
0
0
0
0
0
0
0
0
0
0
0
0
0
0
0
0
0
0
0
0
0
0
0
0
0
0
0
0
0
0
0
0
0
0
0
0
0
0
0
0
0
0
0
0
0
0
0
0
0
0
0
0
0
0
0
0
0
0
0
0
0
0
0
0
0
0
0
0
0
0
0
0
0
0
0
0
0
0
0
0
0
0
0
0
0
0
0
0
0
0
0
0
0
0
0
0
0
0
0
0
0
0
0
0
0
0
0
0
0
0
0
0
0
0
0
0
0
0
0
0
0
0
0
0
0
0
0
0
0
0
0
0
0
0
0
0
0
0
0
0
0
0
0
0
0
0
0
0
0
0
0
0
0
0
0
0
0
0
0
0
0
0
0
0
0
0
0
0
0
0
0
0
0
0
0
0
0
0
0
0
0
0
0
0
0
0
0
0
0
0
0
0
0
0
0
0
0
0
0
0
0
0
0
0
0
0
0
0
0
0
0
0
0
0
0
0
0
0
0
0
0
0
0
0
0
0
0
0
0
0
0
0
0
0
0
0
0
0
0
0
0
0
0
0
0
0
0
0
0
0
0
0
0
0
0
0
0
0
0
0
0
0
0
0
0
0
0
0
0
0
0
0
0
0
0
0
0
0
0
0
0
0
0
0
0
0
0
0
0
0
0
0
0
0
0
0
0
0
0
0
0
0
0
0
0
0
0
0
0
0
0
0
0
0
0
0
0
0
0
0
0
0
0
0
0
0
0
0
0
0
0
0
0
0
0
0
0
0
0
0
0
0
0
0
0
0
0
0
0
0
0
0
0
0
0
0
0
0
0
0
0
0
0
0
0
0
0
0
0
0
0
0
0
0
0
0
0
0
0
0
0
0
0
0
0
0
0
0
0
0
0
0
0
0
0
0
0
0
0
0
0
0
0
0
0
0
0
0
0
0
0
0
0
0
0
0
0
0
0
0
0
0
0
0
0
0
0
0
0
0
0
0
0
0
0
0
0
0
0
0
0
0
0
0
0
0
0
0
0
0
0
0
0
0
0
0
0
0
0
0
0
0
0
0
0
0
0
0
0
0
0
0
0
0
0
0
0
0
0
0
0
0
0
0
0
0
0
0
0
0
0
0
0
0
0
0
0
0
0
0
0
0
0
0
0
0
0
0
0
0
0
0
0
0
0
0
0
0
0
0
0
0
0
0
0
0
0
0
0
0
0
0
0
0
0
0
0
0
0
0
0
0
0
0
0
0
0
0
0
0
0
0
0
0
0
0
0
0
0
0
0
0
0
0
0
0
0
0
0
0
0
0
0
0
0
0
0
0
0
0
0
0
0
0
0
0
0
0
0
0
0
0
0
0
0
0
0
0
0
0
0
0
0
0
0
0
0
0
0
0
0
0
0
0
0
0
0
0
0
0
0
0
0
0
0
0
0
0
0
0
0
0
0
0
0
0
0
0
0
0
0
0
0
0
0
0
0
0
0
0
0
0
0
0
0
0
0
0
0
0
0
0
0
0
0
0
0
0
0
0
0
0
0
0
0
0
0
0
0
0
0
0
0
0
0
0
0
0
0
0
0
0
0
0
0
0
0
0
0
0
0
0
0
0
0
0
0
0
0
0
0
0
0
0
0
0
0
0
0
0
0
0
0
0
0
0
0
0
0
0
0
0
0
0
0
0
0
0
0
0
0
0
0
0
0
0
0
0
0
0
0
0
0
0
0
0
0
0
0
0
0
0
0
0
0
0
0
0
0
0
0
0
0
0
0
0
0
0
0
0
0
0
0
0
0
0
0
0
0
0
0
0
0
0
0
0
0
0
0
0
0
0
0
0
0
0
0
0
0
0
0
0
0
0
0
0
0
0
0
0
0
0
0
0
0
0
0
0
0
0
0
0
0
0
0
0
0
0
0
0
0
0
0
0
0
0
0
0
0
0
0
0
0
0
0
0
0
0
0
0
0
0
0
0
0
0
0
0
0
0
0
0
0
0
0
0
0
0
0
0
0
0
0
0
0
0
0
0
0
0
0
0
0
0
0
0
0
0
0
0
0
0
0
0
0
0
0
0
0
0
0
0
0
0
0
0
0
0
0
0
0
0
0
0
0
0
0
0
0
0
0
0
0
0
0
0
0
0
0
0
0
0
0
0
0
0
0
0
0
0
0
0
0
0
0
0
0
0
0
0
0
0
0
0
0
0
0
0
0
0
0
0
0
0
0
0
0
0
0
0
0
0
0
0
0
0
0
0
0
0
0
0
0
0
0
0
0
0
0
0
0
0
0
0
0
0
0
0
0
0
0
0
0
0
0
0
0
0
0
0
0
0
0
0
0
0
0
0
0
0
0
0
0
0
0
0
0
0
0
0
0
0
0
0
0
0
0
0
0
0
0
0
0
0
0
0
0
0
0
0
0
0
0
0
0
0
0
0
0
0
0
0
0
0
0
0
0
0
0
0
0
0
0
0
0
0
0
0
0
0
0
0
0
0
0
0
0
0
0
0
0
0
0
0
0
0
0
0
0
0
0
0
0
0
0
0
0
0
0
0
0
0
0
0
0
0
0
0
0
0
0
0
0
0
0
0
0
0
0
0
0
0
0
0
0
0
0
0
0
0
0
0
0
0
0
0
0
0
0
0
0
0
0
0
0
0
0
0
0
0
0
0
0
0
0
0
0
0
0
0
0
0
0
0
0
0
0
0
0
0
0
0
0
0
0
0
0
0
0
0
0
0
0
0
0
0
0
0
0
0
0
0
0
0
0
0
0
0
0
0
0
0
0
0
0
0
0
0
0
0
0
0
0
0
0
0
0
0
0
0
0
0
0
0
0
0
0
0
0
0
0
0
0
0
0
0
0
0
0
0
0
0
0
0
0
0
0
0
0
0
0
0
0
0
0
0
0
0
0
0
0
0
0
0
0
0
0
0
0
0
0
0
0
0
0
0
0
0
0
0
0
0
0
0
0
0
0
0
0
0
0
0
0
0
0
0
0
0
0
0
0
0
0
0
0
0
0
0
0
0
0
0
0
0
0
0
0
0
0
0
0
0
0
0
0
0
0
0
0
0
0
0
0
0
0
0
0
0
0
0
0
0
0
0
0
0
0
0
0
0
0
0
0
0
0
0
0
0
0
0
0
0
0
0
0
0
0
0
0
0
0
0
0
0
0
0
0
0
0
0
0
0
0
0
0
0
0
0
0
0
0
0
0
0
0
0
0
0
0
0
0
0
0
0
0
0
0
0
0
0
0
0
0
0
0
0
0
0
0
0
0
0
0
0
0
0
0
0
0
0
0
0
0
0
0
0
0
0
0
0
0
0
0
0
0
0
0
0
0
0
0
0
0
0
0
0
0
0
0
0
0
0
0
0
0
0
0
0
0
0
0
0
0
0
0
0
0
0
0
0
0
0
0
0
0
0
0
0
0
0
0
0
0
0
0
0
0
0
0
0
0
0
0
0
0
0
0
0
0
0
0
0
0
0
0
0
0
0
0
0
0
0
0
0
0
0
0
0
0
0
0
0
0
0
0
0
0
0
0
0
0
0
0
0
0
0
0
0
0
0
0
0
0
0
0
0
0
0
0
0
0
0
0
0
0
0
0
0
0
0
0
0
0
0
0
0
0
0
0
0
0
0
0
0
0
0
0
0
0
0
0
0
0
0
0
0
0
0
0
0
0
0
0
0
0
0
0
0
0
0
0
0
0
0
0
0
0
0
0
0
0
0
0
0
0
0
0
0
0
0
0
0
0
0
0
0
0
0
0
0
0
0
0
0
0
0
0
0
0
0
0
0
0
0
0
0
0
0
0
0
0
0
0
0
0
0
0
0
0
0
0
0
0
0
0
0
0
0
0
0
0
0
0
0
0
0
0
0
0
0
0
0
0
0
0
0
0
0
0
0
0
0
0
0
0
0
0
0
0
0
0
0
0
0
0
0
0
0
0
0
0
0
0
0
0
0
0
0
0
0
0
0
0
0
0
0
0
0
0
0
0
0
0
0
0
0
0
0
0
0
0
0
0
0
0
0
0
0
0
0
0
0
0
0
0
0
0
0
0
0
0
0
0
0
0
0
0
0
0
0
0
0
0
0
0
0
0
0
0
0
0
0
0
0
0
0
0
0
0
0
0
0
0
0
0
0
0
0
0
0
0
0
0
0
0
0
0
0
0
0
0
0
0
0
0
0
0
0
0
0
0
0
0
0
0
0
0
0
0
0
0
0
0
0
0
0
0
0
0
0
0
0
0
0
0
0
0
0
0
0
0
0
0
0
0
0
0
0
0
0
0
0
0
0
0
0
0
0
0
0
0
0
0
0
0
0
0
0
0
0
0
0
0
0
0
0
0
0
0
0
0
0
0
0
0
0
0
0
0
0
0
0
0
0
0
0
0
0
0
0
0
0
0
0
0
0
0
0
0
0
0
0
0
0
0
0
0
0
0
0
0
0
0
0
0
0
0
0
0
0
0
0
0
0
0
0
0
0
0
0
0
0
0
0
0
0
0
0
0
0
0
0
0
0
0
0
0
0
0
0
0
0
0
0
0
0
0
0
0
0
0
0
0
0
0
0
0
0
0
0
0
0
0
0
0
0
0
0
0
0
0
0
0
0
0
0
0
0
0
0
0
0
0
0
0
0
0
0
0
0
0
0
0
0
0
0
0
0
0
0
0
0
0
0
0
0
0
0
0
0
0
0
0
0
0
0
0
0
0
0
0
0
0
0
0
0
0
0
0
0
0
0
0
0
0
0
0
0
0
0
0
0
0
0
0
0
0
0
0
0
0
0
0
0
0
0
0
0
0
0
0
0
0
0
0
0
0
0
0
0
0
0
0
0
0
0
0
0
0
0
0
0
0
0
0
0
0
0
0
0
0
0
0
0
0
0
0
0
0
0
0
0
0
0
0
0
0
0
0
0
0
0
0
0
0
0
0
0
0
0
0
0
0
0
0
0
0
0
0
0
0
0
0
0
0
0
0
0
0
0
0
0
0
0
0
0
0
0
0
0
0
0
0
0
0
0
0
0
0
0
0
0
0
0
0
0
0
0
0
0
0
0
0
0
0
0
0
0
0
0
0
0
0
0
0
0
0
0
0
0
0
0
0
0
0
0
0
0
0
0
0
0
0
0
0
0
0
0
0
0
0
0
0
0
0
0
0
0
0
0
0
0
0
0
0
0
0
0
0
0
0
0
0
0
0
0
0
0
0
0
0
0
0
0
0
0
0
0
0
0
0
0
0
0
0
0
0
0
0
0
0
0
0
0
0
0
0
0
0
0
0
0
0
0
0
0
0
0
0
0
0
0
0
0
0
0
0
0
0
0
0
0
0
0
0
0
0
0
0
0
0
0
0
0
0
0
0
0
0
0
0
0
0
0
0
0
0
0
0
0
0
0
0
0
0
0
0
0
0
0
0
0
0
0
0
0
0
0
0
0
0
0
0
0
0
0
0
0
0
0
0
0
0
0
0
0
0
0
0
0
0
0
0
0
0
0
0
0
0
0
0
0
0
0
0
0
0
0
0
0
0
0
0
0
0
0
0
0
0
0
0
0
0
0
0
0
0
0
0
0
0
0
0
0
0
0
0
0
0
0
0
0
0
0
0
0
0
0
0
0
0
0
0
0
0
0
0
0
0
0
0
0
0
0
0
0
0
0
0
0
0
0
0
0
0
0
0
0
0
0
0
0
0
0
0
0
0
0
0
0
0
0
0
0
0
0
0
0
0
0
0
0
0
0
0
0
0
0
0
0
0
0
0
0
0
0
0
0
0
0
0
0
0
0
0
0
0
0
0
0
0
0
0
0
0
0
0
0
0
0
0
0
0
0
0
0
0
0
0
0
0
0
0
0
0
0
0
0
0
0
0
0
0
0
0
0
0
0
0
0
0
0
0
0
0
0
0
0
0
0
0
0
0
0
0
0
0
0
0
0
0
0
0
0
0
0
0
0
0
0
0
0
0
0
0
0
0
0
0
0
0
0
0
0
0
0
0
0
0
0
0
0
0
0
0
0
0
0
0
0
0
0
0
0
0
0
0
0
0
0
0
0
0
0
0
0
0
0
0
0
0
0
0
0
0
0
0
0
0
0
0
0
0
0
0
0
0
0
0
0
0
0
0
0
0
0
0
0
0
0
0
0
0
0
0
0
0
0
0
0
0
0
0
0
0
0
0
0
0
0
0
0
0
0
0
0
0
0
0
0
0
0
0
0
0
0
0
0
0
0
0
0
0
0
0
0
0
0
0
0
0
0
0
0
0
0
0
0
0
0
0
0
0
0
0
0
0
0
0
0
0
0
0
0
0
0
0
0
0
0
0
0
0
0
0
0
0
0
0
0
0
0
0
0
0
0
0
0
0
0
0
0
0
0
0
0
0
0
0
0
0
0
0
0
0
0
0
0
0
0
0
0
0
0
0
0
0
0
0
0
0
0
0
0
0
0
0
0
0
0
0
0
0
0
0
0
0
0
0
0
0
0
0
0
0
0
0
0
0
0
0
0
0
0
0
0
0
0
0
0
0
0
0
0
0
0
0
0
0
0
0
0
0
0
0
0
0
0
0
0
0
0
0
0
0
0
0
0
0
0
0
0
0
0
0
0
0
0
0
0
0
0
0
0
0
0
0
0
0
0
0
0
0
0
0
0
0
0
0
0
0
0
0
0
0
0
0
0
0
0
0
0
0
0
0
0
0
0
0
0
0
0
0
0
0
0
0
0
0
0
0
0
0
0
0
0
0
0
0
0
0
0
0
0
0
0
0
0
0
0
0
0
0
0
0
0
0
0
0
0
0
0
0
0
0
0
0
0
0
0
0
0
0
0
0
0
0
0
0
0
0
0
0
0
0
0
0
0
0
0
0
0
0
0
0
0
0
0
0
0
0
0
0
0
0
0
0
0
0
0
0
0
0
0
0
0
0
0
0
0
0
0
0
0
0
0
0
0
0
0
0
0
0
0
0
0
0
0
0
0
0
0
0
0
0
0
0
0
0
0
0
0
0
0
0
0
0
0
0
0
0
0
0
0
0
0
0
0
0
0
0
0
0
0
0
0
0
0
0
0
0
0
0
0
0
0
0
0
0
0
0
0
0
0
0
0
0
0
0
0
0
0
0
0
0
0
0
0
0
0
0
0
0
0
0
0
0
0
0
0
0
0
0
0
0
0
0
0
0
0
0
0
0
0
0
0
0
0
0
0
0
0
0
0
0
0
0
0
0
0
0
0
0
0
0
0
0
0
0
0
0
0
0
0
0
0
0
0
0
0
0
0
0
0
0
0
0
0
0
0
0
0
0
0
0
0
0
0.0241400711930081
0
0
0
0
0
0
0
0
0
0
0
0
0
0
0
0
0
0
0
0
0
0
0
0
0
0
0
0
0
0
0
0
0
0
0
0
0
0
0
0
0
0
0
0
0
0
0
0
0
0
0
0
0
0
0
0
0
0
0
0
0
0
0
0
0
0
0
0
0
0
0
0
0
0
0
0
0
0
0
0
0
0
0
0
0
0
0
0
0
0
0
0
0
0
0
0
0
0
0
0
0
0
0
0
0
0
0
0
0
0
0
0
0
0
0
0
0
0
0
0
0
0
0
0
0
0
0
0
0
0
0
0
0
0
0
0
0
0
0
0
0
0
0
0
0
0
0
0
0
0.0243165519766659
0.0322874345788794
0
0
0
0
0
0
0
0
0
0
0
0
0
0
0
0
0
0
0
0
0
0
0
0
0
0
0
0
0
0
0
0
0
0
0
0
0
0
0
0
0
0
0
0
0
0
0
0
0
0
0
0
0
0
0
0
0
0
0
0
0
0
0
0
0
0
0
0
0
0
0
0
0
0
0
0
0
0
0
0
0
0
0
0
0
0
0
0
0
0
0
0
0
0
0
0
0
0
0
0
0
0
0
0
0
0
0
0
0
0
0
0
0
0
0
0
0
0
0
0
0
0
0
0
0
0
0
0
0
0
0
0
0
0
0
0
0
0
0
0
0
0
0
0
0
0
0
0
0.0244959692973921
0.0325609327254472
0
0
0
0
0
0
0
0
0
0
0
0
0
0
0
0
0
0
0
0
0
0
0
0
0
0
0
0
0
0
0
0
0
0
0
0
0
0
0
0
0
0
0
0
0
0
0
0
0
0
0
0
0
0
0
0
0
0
0
0
0
0
0
0
0
0
0
0
0
0
0
0
0
0
0
0
0
0
0
0
0
0
0
0
0
0
0
0
0
0
0
0
0
0
0
0
0
0
0
0
0
0
0
0
0
0
0
0
0
0
0
0
0
0
0
0
0
0
0
0
0
0
0
0
0
0
0
0
0
0
0
0
0
0
0
0
0
0
0
0
0
0
0
0
0
0
0
0
0.0246797308824833
0.0328392971477916
0.0193572756651123
0
0
0
0
0
0
0
0
0
0
0
0
0
0
0
0
0
0
0
0
0
0
0
0
0
0
0
0
0
0
0
0
0
0
0
0
0
0
0
0
0
0
0
0
0
0
0
0
0
0
0
0
0
0
0
0
0
0
0
0
0
0
0
0
0
0
0
0
0
0
0
0
0
0
0
0
0
0
0
0
0
0
0
0
0
0
0
0
0
0
0
0
0
0
0
0
0
0
0
0
0
0
0
0
0
0
0
0
0
0
0
0
0
0
0
0
0
0
0
0
0
0
0
0
0
0
0
0
0
0
0
0
0
0
0
0
0
0
0
0
0
0
0
0
0
0
0
0.0248676998488177
0.0331217831973085
0.0197999253580691
0
0
0
0
0
0
0
0
0
0
0
0
0
0
0
0
0
0
0
0
0
0
0
0
0
0
0
0
0
0
0
0
0
0
0
0
0
0
0
0
0
0
0
0
0
0
0
0
0
0
0
0
0
0
0
0
0
0
0
0
0
0
0
0
0
0
0
0
0
0
0
0
0
0
0
0
0
0
0
0
0
0
0
0
0
0
0
0
0
0
0
0
0
0
0
0
0
0
0
0
0
0
0
0
0
0
0
0
0
0
0
0
0
0
0
0
0
0
0
0
0
0
0
0
0
0
0
0
0
0
0
0
0
0
0
0
0
0
0
0
0
0
0
0
0
0
0
0.0250573533327199
0.033409334071492
0.0202354179864637
0
0
0
0
0
0
0
0
0
0
0
0
0
0
0
0
0
0
0
0
0
0
0
0
0
0
0
0
0
0
0
0
0
0
0
0
0
0
0
0
0
0
0
0
0
0
0
0
0
0
0
0
0
0
0
0
0
0
0
0
0
0
0
0
0
0
0
0
0
0
0
0
0
0
0
0
0
0
0
0
0
0
0
0
0
0
0
0
0
0
0
0
0
0
0
0
0
0
0
0
0
0
0
0
0
0
0
0
0
0
0
0
0
0
0
0
0
0
0
0
0
0
0
0
0
0
0
0
0
0
0
0
0
0
0
0
0
0
0
0
0
0
0
0
0
0
0
0.0252501435350153
0.0337021292545815
0.0206691210139457
0.0104918351137615
0
0
0
0
0
0
0
0
0
0
0
0
0
0
0
0
0
0
0
0
0
0
0
0
0
0
0
0
0
0
0
0
0
0
0
0
0
0
0
0
0
0
0
0
0
0
0
0
0
0
0
0
0
0
0
0
0
0
0
0
0
0
0
0
0
0
0
0
0
0
0
0
0
0
0
0
0
0
0
0
0
0
0
0
0
0
0
0
0
0
0
0
0
0
0
0
0
0
0
0
0
0
0
0
0
0
0
0
0
0
0
0
0
0
0
0
0
0
0
0
0
0
0
0
0
0
0
0
0
0
0
0
0
0
0
0
0
0
0
0
0
0
0
0
0
0
0.0254461173818174
0.0339938388051555
0.0211006497123625
0.0108258831351678
0
0
0
0
0
0
0
0
0
0
0
0
0
0
0
0
0
0
0
0
0
0
0
0
0
0
0
0
0
0
0
0
0
0
0
0
0
0
0
0
0
0
0
0
0
0
0
0
0
0
0
0
0
0
0
0
0
0
0
0
0
0
0
0
0
0
0
0
0
0
0
0
0
0
0
0
0
0
0
0
0
0
0
0
0
0
0
0
0
0
0
0
0
0
0
0
0
0
0
0
0
0
0
0
0
0
0
0
0
0
0
0
0
0
0
0
0
0
0
0
0
0
0
0
0
0
0
0
0
0
0
0
0
0
0
0
0
0
0
0
0
0
0
0
0
0
0.025649452334038
0.0342924965117777
0.0215280167874063
0.0111575864193775
0
0
0
0
0
0
0
0
0
0
0
0
0
0
0
0
0
0
0
0
0
0
0
0
0
0
0
0
0
0
0
0
0
0
0
0
0
0
0
0
0
0
0
0
0
0
0
0
0
0
0
0
0
0
0
0
0
0
0
0
0
0
0
0
0
0
0
0
0
0
0
0
0
0
0
0
0
0
0
0
0
0
0
0
0
0
0
0
0
0
0
0
0
0
0
0
0
0
0
0
0
0
0
0
0
0
0
0
0
0
0
0
0
0
0
0
0
0
0
0
0
0
0
0
0
0
0
0
0
0
0
0
0
0
0
0
0
0
0
0
0
0
0
0
0
0
0.025855114713865
0.0346017170525466
0.0219541833379482
0.0114850815947731
0
0
0
0
0
0
0
0
0
0
0
0
0
0
0
0
0
0
0
0
0
0
0
0
0
0
0
0
0
0
0
0
0
0
0
0
0
0
0
0
0
0
0
0
0
0
0
0
0
0
0
0
0
0
0
0
0
0
0
0
0
0
0
0
0
0
0
0
0
0
0
0
0
0
0
0
0
0
0
0
0
0
0
0
0
0
0
0
0
0
0
0
0
0
0
0
0
0
0
0
0
0
0
0
0
0
0
0
0
0
0
0
0
0
0
0
0
0
0
0
0
0
0
0
0
0
0
0
0
0
0
0
0
0
0
0
0
0
0
0
0
0
0
0
0
0
0.0260595844946594
0.0349167326509623
0.0223831062267339
0.0118105488236744
0
0
0
0
0
0
0
0
0
0
0
0
0
0
0
0
0
0
0
0
0
0
0
0
0
0
0
0
0
0
0
0
0
0
0
0
0
0
0
0
0
0
0
0
0
0
0
0
0
0
0
0
0
0
0
0
0
0
0
0
0
0
0
0
0
0
0
0
0
0
0
0
0
0
0
0
0
0
0
0
0
0
0
0
0
0
0
0
0
0
0
0
0
0
0
0
0
0
0
0
0
0
0
0
0
0
0
0
0
0
0
0
0
0
0
0
0
0
0
0
0
0
0
0
0
0
0
0
0
0
0
0
0
0
0
0
0
0
0
0
0
0
0
0
0
0
0.0262595979998989
0.0352169398158301
0.0228124315471599
0.0121376834987626
0
0
0
0
0
0
0
0
0
0
0
0
0
0
0
0
0
0
0
0
0
0
0
0
0
0
0
0
0
0
0
0
0
0
0
0
0
0
0
0
0
0
0
0
0
0
0
0
0
0
0
0
0
0
0
0
0
0
0
0
0
0
0
0
0
0
0
0
0
0
0
0
0
0
0
0
0
0
0
0
0
0
0
0
0
0
0
0
0
0
0
0
0
0
0
0
0
0
0
0
0
0
0
0
0
0
0
0
0
0
0
0
0
0
0
0
0
0
0
0
0
0
0
0
0
0
0
0
0
0
0
0
0
0
0
0
0
0
0
0
0
0
0
0
0
0
0.0264472709279911
0.03550147040863
0.0231998743254179
0.0124657938832992
0
0
0
0
0
0
0
0
0
0
0
0
0
0
0
0
0
0
0
0
0
0
0
0
0
0
0
0
0
0
0
0
0
0
0
0
0
0
0
0
0
0
0
0
0
0
0
0
0
0
0
0
0
0
0
0
0
0
0
0
0
0
0
0
0
0
0
0
0
0
0
0
0
0
0
0
0
0
0
0
0
0
0
0
0
0
0
0
0
0
0
0
0
0
0
0
0
0
0
0
0
0
0
0
0
0
0
0
0
0
0
0
0
0
0
0
0
0
0
0
0
0
0
0
0
0
0
0
0
0
0
0
0
0
0
0
0
0
0
0
0
0
0
0
0
0
0.0266364274812084
0.0357780457625259
0.0235702523218614
0.0127615973980015
0
0
0
0
0
0
0
0
0
0
0
0
0
0
0
0
0
0
0
0
0
0
0
0
0
0
0
0
0
0
0
0
0
0
0
0
0
0
0
0
0
0
0
0
0
0
0
0
0
0
0
0
0
0
0
0
0
0
0
0
0
0
0
0
0
0
0
0
0
0
0
0
0
0
0
0
0
0
0
0
0
0
0
0
0
0
0
0
0
0
0
0
0
0
0
0
0
0
0
0
0
0
0
0
0
0
0
0
0
0
0
0
0
0
0
0
0
0
0
0
0
0
0
0
0
0
0
0
0
0
0
0
0
0
0
0
0
0
0
0
0
0
0
0
0
0
0.0268275889597605
0.0360574955979736
0.0239323548449845
0.0130478199456003
0
0
0
0
0
0
0
0
0
0
0
0
0
0
0
0
0
0
0
0
0
0
0
0
0
0
0
0
0
0
0
0
0
0
0
0
0
0
0
0
0
0
0
0
0
0
0
0
0
0
0
0
0
0
0
0
0
0
0
0
0
0
0
0
0
0
0
0
0
0
0
0
0
0
0
0
0
0
0
0
0
0
0
0
0
0
0
0
0
0
0
0
0
0
0
0
0
0
0
0
0
0
0
0
0
0
0
0
0
0
0
0
0
0
0
0
0
0
0
0
0
0
0
0
0
0
0
0
0
0
0
0
0
0
0
0
0
0
0
0
0
0
0
0
0
0
0.0270220811691205
0.0363417458615124
0.024293246532778
0.013330453970893
0.00626712562802816
0
0
0
0
0
0
0
0
0
0
0
0
0
0
0
0
0
0
0
0
0
0
0
0
0
0
0
0
0
0
0
0
0
0
0
0
0
0
0
0
0
0
0
0
0
0
0
0
0
0
0
0
0
0
0
0
0
0
0
0
0
0
0
0
0
0
0
0
0
0
0
0
0
0
0
0
0
0
0
0
0
0
0
0
0
0
0
0
0
0
0
0
0
0
0
0
0
0
0
0
0
0
0
0
0
0
0
0
0
0
0
0
0
0
0
0
0
0
0
0
0
0
0
0
0
0
0
0
0
0
0
0
0
0
0
0
0
0
0
0
0
0
0
0
0
0.0272193521361351
0.0366307747156514
0.0246536166621947
0.0136118984285858
0.00641855992958087
0
0
0
0
0
0
0
0
0
0
0
0
0
0
0
0
0
0
0
0
0
0
0
0
0
0
0
0
0
0
0
0
0
0
0
0
0
0
0
0
0
0
0
0
0
0
0
0
0
0
0
0
0
0
0
0
0
0
0
0
0
0
0
0
0
0
0
0
0
0
0
0
0
0
0
0
0
0
0
0
0
0
0
0
0
0
0
0
0
0
0
0
0
0
0
0
0
0
0
0
0
0
0
0
0
0
0
0
0
0
0
0
0
0
0
0
0
0
0
0
0
0
0
0
0
0
0
0
0
0
0
0
0
0
0
0
0
0
0
0
0
0
0
0
0
0.0274145950924419
0.0369239792398427
0.0250132933253535
0.0138915260971774
0.00656926014913854
0
0
0
0
0
0
0
0
0
0
0
0
0
0
0
0
0
0
0
0
0
0
0
0
0
0
0
0
0
0
0
0
0
0
0
0
0
0
0
0
0
0
0
0
0
0
0
0
0
0
0
0
0
0
0
0
0
0
0
0
0
0
0
0
0
0
0
0
0
0
0
0
0
0
0
0
0
0
0
0
0
0
0
0
0
0
0
0
0
0
0
0
0
0
0
0
0
0
0
0
0
0
0
0
0
0
0
0
0
0
0
0
0
0
0
0
0
0
0
0
0
0
0
0
0
0
0
0
0
0
0
0
0
0
0
0
0
0
0
0
0
0
0
0
0
0.0276133945201409
0.0372183765986519
0.0253719844236532
0.0141700864926935
0.00671837907806256
0
0
0
0
0
0
0
0
0
0
0
0
0
0
0
0
0
0
0
0
0
0
0
0
0
0
0
0
0
0
0
0
0
0
0
0
0
0
0
0
0
0
0
0
0
0
0
0
0
0
0
0
0
0
0
0
0
0
0
0
0
0
0
0
0
0
0
0
0
0
0
0
0
0
0
0
0
0
0
0
0
0
0
0
0
0
0
0
0
0
0
0
0
0
0
0
0
0
0
0
0
0
0
0
0
0
0
0
0
0
0
0
0
0
0
0
0
0
0
0
0
0
0
0
0
0
0
0
0
0
0
0
0
0
0
0
0
0
0
0
0
0
0
0
0
0.0278164964823426
0.0375170842959594
0.0257283429572827
0.0144470152435952
0.00686675152979514
0
0
0
0
0
0
0
0
0
0
0
0
0
0
0
0
0
0
0
0
0
0
0
0
0
0
0
0
0
0
0
0
0
0
0
0
0
0
0
0
0
0
0
0
0
0
0
0
0
0
0
0
0
0
0
0
0
0
0
0
0
0
0
0
0
0
0
0
0
0
0
0
0
0
0
0
0
0
0
0
0
0
0
0
0
0
0
0
0
0
0
0
0
0
0
0
0
0
0
0
0
0
0
0
0
0
0
0
0
0
0
0
0
0
0
0
0
0
0
0
0
0
0
0
0
0
0
0
0
0
0
0
0
0
0
0
0
0
0
0
0
0
0
0
0
0.0280209501895028
0.0378224510206242
0.0260821082160969
0.0147211918295707
0.00701341204251335
0
0
0
0
0
0
0
0
0
0
0
0
0
0
0
0
0
0
0
0
0
0
0
0
0
0
0
0
0
0
0
0
0
0
0
0
0
0
0
0
0
0
0
0
0
0
0
0
0
0
0
0
0
0
0
0
0
0
0
0
0
0
0
0
0
0
0
0
0
0
0
0
0
0
0
0
0
0
0
0
0
0
0
0
0
0
0
0
0
0
0
0
0
0
0
0
0
0
0
0
0
0
0
0
0
0
0
0
0
0
0
0
0
0
0
0
0
0
0
0
0
0
0
0
0
0
0
0
0
0
0
0
0
0
0
0
0
0
0
0
0
0
0
0
0
0.0282313462314735
0.0381281505812574
0.026436216483648
0.0149887861781707
0.00715673354843157
0
0
0
0
0
0
0
0
0
0
0
0
0
0
0
0
0
0
0
0
0
0
0
0
0
0
0
0
0
0
0
0
0
0
0
0
0
0
0
0
0
0
0
0
0
0
0
0
0
0
0
0
0
0
0
0
0
0
0
0
0
0
0
0
0
0
0
0
0
0
0
0
0
0
0
0
0
0
0
0
0
0
0
0
0
0
0
0
0
0
0
0
0
0
0
0
0
0
0
0
0
0
0
0
0
0
0
0
0
0
0
0
0
0
0
0
0
0
0
0
0
0
0
0
0
0
0
0
0
0
0
0
0
0
0
0
0
0
0
0
0
0
0
0
0
0.0284458903787129
0.03844249372694
0.0267864663586677
0.0152552015753477
0
0
0
0
0
0
0
0
0
0
0
0
0
0
0
0
0
0
0
0
0
0
0
0
0
0
0
0
0
0
0
0
0
0
0
0
0
0
0
0
0
0
0
0
0
0
0
0
0
0
0
0
0
0
0
0
0
0
0
0
0
0
0
0
0
0
0
0
0
0
0
0
0
0
0
0
0
0
0
0
0
0
0
0
0
0
0
0
0
0
0
0
0
0
0
0
0
0
0
0
0
0
0
0
0
0
0
0
0
0
0
0
0
0
0
0
0
0
0
0
0
0
0
0
0
0
0
0
0
0
0
0
0
0
0
0
0
0
0
0
0
0
0
0
0
0
0.0286658378118803
0.038764200237547
0.0271402230693291
0.0155189952731572
0
0
0
0
0
0
0
0
0
0
0
0
0
0
0
0
0
0
0
0
0
0
0
0
0
0
0
0
0
0
0
0
0
0
0
0
0
0
0
0
0
0
0
0
0
0
0
0
0
0
0
0
0
0
0
0
0
0
0
0
0
0
0
0
0
0
0
0
0
0
0
0
0
0
0
0
0
0
0
0
0
0
0
0
0
0
0
0
0
0
0
0
0
0
0
0
0
0
0
0
0
0
0
0
0
0
0
0
0
0
0
0
0
0
0
0
0
0
0
0
0
0
0
0
0
0
0
0
0
0
0
0
0
0
0
0
0
0
0
0
0
0
0
0
0
0
0.0288959739508159
0.0390951427803354
0.0274970462181853
0.0157848263375131
0
0
0
0
0
0
0
0
0
0
0
0
0
0
0
0
0
0
0
0
0
0
0
0
0
0
0
0
0
0
0
0
0
0
0
0
0
0
0
0
0
0
0
0
0
0
0
0
0
0
0
0
0
0
0
0
0
0
0
0
0
0
0
0
0
0
0
0
0
0
0
0
0
0
0
0
0
0
0
0
0
0
0
0
0
0
0
0
0
0
0
0
0
0
0
0
0
0
0
0
0
0
0
0
0
0
0
0
0
0
0
0
0
0
0
0
0
0
0
0
0
0
0
0
0
0
0
0
0
0
0
0
0
0
0
0
0
0
0
0
0
0
0
0
0
0
0.0291285042477705
0.0394277476622162
0.0278524687092937
0.0160493424026151
0
0
0
0
0
0
0
0
0
0
0
0
0
0
0
0
0
0
0
0
0
0
0
0
0
0
0
0
0
0
0
0
0
0
0
0
0
0
0
0
0
0
0
0
0
0
0
0
0
0
0
0
0
0
0
0
0
0
0
0
0
0
0
0
0
0
0
0
0
0
0
0
0
0
0
0
0
0
0
0
0
0
0
0
0
0
0
0
0
0
0
0
0
0
0
0
0
0
0
0
0
0
0
0
0
0
0
0
0
0
0
0
0
0
0
0
0
0
0
0
0
0
0
0
0
0
0
0
0
0
0
0
0
0
0
0
0
0
0
0
0
0
0
0
0
0
0.0293663966536497
0.0397657109023551
0.028210867835488
0.0163150500592691
0
0
0
0
0
0
0
0
0
0
0
0
0
0
0
0
0
0
0
0
0
0
0
0
0
0
0
0
0
0
0
0
0
0
0
0
0
0
0
0
0
0
0
0
0
0
0
0
0
0
0
0
0
0
0
0
0
0
0
0
0
0
0
0
0
0
0
0
0
0
0
0
0
0
0
0
0
0
0
0
0
0
0
0
0
0
0
0
0
0
0
0
0
0
0
0
0
0
0
0
0
0
0
0
0
0
0
0
0
0
0
0
0
0
0
0
0
0
0
0
0
0
0
0
0
0
0
0
0
0
0
0
0
0
0
0
0
0
0
0
0
0
0
0
0
0
0.0296125928550635
0.0401105225945181
0.0285706044177369
0
0
0
0
0
0
0
0
0
0
0
0
0
0
0
0
0
0
0
0
0
0
0
0
0
0
0
0
0
0
0
0
0
0
0
0
0
0
0
0
0
0
0
0
0
0
0
0
0
0
0
0
0
0
0
0
0
0
0
0
0
0
0
0
0
0
0
0
0
0
0
0
0
0
0
0
0
0
0
0
0
0
0
0
0
0
0
0
0
0
0
0
0
0
0
0
0
0
0
0
0
0
0
0
0
0
0
0
0
0
0
0
0
0
0
0
0
0
0
0
0
0
0
0
0
0
0
0
0
0
0
0
0
0
0
0
0
0
0
0
0
0
0
0
0
0
0
0.029868648754291
0.0404651940315535
0.0289310614502829
0
0
0
0
0
0
0
0
0
0
0
0
0
0
0
0
0
0
0
0
0
0
0
0
0
0
0
0
0
0
0
0
0
0
0
0
0
0
0
0
0
0
0
0
0
0
0
0
0
0
0
0
0
0
0
0
0
0
0
0
0
0
0
0
0
0
0
0
0
0
0
0
0
0
0
0
0
0
0
0
0
0
0
0
0
0
0
0
0
0
0
0
0
0
0
0
0
0
0
0
0
0
0
0
0
0
0
0
0
0
0
0
0
0
0
0
0
0
0
0
0
0
0
0
0
0
0
0
0
0
0
0
0
0
0
0
0
0
0
0
0
0
0
0
0
0
0
0.0301224858456566
0.0408230303573242
0.0292936226422953
0
0
0
0
0
0
0
0
0
0
0
0
0
0
0
0
0
0
0
0
0
0
0
0
0
0
0
0
0
0
0
0
0
0
0
0
0
0
0
0
0
0
0
0
0
0
0
0
0
0
0
0
0
0
0
0
0
0
0
0
0
0
0
0
0
0
0
0
0
0
0
0
0
0
0
0
0
0
0
0
0
0
0
0
0
0
0
0
0
0
0
0
0
0
0
0
0
0
0
0
0
0
0
0
0
0
0
0
0
0
0
0
0
0
0
0
0
0
0
0
0
0
0
0
0
0
0
0
0
0
0
0
0
0
0
0
0
0
0
0
0
0
0
0
0
0
0
0.0303805457041049
0.0411866114190217
0.0296582246522569
0
0
0
0
0
0
0
0
0
0
0
0
0
0
0
0
0
0
0
0
0
0
0
0
0
0
0
0
0
0
0
0
0
0
0
0
0
0
0
0
0
0
0
0
0
0
0
0
0
0
0
0
0
0
0
0
0
0
0
0
0
0
0
0
0
0
0
0
0
0
0
0
0
0
0
0
0
0
0
0
0
0
0
0
0
0
0
0
0
0
0
0
0
0
0
0
0
0
0
0
0
0
0
0
0
0
0
0
0
0
0
0
0
0
0
0
0
0
0
0
0
0
0
0
0
0
0
0
0
0
0
0
0
0
0
0
0
0
0
0
0
0
0
0
0
0
0
0.0306437047148772
0.0415564473611389
0
0
0
0
0
0
0
0
0
0
0
0
0
0
0
0
0
0
0
0
0
0
0
0
0
0
0
0
0
0
0
0
0
0
0
0
0
0
0
0
0
0
0
0
0
0
0
0
0
0
0
0
0
0
0
0
0
0
0
0
0
0
0
0
0
0
0
0
0
0
0
0
0
0
0
0
0
0
0
0
0
0
0
0
0
0
0
0
0
0
0
0
0
0
0
0
0
0
0
0
0
0
0
0
0
0
0
0
0
0
0
0
0
0
0
0
0
0
0
0
0
0
0
0
0
0
0
0
0
0
0
0
0
0
0
0
0
0
0
0
0
0
0
0
0
0
0
0
0.0309123067927507
0.0419322181095806
0
0
0
0
0
0
0
0
0
0
0
0
0
0
0
0
0
0
0
0
0
0
0
0
0
0
0
0
0
0
0
0
0
0
0
0
0
0
0
0
0
0
0
0
0
0
0
0
0
0
0
0
0
0
0
0
0
0
0
0
0
0
0
0
0
0
0
0
0
0
0
0
0
0
0
0
0
0
0
0
0
0
0
0
0
0
0
0
0
0
0
0
0
0
0
0
0
0
0
0
0
0
0
0
0
0
0
0
0
0
0
0
0
0
0
0
0
0
0
0
0
0
0
0
0
0
0
0
0
0
0
0
0
0
0
0
0
0
0
0
0
0
0
0
0
0
0
0
0.0311881509203074
0.0423121119805183
0
0
0
0
0
0
0
0
0
0
0
0
0
0
0
0
0
0
0
0
0
0
0
0
0
0
0
0
0
0
0
0
0
0
0
0
0
0
0
0
0
0
0
0
0
0
0
0
0
0
0
0
0
0
0
0
0
0
0
0
0
0
0
0
0
0
0
0
0
0
0
0
0
0
0
0
0
0
0
0
0
0
0
0
0
0
0
0
0
0
0
0
0
0
0
0
0
0
0
0
0
0
0
0
0
0
0
0
0
0
0
0
0
0
0
0
0
0
0
0
0
0
0
0
0
0
0
0
0
0
0
0
0
0
0
0
0
0
0
0
0
0
0
0
0
0
0
0
0.0314696517500854
0.0427015655418
0
0
0
0
0
0
0
0
0
0
0
0
0
0
0
0
0
0
0
0
0
0
0
0
0
0
0
0
0
0
0
0
0
0
0
0
0
0
0
0
0
0
0
0
0
0
0
0
0
0
0
0
0
0
0
0
0
0
0
0
0
0
0
0
0
0
0
0
0
0
0
0
0
0
0
0
0
0
0
0
0
0
0
0
0
0
0
0
0
0
0
0
0
0
0
0
0
0
0
0
0
0
0
0
0
0
0
0
0
0
0
0
0
0
0
0
0
0
0
0
0
0
0
0
0
0
0
0
0
0
0
0
0
0
0
0
0
0
0
0
0
0
0
0
0
0
0
0
0.0317574882998203
0.0430991854647649
0
0
0
0
0
0
0
0
0
0
0
0
0
0
0
0
0
0
0
0
0
0
0
0
0
0
0
0
0
0
0
0
0
0
0
0
0
0
0
0
0
0
0
0
0
0
0
0
0
0
0
0
0
0
0
0
0
0
0
0
0
0
0
0
0
0
0
0
0
0
0
0
0
0
0
0
0
0
0
0
0
0
0
0
0
0
0
0
0
0
0
0
0
0
0
0
0
0
0
0
0
0
0
0
0
0
0
0
0
0
0
0
0
0
0
0
0
0
0
0
0
0
0
0
0
0
0
0
0
0
0
0
0
0
0
0
0
0
0
0
0
0
0
0
0
0
0
0
0.0320533532711812
0.0435067237958853
0
0
0
0
0
0
0
0
0
0
0
0
0
0
0
0
0
0
0
0
0
0
0
0
0
0
0
0
0
0
0
0
0
0
0
0
0
0
0
0
0
0
0
0
0
0
0
0
0
0
0
0
0
0
0
0
0
0
0
0
0
0
0
0
0
0
0
0
0
0
0
0
0
0
0
0
0
0
0
0
0
0
0
0
0
0
0
0
0
0
0
0
0
0
0
0
0
0
0
0
0
0
0
0
0
0
0
0
0
0
0
0
0
0
0
0
0
0
0
0
0
0
0
0
0
0
0
0
0
0
0
0
0
0
0
0
0
0
0
0
0
0
0
0
0
0
0
0
0.0323532835601929
0.0439238359269764
0.0322707593103394
0
0
0
0
0
0
0
0
0
0
0
0
0
0
0
0
0
0
0
0
0
0
0
0
0
0
0
0
0
0
0
0
0
0
0
0
0
0
0
0
0
0
0
0
0
0
0
0
0
0
0
0
0
0
0
0
0
0
0
0
0
0
0
0
0
0
0
0
0
0
0
0
0
0
0
0
0
0
0
0
0
0
0
0
0
0
0
0
0
0
0
0
0
0
0
0
0
0
0
0
0
0
0
0
0
0
0
0
0
0
0
0
0
0
0
0
0
0
0
0
0
0
0
0
0
0
0
0
0
0
0
0
0
0
0
0
0
0
0
0
0
0
0
0
0
0
0
0.0326567044746621
0.0443468673207053
0.032656433627901
0
0
0
0
0
0
0
0
0
0
0
0
0
0
0
0
0
0
0
0
0
0
0
0
0
0
0
0
0
0
0
0
0
0
0
0
0
0
0
0
0
0
0
0
0
0
0
0
0
0
0
0
0
0
0
0
0
0
0
0
0
0
0
0
0
0
0
0
0
0
0
0
0
0
0
0
0
0
0
0
0
0
0
0
0
0
0
0
0
0
0
0
0
0
0
0
0
0
0
0
0
0
0
0
0
0
0
0
0
0
0
0
0
0
0
0
0
0
0
0
0
0
0
0
0
0
0
0
0
0
0
0
0
0
0
0
0
0
0
0
0
0
0
0
0
0
0
0.032964273502233
0.0447754736006354
0.0330425678137671
0
0
0
0
0
0
0
0
0
0
0
0
0
0
0
0
0
0
0
0
0
0
0
0
0
0
0
0
0
0
0
0
0
0
0
0
0
0
0
0
0
0
0
0
0
0
0
0
0
0
0
0
0
0
0
0
0
0
0
0
0
0
0
0
0
0
0
0
0
0
0
0
0
0
0
0
0
0
0
0
0
0
0
0
0
0
0
0
0
0
0
0
0
0
0
0
0
0
0
0
0
0
0
0
0
0
0
0
0
0
0
0
0
0
0
0
0
0
0
0
0
0
0
0
0
0
0
0
0
0
0
0
0
0
0
0
0
0
0
0
0
0
0
0
0
0
0
0.0332780205212371
0.0452111147205042
0.0334288363867266
0
0
0
0
0
0
0
0
0
0
0
0
0
0
0
0
0
0
0
0
0
0
0
0
0
0
0
0
0
0
0
0
0
0
0
0
0
0
0
0
0
0
0
0
0
0
0
0
0
0
0
0
0
0
0
0
0
0
0
0
0
0
0
0
0
0
0
0
0
0
0
0
0
0
0
0
0
0
0
0
0
0
0
0
0
0
0
0
0
0
0
0
0
0
0
0
0
0
0
0
0
0
0
0
0
0
0
0
0
0
0
0
0
0
0
0
0
0
0
0
0
0
0
0
0
0
0
0
0
0
0
0
0
0
0
0
0
0
0
0
0
0
0
0
0
0
0
0.0336016299690905
0.0456566723013572
0.0338166189404773
0.0203659111782364
0
0
0
0
0
0
0
0
0
0
0
0
0
0
0
0
0
0
0
0
0
0
0
0
0
0
0
0
0
0
0
0
0
0
0
0
0
0
0
0
0
0
0
0
0
0
0
0
0
0
0
0
0
0
0
0
0
0
0
0
0
0
0
0
0
0
0
0
0
0
0
0
0
0
0
0
0
0
0
0
0
0
0
0
0
0
0
0
0
0
0
0
0
0
0
0
0
0
0
0
0
0
0
0
0
0
0
0
0
0
0
0
0
0
0
0
0
0
0
0
0
0
0
0
0
0
0
0
0
0
0
0
0
0
0
0
0
0
0
0
0
0
0
0
0
0
0.033932994822241
0.0461141120767305
0.0342089571444658
0.0206379871931963
0
0
0
0
0
0
0
0
0
0
0
0
0
0
0
0
0
0
0
0
0
0
0
0
0
0
0
0
0
0
0
0
0
0
0
0
0
0
0
0
0
0
0
0
0
0
0
0
0
0
0
0
0
0
0
0
0
0
0
0
0
0
0
0
0
0
0
0
0
0
0
0
0
0
0
0
0
0
0
0
0
0
0
0
0
0
0
0
0
0
0
0
0
0
0
0
0
0
0
0
0
0
0
0
0
0
0
0
0
0
0
0
0
0
0
0
0
0
0
0
0
0
0
0
0
0
0
0
0
0
0
0
0
0
0
0
0
0
0
0
0
0
0
0
0
0
0.0342690536269655
0.0465728288690217
0.0346093792297121
0.0209124371451831
0
0
0
0
0
0
0
0
0
0
0
0
0
0
0
0
0
0
0
0
0
0
0
0
0
0
0
0
0
0
0
0
0
0
0
0
0
0
0
0
0
0
0
0
0
0
0
0
0
0
0
0
0
0
0
0
0
0
0
0
0
0
0
0
0
0
0
0
0
0
0
0
0
0
0
0
0
0
0
0
0
0
0
0
0
0
0
0
0
0
0
0
0
0
0
0
0
0
0
0
0
0
0
0
0
0
0
0
0
0
0
0
0
0
0
0
0
0
0
0
0
0
0
0
0
0
0
0
0
0
0
0
0
0
0
0
0
0
0
0
0
0
0
0
0
0
0.034612308688869
0.0470398147063275
0.0350110026742734
0.0211908174137977
0.0110620152279593
0
0
0
0
0
0
0
0
0
0
0
0
0
0
0
0
0
0
0
0
0
0
0
0
0
0
0
0
0
0
0
0
0
0
0
0
0
0
0
0
0
0
0
0
0
0
0
0
0
0
0
0
0
0
0
0
0
0
0
0
0
0
0
0
0
0
0
0
0
0
0
0
0
0
0
0
0
0
0
0
0
0
0
0
0
0
0
0
0
0
0
0
0
0
0
0
0
0
0
0
0
0
0
0
0
0
0
0
0
0
0
0
0
0
0
0
0
0
0
0
0
0
0
0
0
0
0
0
0
0
0
0
0
0
0
0
0
0
0
0
0
0
0
0
0
0.0349642629880347
0.0475174625264956
0.0354150337936476
0.0214709427382598
0.011296673666854
0
0
0
0
0
0
0
0
0
0
0
0
0
0
0
0
0
0
0
0
0
0
0
0
0
0
0
0
0
0
0
0
0
0
0
0
0
0
0
0
0
0
0
0
0
0
0
0
0
0
0
0
0
0
0
0
0
0
0
0
0
0
0
0
0
0
0
0
0
0
0
0
0
0
0
0
0
0
0
0
0
0
0
0
0
0
0
0
0
0
0
0
0
0
0
0
0
0
0
0
0
0
0
0
0
0
0
0
0
0
0
0
0
0
0
0
0
0
0
0
0
0
0
0
0
0
0
0
0
0
0
0
0
0
0
0
0
0
0
0
0
0
0
0
0
