"pred_beta"
0.0491650243203214
0.00705370936836816
0.00171305045492501
0.000829876340264555
0.00274199779664117
0.000486488909246304
0.00193311244668936
0.00363142821601613
-0.000813186031420537
0.00147900373764192
0.000246445118572418
8.78320659970201e-05
3.11077271816837e-05
0
0
0
0
0
0
0
0
0
0
0
0
0
0
0
0
0
0
0
0
0
0
0
0
0
0
0
0
0
0
0
0
0
0
0
0
0
0
0
0
0
0
0
0
0
0
0
0
0
0
0
0
0
0
0
0
0
0
0
0
0
0
0
0
0
0
0
0
0
0
0
0
0
0
0
0
0
0
0
0
0
0
0
0
0
0
0
0
0
0
0
0
0
0
0
0
0
0
0
0
0
0
0
0
0
0
0
0
0
0
0
0
0
0
0
0
0
0
0
0
0
0
0
0
0
0
0
0
0
0
0
0
0
0
0
0
0
0.0490254462294464
0.00701557592140132
0.0017072085911713
0.000830464483655092
0.00273994943872873
0.000484005590848302
0.00191852670962716
0.00362413615514891
-0.000815868215359215
0.00147731366295706
0
0
0
0
0
0
0
0
0
0
0
0
0
0
0
0
0
0
0
0
0
0
0
0
0
0
0
0
0
0
0
0
0
0
0
0
0
0
0
0
0
0
0
0
0
0
0
0
0
0
0
0
0
0
0
0
0
0
0
0
0
0
0
0
0
0
0
0
0
0
0
0
0
0
0
0
0
0
0
0
0
0
0
0
0
0
0
0
0
0
0
0
0
0
0
0
0
0
0
0
0
0
0
0
0
0
0
0
0
0
0
0
0
0
0
0
0
0
0
0
0
0
0
0
0
0
0
0
0
0
0
0
0
0
0
0
0
0
0
0
0.0488859920743384
0.00697218966835537
0.0016990444498101
0.000830973975263338
0.00273819997832833
0.000481739132373625
0.00190399242119735
0.00361682906702072
-0.000818498124951771
0.00147564937396188
0
0
0
0
0
0
0
0
0
0
0
0
0
0
0
0
0
0
0
0
0
0
0
0
0
0
0
0
0
0
0
0
0
0
0
0
0
0
0
0
0
0
0
0
0
0
0
0
0
0
0
0
0
0
0
0
0
0
0
0
0
0
0
0
0
0
0
0
0
0
0
0
0
0
0
0
0
0
0
0
0
0
0
0
0
0
0
0
0
0
0
0
0
0
0
0
0
0
0
0
0
0
0
0
0
0
0
0
0
0
0
0
0
0
0
0
0
0
0
0
0
0
0
0
0
0
0
0
0
0
0
0
0
0
0
0
0
0
0
0
0.0487467582422633
0.00692881878507621
0.00169080272761701
0.000831464873107722
0.00273645272231721
0.000479575271495939
0.00188965731314842
0.00360956594368688
-0.000821121630731378
0.00147397682153888
0
0
0
0
0
0
0
0
0
0
0
0
0
0
0
0
0
0
0
0
0
0
0
0
0
0
0
0
0
0
0
0
0
0
0
0
0
0
0
0
0
0
0
0
0
0
0
0
0
0
0
0
0
0
0
0
0
0
0
0
0
0
0
0
0
0
0
0
0
0
0
0
0
0
0
0
0
0
0
0
0
0
0
0
0
0
0
0
0
0
0
0
0
0
0
0
0
0
0
0
0
0
0
0
0
0
0
0
0
0
0
0
0
0
0
0
0
0
0
0
0
0
0
0
0
0
0
0
0
0
0
0
0
0
0
0
0
0
0
0
0.0486083294639192
0.0068855624835302
0.00168255583333001
0.000831581630650731
0.00273461168728254
0.000477443450542762
0.00187572134643627
0.00360280261725494
-0.000823844650352785
0.00147227782521904
0
0
0
0
0
0
0
0
0
0
0
0
0
0
0
0
0
0
0
0
0
0
0
0
0
0
0
0
0
0
0
0
0
0
0
0
0
0
0
0
0
0
0
0
0
0
0
0
0
0
0
0
0
0
0
0
0
0
0
0
0
0
0
0
0
0
0
0
0
0
0
0
0
0
0
0
0
0
0
0
0
0
0
0
0
0
0
0
0
0
0
0
0
0
0
0
0
0
0
0
0
0
0
0
0
0
0
0
0
0
0
0
0
0
0
0
0
0
0
0
0
0
0
0
0
0
0
0
0
0
0
0
0
0
0
0
0
0
0
0
0.0484719028281082
0.00684338934035681
0.00167430564121689
0.000831646446562647
0.0027325960827663
0.000475428113500368
0.00186184700735725
0.00359638201986528
0
0
0
0
0
0
0
0
0
0
0
0
0
0
0
0
0
0
0
0
0
0
0
0
0
0
0
0
0
0
0
0
0
0
0
0
0
0
0
0
0
0
0
0
0
0
0
0
0
0
0
0
0
0
0
0
0
0
0
0
0
0
0
0
0
0
0
0
0
0
0
0
0
0
0
0
0
0
0
0
0
0
0
0
0
0
0
0
0
0
0
0
0
0
0
0
0
0
0
0
0
0
0
0
0
0
0
0
0
0
0
0
0
0
0
0
0
0
0
0
0
0
0
0
0
0
0
0
0
0
0
0
0
0
0
0
0
0
0
0
0
0
0.0483355081547204
0.00680148419042063
0.00166622052334597
0.00083169780003467
0.00273059234917757
0.000473178837168232
0.00184789242364958
0.00358995617171037
0
0
0
0
0
0
0
0
0
0
0
0
0
0
0
0
0
0
0
0
0
0
0
0
0
0
0
0
0
0
0
0
0
0
0
0
0
0
0
0
0
0
0
0
0
0
0
0
0
0
0
0
0
0
0
0
0
0
0
0
0
0
0
0
0
0
0
0
0
0
0
0
0
0
0
0
0
0
0
0
0
0
0
0
0
0
0
0
0
0
0
0
0
0
0
0
0
0
0
0
0
0
0
0
0
0
0
0
0
0
0
0
0
0
0
0
0
0
0
0
0
0
0
0
0
0
0
0
0
0
0
0
0
0
0
0
0
0
0
0
0
0
0.04819980082598
0.00675959097576824
0.00165817125855637
0.000831768917141793
0.0027285913365529
0.000470913189425635
0.00183408144681165
0.00358359617065228
0
0
0
0
0
0
0
0
0
0
0
0
0
0
0
0
0
0
0
0
0
0
0
0
0
0
0
0
0
0
0
0
0
0
0
0
0
0
0
0
0
0
0
0
0
0
0
0
0
0
0
0
0
0
0
0
0
0
0
0
0
0
0
0
0
0
0
0
0
0
0
0
0
0
0
0
0
0
0
0
0
0
0
0
0
0
0
0
0
0
0
0
0
0
0
0
0
0
0
0
0
0
0
0
0
0
0
0
0
0
0
0
0
0
0
0
0
0
0
0
0
0
0
0
0
0
0
0
0
0
0
0
0
0
0
0
0
0
0
0
0
0
0.0480642241359403
0.00671799523256879
0.00165011883881087
0.000831877014776194
0.00272662798229318
0.000468660856490246
0.0018202809998619
0.00357740826921319
0
0
0
0
0
0
0
0
0
0
0
0
0
0
0
0
0
0
0
0
0
0
0
0
0
0
0
0
0
0
0
0
0
0
0
0
0
0
0
0
0
0
0
0
0
0
0
0
0
0
0
0
0
0
0
0
0
0
0
0
0
0
0
0
0
0
0
0
0
0
0
0
0
0
0
0
0
0
0
0
0
0
0
0
0
0
0
0
0
0
0
0
0
0
0
0
0
0
0
0
0
0
0
0
0
0
0
0
0
0
0
0
0
0
0
0
0
0
0
0
0
0
0
0
0
0
0
0
0
0
0
0
0
0
0
0
0
0
0
0
0
0
0.0479291038530898
0.00667646311918346
0.00164206346401939
0.000831987047057083
0.0027247748475011
0.000466477522847973
0.00180643445264287
0.00357118914873542
0
0
0
0
0
0
0
0
0
0
0
0
0
0
0
0
0
0
0
0
0
0
0
0
0
0
0
0
0
0
0
0
0
0
0
0
0
0
0
0
0
0
0
0
0
0
0
0
0
0
0
0
0
0
0
0
0
0
0
0
0
0
0
0
0
0
0
0
0
0
0
0
0
0
0
0
0
0
0
0
0
0
0
0
0
0
0
0
0
0
0
0
0
0
0
0
0
0
0
0
0
0
0
0
0
0
0
0
0
0
0
0
0
0
0
0
0
0
0
0
0
0
0
0
0
0
0
0
0
0
0
0
0
0
0
0
0
0
0
0
0
0
0.0478008664253259
0.00663603140748239
0.00163399446022417
0.000831884125857723
0.0027229929610316
0.000464422928657747
0.00179276756405268
0.00356504560276261
0
0
0
0
0
0
0
0
0
0
0
0
0
0
0
0
0
0
0
0
0
0
0
0
0
0
0
0
0
0
0
0
0
0
0
0
0
0
0
0
0
0
0
0
0
0
0
0
0
0
0
0
0
0
0
0
0
0
0
0
0
0
0
0
0
0
0
0
0
0
0
0
0
0
0
0
0
0
0
0
0
0
0
0
0
0
0
0
0
0
0
0
0
0
0
0
0
0
0
0
0
0
0
0
0
0
0
0
0
0
0
0
0
0
0
0
0
0
0
0
0
0
0
0
0
0
0
0
0
0
0
0
0
0
0
0
0
0
0
0
0
0
0.0476743770079458
0.006597215400762
0.00162624932926783
0.000831807822577898
0.00272116338110302
0.000462375741622562
0.00177920906656659
0.00355893048795034
0
0
0
0
0
0
0
0
0
0
0
0
0
0
0
0
0
0
0
0
0
0
0
0
0
0
0
0
0
0
0
0
0
0
0
0
0
0
0
0
0
0
0
0
0
0
0
0
0
0
0
0
0
0
0
0
0
0
0
0
0
0
0
0
0
0
0
0
0
0
0
0
0
0
0
0
0
0
0
0
0
0
0
0
0
0
0
0
0
0
0
0
0
0
0
0
0
0
0
0
0
0
0
0
0
0
0
0
0
0
0
0
0
0
0
0
0
0
0
0
0
0
0
0
0
0
0
0
0
0
0
0
0
0
0
0
0
0
0
0
0
0
0.0475479491611609
0.00655883085581339
0.0016187800946846
0.000831783060649575
0.00271937008893134
0.000460339595327645
0.00176564463705729
0.00355292354794111
0
0
0
0
0
0
0
0
0
0
0
0
0
0
0
0
0
0
0
0
0
0
0
0
0
0
0
0
0
0
0
0
0
0
0
0
0
0
0
0
0
0
0
0
0
0
0
0
0
0
0
0
0
0
0
0
0
0
0
0
0
0
0
0
0
0
0
0
0
0
0
0
0
0
0
0
0
0
0
0
0
0
0
0
0
0
0
0
0
0
0
0
0
0
0
0
0
0
0
0
0
0
0
0
0
0
0
0
0
0
0
0
0
0
0
0
0
0
0
0
0
0
0
0
0
0
0
0
0
0
0
0
0
0
0
0
0
0
0
0
0
0
0.0474217452668513
0.0065204641075007
0.00161135514294043
0.000831856393767436
0.00271759910125855
0.000458294834876342
0.00175206594722986
0.00354690735317786
0
0
0
0
0
0
0
0
0
0
0
0
0
0
0
0
0
0
0
0
0
0
0
0
0
0
0
0
0
0
0
0
0
0
0
0
0
0
0
0
0
0
0
0
0
0
0
0
0
0
0
0
0
0
0
0
0
0
0
0
0
0
0
0
0
0
0
0
0
0
0
0
0
0
0
0
0
0
0
0
0
0
0
0
0
0
0
0
0
0
0
0
0
0
0
0
0
0
0
0
0
0
0
0
0
0
0
0
0
0
0
0
0
0
0
0
0
0
0
0
0
0
0
0
0
0
0
0
0
0
0
0
0
0
0
0
0
0
0
0
0
0
0.0472955864344697
0.00648215622847487
0.0016039503512291
0.000832057486009742
0.00271612308243909
0.000456285028868957
0.00173849140972737
0.00354090219308098
0
0
0
0
0
0
0
0
0
0
0
0
0
0
0
0
0
0
0
0
0
0
0
0
0
0
0
0
0
0
0
0
0
0
0
0
0
0
0
0
0
0
0
0
0
0
0
0
0
0
0
0
0
0
0
0
0
0
0
0
0
0
0
0
0
0
0
0
0
0
0
0
0
0
0
0
0
0
0
0
0
0
0
0
0
0
0
0
0
0
0
0
0
0
0
0
0
0
0
0
0
0
0
0
0
0
0
0
0
0
0
0
0
0
0
0
0
0
0
0
0
0
0
0
0
0
0
0
0
0
0
0
0
0
0
0
0
0
0
0
0
0
0.0471694911450345
0.00644387819269815
0.00159659457423076
0.000832272595466112
0.00271479344858152
0.000454332787305348
0.00172493047391396
0.00353488952347145
0
0
0
0
0
0
0
0
0
0
0
0
0
0
0
0
0
0
0
0
0
0
0
0
0
0
0
0
0
0
0
0
0
0
0
0
0
0
0
0
0
0
0
0
0
0
0
0
0
0
0
0
0
0
0
0
0
0
0
0
0
0
0
0
0
0
0
0
0
0
0
0
0
0
0
0
0
0
0
0
0
0
0
0
0
0
0
0
0
0
0
0
0
0
0
0
0
0
0
0
0
0
0
0
0
0
0
0
0
0
0
0
0
0
0
0
0
0
0
0
0
0
0
0
0
0
0
0
0
0
0
0
0
0
0
0
0
0
0
0
0
0
0.0470444009374261
0.00640579456522318
0.0015892629908626
0.000832694040483159
0.0027134348791951
0.000452324376764349
0.00171148225042284
0.00352887230760328
0
0
0
0
0
0
0
0
0
0
0
0
0
0
0
0
0
0
0
0
0
0
0
0
0
0
0
0
0
0
0
0
0
0
0
0
0
0
0
0
0
0
0
0
0
0
0
0
0
0
0
0
0
0
0
0
0
0
0
0
0
0
0
0
0
0
0
0
0
0
0
0
0
0
0
0
0
0
0
0
0
0
0
0
0
0
0
0
0
0
0
0
0
0
0
0
0
0
0
0
0
0
0
0
0
0
0
0
0
0
0
0
0
0
0
0
0
0
0
0
0
0
0
0
0
0
0
0
0
0
0
0
0
0
0
0
0
0
0
0
0
0
0.0469204284830376
0.00636868246832697
0.00158216679367773
0.000833139459245363
0.00271220987299928
0.000450282459348337
0.00169803821068856
0.00352304836516887
0
0
0
0
0
0
0
0
0
0
0
0
0
0
0
0
0
0
0
0
0
0
0
0
0
0
0
0
0
0
0
0
0
0
0
0
0
0
0
0
0
0
0
0
0
0
0
0
0
0
0
0
0
0
0
0
0
0
0
0
0
0
0
0
0
0
0
0
0
0
0
0
0
0
0
0
0
0
0
0
0
0
0
0
0
0
0
0
0
0
0
0
0
0
0
0
0
0
0
0
0
0
0
0
0
0
0
0
0
0
0
0
0
0
0
0
0
0
0
0
0
0
0
0
0
0
0
0
0
0
0
0
0
0
0
0
0
0
0
0
0
0
0.0467975679803833
0.00633199382289693
0.00157547635051456
0.000833704209312004
0.00271099526450184
0.000448387554258386
0.00168459777924481
0.0035173981196156
0
0
0
0
0
0
0
0
0
0
0
0
0
0
0
0
0
0
0
0
0
0
0
0
0
0
0
0
0
0
0
0
0
0
0
0
0
0
0
0
0
0
0
0
0
0
0
0
0
0
0
0
0
0
0
0
0
0
0
0
0
0
0
0
0
0
0
0
0
0
0
0
0
0
0
0
0
0
0
0
0
0
0
0
0
0
0
0
0
0
0
0
0
0
0
0
0
0
0
0
0
0
0
0
0
0
0
0
0
0
0
0
0
0
0
0
0
0
0
0
0
0
0
0
0
0
0
0
0
0
0
0
0
0
0
0
0
0
0
0
0
0
0.0466772540711592
0.00629644069027175
0.00156911903642213
0.000834274553891269
0.00270984902953193
0.000446521455852714
0.0016711230334308
0.00351173082720971
0
0
0
0
0
0
0
0
0
0
0
0
0
0
0
0
0
0
0
0
0
0
0
0
0
0
0
0
0
0
0
0
0
0
0
0
0
0
0
0
0
0
0
0
0
0
0
0
0
0
0
0
0
0
0
0
0
0
0
0
0
0
0
0
0
0
0
0
0
0
0
0
0
0
0
0
0
0
0
0
0
0
0
0
0
0
0
0
0
0
0
0
0
0
0
0
0
0
0
0
0
0
0
0
0
0
0
0
0
0
0
0
0
0
0
0
0
0
0
0
0
0
0
0
0
0
0
0
0
0
0
0
0
0
0
0
0
0
0
0
0
0
0.0465575025225622
0.00626109516366473
0.00156285615659201
0.000834895091634826
0.00270874482221521
0.000444689082570899
0.00165769544336412
0.00350606818704205
0
0
0
0
0
0
0
0
0
0
0
0
0
0
0
0
0
0
0
0
0
0
0
0
0
0
0
0
0
0
0
0
0
0
0
0
0
0
0
0
0
0
0
0
0
0
0
0
0
0
0
0
0
0
0
0
0
0
0
0
0
0
0
0
0
0
0
0
0
0
0
0
0
0
0
0
0
0
0
0
0
0
0
0
0
0
0
0
0
0
0
0
0
0
0
0
0
0
0
0
0
0
0
0
0
0
0
0
0
0
0
0
0
0
0
0
0
0
0
0
0
0
0
0
0
0
0
0
0
0
0
0
0
0
0
0
0
0
0
0
0
0
0.0464386454212854
0.00622629259201704
0.00155656526225533
0.000835432702727162
0.00270761320052745
0.000442856972423447
0.00164430651681401
0.00350049060756928
0
0
0
0
0
0
0
0
0
0
0
0
0
0
0
0
0
0
0
0
0
0
0
0
0
0
0
0
0
0
0
0
0
0
0
0
0
0
0
0
0
0
0
0
0
0
0
0
0
0
0
0
0
0
0
0
0
0
0
0
0
0
0
0
0
0
0
0
0
0
0
0
0
0
0
0
0
0
0
0
0
0
0
0
0
0
0
0
0
0
0
0
0
0
0
0
0
0
0
0
0
0
0
0
0
0
0
0
0
0
0
0
0
0
0
0
0
0
0
0
0
0
0
0
0
0
0
0
0
0
0
0
0
0
0
0
0
0
0
0
0
0
0.0463220683099371
0.00619188520587123
0.00155035634830157
0.000835968981839995
0.00270647880236322
0.000440925225410262
0.00163085278184798
0.00349489652431667
0
0
0
0
0
0
0
0
0
0
0
0
0
0
0
0
0
0
0
0
0
0
0
0
0
0
0
0
0
0
0
0
0
0
0
0
0
0
0
0
0
0
0
0
0
0
0
0
0
0
0
0
0
0
0
0
0
0
0
0
0
0
0
0
0
0
0
0
0
0
0
0
0
0
0
0
0
0
0
0
0
0
0
0
0
0
0
0
0
0
0
0
0
0
0
0
0
0
0
0
0
0
0
0
0
0
0
0
0
0
0
0
0
0
0
0
0
0
0
0
0
0
0
0
0
0
0
0
0
0
0
0
0
0
0
0
0
0
0
0
0
0
0.046206140143549
0.0061585373498786
0.00154426163590332
0.000836508364363046
0.0027053868046206
0.000439013037477951
0.0016174291200481
0.00348935189732883
0
0
0
0
0
0
0
0
0
0
0
0
0
0
0
0
0
0
0
0
0
0
0
0
0
0
0
0
0
0
0
0
0
0
0
0
0
0
0
0
0
0
0
0
0
0
0
0
0
0
0
0
0
0
0
0
0
0
0
0
0
0
0
0
0
0
0
0
0
0
0
0
0
0
0
0
0
0
0
0
0
0
0
0
0
0
0
0
0
0
0
0
0
0
0
0
0
0
0
0
0
0
0
0
0
0
0
0
0
0
0
0
0
0
0
0
0
0
0
0
0
0
0
0
0
0
0
0
0
0
0
0
0
0
0
0
0
0
0
0
0
0
0.0460904268344944
0.00612547964839615
0.00153841263941096
0.000837075976785555
0.00270430886030501
0.000437075368882359
0.00160408308923634
0.00348390939788521
0
0
0
0
0
0
0
0
0
0
0
0
0
0
0
0
0
0
0
0
0
0
0
0
0
0
0
0
0
0
0
0
0
0
0
0
0
0
0
0
0
0
0
0
0
0
0
0
0
0
0
0
0
0
0
0
0
0
0
0
0
0
0
0
0
0
0
0
0
0
0
0
0
0
0
0
0
0
0
0
0
0
0
0
0
0
0
0
0
0
0
0
0
0
0
0
0
0
0
0
0
0
0
0
0
0
0
0
0
0
0
0
0
0
0
0
0
0
0
0
0
0
0
0
0
0
0
0
0
0
0
0
0
0
0
0
0
0
0
0
0
0
0.045974764216764
0.00609250059530983
0.00153266301825716
0.000837743225985601
0.00270329084079532
0.000435148046207548
0.00159086185556971
0.00347862233738759
0
0
0
0
0
0
0
0
0
0
0
0
0
0
0
0
0
0
0
0
0
0
0
0
0
0
0
0
0
0
0
0
0
0
0
0
0
0
0
0
0
0
0
0
0
0
0
0
0
0
0
0
0
0
0
0
0
0
0
0
0
0
0
0
0
0
0
0
0
0
0
0
0
0
0
0
0
0
0
0
0
0
0
0
0
0
0
0
0
0
0
0
0
0
0
0
0
0
0
0
0
0
0
0
0
0
0
0
0
0
0
0
0
0
0
0
0
0
0
0
0
0
0
0
0
0
0
0
0
0
0
0
0
0
0
0
0
0
0
0
0
0
0.0458640931871222
0.00605955990101425
0.00152688857120739
0.000838401929009658
0.00270224657077547
0.000433190494220849
0.00157754693678557
0.00347352991390565
0
0
0
0
0
0
0
0
0
0
0
0
0
0
0
0
0
0
0
0
0
0
0
0
0
0
0
0
0
0
0
0
0
0
0
0
0
0
0
0
0
0
0
0
0
0
0
0
0
0
0
0
0
0
0
0
0
0
0
0
0
0
0
0
0
0
0
0
0
0
0
0
0
0
0
0
0
0
0
0
0
0
0
0
0
0
0
0
0
0
0
0
0
0
0
0
0
0
0
0
0
0
0
0
0
0
0
0
0
0
0
0
0
0
0
0
0
0
0
0
0
0
0
0
0
0
0
0
0
0
0
0
0
0
0
0
0
0
0
0
0
0
0.0457551808520058
0.00602753810897496
0.00152110655239326
0.000839047468253875
0.00270126340949735
0.000431228945053323
0.00156466051132346
0.00346852244794356
0
0
0
0
0
0
0
0
0
0
0
0
0
0
0
0
0
0
0
0
0
0
0
0
0
0
0
0
0
0
0
0
0
0
0
0
0
0
0
0
0
0
0
0
0
0
0
0
0
0
0
0
0
0
0
0
0
0
0
0
0
0
0
0
0
0
0
0
0
0
0
0
0
0
0
0
0
0
0
0
0
0
0
0
0
0
0
0
0
0
0
0
0
0
0
0
0
0
0
0
0
0
0
0
0
0
0
0
0
0
0
0
0
0
0
0
0
0
0
0
0
0
0
0
0
0
0
0
0
0
0
0
0
0
0
0
0
0
0
0
0
0
0.0456487302035581
0.00599734790381225
0.00151560138246724
0.000839664187700031
0.00270022739213749
0.000429293359763575
0.0015517633689326
0.00346435739280125
0
0
0
0
0
0
0
0
0
0
0
0
0
0
0
0
0
0
0
0
0
0
0
0
0
0
0
0
0
0
0
0
0
0
0
0
0
0
0
0
0
0
0
0
0
0
0
0
0
0
0
0
0
0
0
0
0
0
0
0
0
0
0
0
0
0
0
0
0
0
0
0
0
0
0
0
0
0
0
0
0
0
0
0
0
0
0
0
0
0
0
0
0
0
0
0
0
0
0
0
0
0
0
0
0
0
0
0
0
0
0
0
0
0
0
0
0
0
0
0
0
0
0
0
0
0
0
0
0
0
0
0
0
0
0
0
0
0
0
0
0
0
0.0455442449543794
0.00596864979082465
0.0015106593196554
0.000840132739099457
0.00269914756336157
0.000427295806673636
0.00153887286290416
0.00346020782651603
0
0
0
0
0
0
0
0
0
0
0
0
0
0
0
0
0
0
0
0
0
0
0
0
0
0
0
0
0
0
0
0
0
0
0
0
0
0
0
0
0
0
0
0
0
0
0
0
0
0
0
0
0
0
0
0
0
0
0
0
0
0
0
0
0
0
0
0
0
0
0
0
0
0
0
0
0
0
0
0
0
0
0
0
0
0
0
0
0
0
0
0
0
0
0
0
0
0
0
0
0
0
0
0
0
0
0
0
0
0
0
0
0
0
0
0
0
0
0
0
0
0
0
0
0
0
0
0
0
0
0
0
0
0
0
0
0
0
0
0
0
0
0.0454454590513099
0.00594193714307763
0.00150580702240478
0.000840499664989214
0.00269802420405549
0.0004252382714828
0.00152593452027897
0.00345598720774353
0
0
0
0
0
0
0
0
0
0
0
0
0
0
0
0
0
0
0
0
0
0
0
0
0
0
0
0
0
0
0
0
0
0
0
0
0
0
0
0
0
0
0
0
0
0
0
0
0
0
0
0
0
0
0
0
0
0
0
0
0
0
0
0
0
0
0
0
0
0
0
0
0
0
0
0
0
0
0
0
0
0
0
0
0
0
0
0
0
0
0
0
0
0
0
0
0
0
0
0
0
0
0
0
0
0
0
0
0
0
0
0
0
0
0
0
0
0
0
0
0
0
0
0
0
0
0
0
0
0
0
0
0
0
0
0
0
0
0
0
0
0
0.0453467665740927
0.00591591005795537
0.00150145140128306
0.000841162450141137
0.00269693339458745
0.000423126454300635
0.00151298843277598
0.003451757268779
0
0
0
0
0
0
0
0
0
0
0
0
0
0
0
0
0
0
0
0
0
0
0
0
0
0
0
0
0
0
0
0
0
0
0
0
0
0
0
0
0
0
0
0
0
0
0
0
0
0
0
0
0
0
0
0
0
0
0
0
0
0
0
0
0
0
0
0
0
0
0
0
0
0
0
0
0
0
0
0
0
0
0
0
0
0
0
0
0
0
0
0
0
0
0
0
0
0
0
0
0
0
0
0
0
0
0
0
0
0
0
0
0
0
0
0
0
0
0
0
0
0
0
0
0
0
0
0
0
0
0
0
0
0
0
0
0
0
0
0
0
0
0.0452502531018858
0.00588991419861593
0.00149715584461075
0.000841884739115414
0.00269588806565979
0.000420921532395258
0.00150012963259323
0.0034475131483285
0
0
0
0
0
0
0
0
0
0
0
0
0
0
0
0
0
0
0
0
0
0
0
0
0
0
0
0
0
0
0
0
0
0
0
0
0
0
0
0
0
0
0
0
0
0
0
0
0
0
0
0
0
0
0
0
0
0
0
0
0
0
0
0
0
0
0
0
0
0
0
0
0
0
0
0
0
0
0
0
0
0
0
0
0
0
0
0
0
0
0
0
0
0
0
0
0
0
0
0
0
0
0
0
0
0
0
0
0
0
0
0
0
0
0
0
0
0
0
0
0
0
0
0
0
0
0
0
0
0
0
0
0
0
0
0
0
0
0
0
0
0
0.0451545051091818
0.00586434439447841
0.00149291231408803
0.000842615232143774
0.00269510391742446
0.000418930340013053
0.00148720881649239
0.00344346806681456
0
0
0
0
0
0
0
0
0
0
0
0
0
0
0
0
0
0
0
0
0
0
0
0
0
0
0
0
0
0
0
0
0
0
0
0
0
0
0
0
0
0
0
0
0
0
0
0
0
0
0
0
0
0
0
0
0
0
0
0
0
0
0
0
0
0
0
0
0
0
0
0
0
0
0
0
0
0
0
0
0
0
0
0
0
0
0
0
0
0
0
0
0
0
0
0
0
0
0
0
0
0
0
0
0
0
0
0
0
0
0
0
0
0
0
0
0
0
0
0
0
0
0
0
0
0
0
0
0
0
0
0
0
0
0
0
0
0
0
0
0
0
0.0450621161213831
0.00583912402776916
0.00148854724841243
0.000843420455098142
0.00269433262609971
0.000417291004804272
0.00147537297841327
0.00344015357917011
0
0
0
0
0
0
0
0
0
0
0
0
0
0
0
0
0
0
0
0
0
0
0
0
0
0
0
0
0
0
0
0
0
0
0
0
0
0
0
0
0
0
0
0
0
0
0
0
0
0
0
0
0
0
0
0
0
0
0
0
0
0
0
0
0
0
0
0
0
0
0
0
0
0
0
0
0
0
0
0
0
0
0
0
0
0
0
0
0
0
0
0
0
0
0
0
0
0
0
0
0
0
0
0
0
0
0
0
0
0
0
0
0
0
0
0
0
0
0
0
0
0
0
0
0
0
0
0
0
0
0
0
0
0
0
0
0
0
0
0
0
0
0.0449742388379199
0.00581575606608837
0.00148411577952459
0.000844054945116583
0.0026935937443398
0.000419116494155784
0.00146480682265758
0.00343754314831449
0
0
0
0
0
0
0
0
0
0
0
0
0
0
0
0
0
0
0
0
0
0
0
0
0
0
0
0
0
0
0
0
0
0
0
0
0
0
0
0
0
0
0
0
0
0
0
0
0
0
0
0
0
0
0
0
0
0
0
0
0
0
0
0
0
0
0
0
0
0
0
0
0
0
0
0
0
0
0
0
0
0
0
0
0
0
0
0
0
0
0
0
0
0
0
0
0
0
0
0
0
0
0
0
0
0
0
0
0
0
0
0
0
0
0
0
0
0
0
0
0
0
0
0
0
0
0
0
0
0
0
0
0
0
0
0
0
0
0
0
0
0
0.0448911855208662
0.00579595392282008
0.00148074121482122
0.000844533090849178
0.0026927825004993
0.000420926185389235
0.00145778469104442
0.00343597346557998
0
0
0
0
0
0
0
0
0
0
0
0
0
0
0
0
0
0
0
0
0
0
0
0
0
0
0
0
0
0
0
0
0
0
0
0
0
0
0
0
0
0
0
0
0
0
0
0
0
0
0
0
0
0
0
0
0
0
0
0
0
0
0
0
0
0
0
0
0
0
0
0
0
0
0
0
0
0
0
0
0
0
0
0
0
0
0
0
0
0
0
0
0
0
0
0
0
0
0
0
0
0
0
0
0
0
0
0
0
0
0
0
0
0
0
0
0
0
0
0
0
0
0
0
0
0
0
0
0
0
0
0
0
0
0
0
0
0
0
0
0
0
0.0448098929993772
0.00577731587611567
0.00147813242903268
0.000845218583389255
0.00269193546117195
0.000422871278608113
0.00145083059278795
0.00343508302469354
0
0
0
0
0
0
0
0
0
0
0
0
0
0
0
0
0
0
0
0
0
0
0
0
0
0
0
0
0
0
0
0
0
0
0
0
0
0
0
0
0
0
0
0
0
0
0
0
0
0
0
0
0
0
0
0
0
0
0
0
0
0
0
0
0
0
0
0
0
0
0
0
0
0
0
0
0
0
0
0
0
0
0
0
0
0
0
0
0
0
0
0
0
0
0
0
0
0
0
0
0
0
0
0
0
0
0
0
0
0
0
0
0
0
0
0
0
0
0
0
0
0
0
0
0
0
0
0
0
0
0
0
0
0
0
0
0
0
0
0
0
0
0.044729655226113
0.00576004003141818
0.00147528345730234
0.000845907177118812
0.00269123899720593
0.000424872159833499
0.00144392026390365
0.00343426855971505
0
0
0
0
0
0
0
0
0
0
0
0
0
0
0
0
0
0
0
0
0
0
0
0
0
0
0
0
0
0
0
0
0
0
0
0
0
0
0
0
0
0
0
0
0
0
0
0
0
0
0
0
0
0
0
0
0
0
0
0
0
0
0
0
0
0
0
0
0
0
0
0
0
0
0
0
0
0
0
0
0
0
0
0
0
0
0
0
0
0
0
0
0
0
0
0
0
0
0
0
0
0
0
0
0
0
0
0
0
0
0
0
0
0
0
0
0
0
0
0
0
0
0
0
0
0
0
0
0
0
0
0
0
0
0
0
0
0
0
0
0
0
0.0446494459939852
0.00574288034164373
0.00147257544607647
0.000846595017531886
0.00269088433314794
0.000426858749756029
0.001437029005887
0.00343360039506325
0
0
0
0
0
0
0
0
0
0
0
0
0
0
0
0
0
0
0
0
0
0
0
0
0
0
0
0
0
0
0
0
0
0
0
0
0
0
0
0
0
0
0
0
0
0
0
0
0
0
0
0
0
0
0
0
0
0
0
0
0
0
0
0
0
0
0
0
0
0
0
0
0
0
0
0
0
0
0
0
0
0
0
0
0
0
0
0
0
0
0
0
0
0
0
0
0
0
0
0
0
0
0
0
0
0
0
0
0
0
0
0
0
0
0
0
0
0
0
0
0
0
0
0
0
0
0
0
0
0
0
0
0
0
0
0
0
0
0
0
0
0
0.0445692618916191
0.00572572710266985
0.00146989682630515
0.000847305179188667
0.00269065659104518
0.000429125103651899
0.00143021165966396
0.00343298207928998
0
0
0
0
0
0
0
0
0
0
0
0
0
0
0
0
0
0
0
0
0
0
0
0
0
0
0
0
0
0
0
0
0
0
0
0
0
0
0
0
0
0
0
0
0
0
0
0
0
0
0
0
0
0
0
0
0
0
0
0
0
0
0
0
0
0
0
0
0
0
0
0
0
0
0
0
0
0
0
0
0
0
0
0
0
0
0
0
0
0
0
0
0
0
0
0
0
0
0
0
0
0
0
0
0
0
0
0
0
0
0
0
0
0
0
0
0
0
0
0
0
0
0
0
0
0
0
0
0
0
0
0
0
0
0
0
0
0
0
0
0
0
0.0444890952153566
0.00570857720542534
0.00146721909974654
0.000848081434505792
0.00269053815431161
0.000431340662738849
0.00142359744325285
0.00343253863628103
0
0
0
0
0
0
0
0
0
0
0
0
0
0
0
0
0
0
0
0
0
0
0
0
0
0
0
0
0
0
0
0
0
0
0
0
0
0
0
0
0
0
0
0
0
0
0
0
0
0
0
0
0
0
0
0
0
0
0
0
0
0
0
0
0
0
0
0
0
0
0
0
0
0
0
0
0
0
0
0
0
0
0
0
0
0
0
0
0
0
0
0
0
0
0
0
0
0
0
0
0
0
0
0
0
0
0
0
0
0
0
0
0
0
0
0
0
0
0
0
0
0
0
0
0
0
0
0
0
0
0
0
0
0
0
0
0
0
0
0
0
0
0.0444092551740432
0.00569146606332765
0.00146454197246497
0.00084885308630482
0.00269043925110842
0.000433686962045839
0.00141701654350589
0.00343235103012983
0
0
0
0
0
0
0
0
0
0
0
0
0
0
0
0
0
0
0
0
0
0
0
0
0
0
0
0
0
0
0
0
0
0
0
0
0
0
0
0
0
0
0
0
0
0
0
0
0
0
0
0
0
0
0
0
0
0
0
0
0
0
0
0
0
0
0
0
0
0
0
0
0
0
0
0
0
0
0
0
0
0
0
0
0
0
0
0
0
0
0
0
0
0
0
0
0
0
0
0
0
0
0
0
0
0
0
0
0
0
0
0
0
0
0
0
0
0
0
0
0
0
0
0
0
0
0
0
0
0
0
0
0
0
0
0
0
0
0
0
0
0
0.0443294919386811
0.00567440550680736
0.00146187678109582
0.000849638320139437
0.00269034850666875
0.00043603866555826
0.00141048413932438
0.00343253363774597
0
0
0
0
0
0
0
0
0
0
0
0
0
0
0
0
0
0
0
0
0
0
0
0
0
0
0
0
0
0
0
0
0
0
0
0
0
0
0
0
0
0
0
0
0
0
0
0
0
0
0
0
0
0
0
0
0
0
0
0
0
0
0
0
0
0
0
0
0
0
0
0
0
0
0
0
0
0
0
0
0
0
0
0
0
0
0
0
0
0
0
0
0
0
0
0
0
0
0
0
0
0
0
0
0
0
0
0
0
0
0
0
0
0
0
0
0
0
0
0
0
0
0
0
0
0
0
0
0
0
0
0
0
0
0
0
0
0
0
0
0
0
0.0442500794444617
0.00565741907633562
0.00145921184306723
0.000850431284455586
0.00269027476626586
0.000438468792202904
0.00140409779142716
0.00343278035719549
0
0
0
0
0
0
0
0
0
0
0
0
0
0
0
0
0
0
0
0
0
0
0
0
0
0
0
0
0
0
0
0
0
0
0
0
0
0
0
0
0
0
0
0
0
0
0
0
0
0
0
0
0
0
0
0
0
0
0
0
0
0
0
0
0
0
0
0
0
0
0
0
0
0
0
0
0
0
0
0
0
0
0
0
0
0
0
0
0
0
0
0
0
0
0
0
0
0
0
0
0
0
0
0
0
0
0
0
0
0
0
0
0
0
0
0
0
0
0
0
0
0
0
0
0
0
0
0
0
0
0
0
0
0
0
0
0
0
0
0
0
0
0.0441709438693913
0.00564063485062519
0.00145655180044628
0.000851242027965595
0.0026901984173795
0.000440909026252894
0.00139773699908268
0.00343310339498645
0
0
0
0
0
0
0
0
0
0
0
0
0
0
0
0
0
0
0
0
0
0
0
0
0
0
0
0
0
0
0
0
0
0
0
0
0
0
0
0
0
0
0
0
0
0
0
0
0
0
0
0
0
0
0
0
0
0
0
0
0
0
0
0
0
0
0
0
0
0
0
0
0
0
0
0
0
0
0
0
0
0
0
0
0
0
0
0
0
0
0
0
0
0
0
0
0
0
0
0
0
0
0
0
0
0
0
0
0
0
0
0
0
0
0
0
0
0
0
0
0
0
0
0
0
0
0
0
0
0
0
0
0
0
0
0
0
0
0
0
0
0
0.0440949499162624
0.00562404308184563
0.00145391712367149
0.000852024586206953
0.00269013365201599
0.000443332934570325
0.00139138761823768
0.00343343364120992
0
0
0
0
0
0
0
0
0
0
0
0
0
0
0
0
0
0
0
0
0
0
0
0
0
0
0
0
0
0
0
0
0
0
0
0
0
0
0
0
0
0
0
0
0
0
0
0
0
0
0
0
0
0
0
0
0
0
0
0
0
0
0
0
0
0
0
0
0
0
0
0
0
0
0
0
0
0
0
0
0
0
0
0
0
0
0
0
0
0
0
0
0
0
0
0
0
0
0
0
0
0
0
0
0
0
0
0
0
0
0
0
0
0
0
0
0
0
0
0
0
0
0
0
0
0
0
0
0
0
0
0
0
0
0
0
0
0
0
0
0
0
0.0440200616256963
0.00560780047669488
0.0014513395325543
0.000852851033443368
0.00269003541819328
0.000445796321667517
0.00138507175899757
0.00343375530531464
0
0
0
0
0
0
0
0
0
0
0
0
0
0
0
0
0
0
0
0
0
0
0
0
0
0
0
0
0
0
0
0
0
0
0
0
0
0
0
0
0
0
0
0
0
0
0
0
0
0
0
0
0
0
0
0
0
0
0
0
0
0
0
0
0
0
0
0
0
0
0
0
0
0
0
0
0
0
0
0
0
0
0
0
0
0
0
0
0
0
0
0
0
0
0
0
0
0
0
0
0
0
0
0
0
0
0
0
0
0
0
0
0
0
0
0
0
0
0
0
0
0
0
0
0
0
0
0
0
0
0
0
0
0
0
0
0
0
0
0
0
0
0.0439475871696391
0.00559268736801921
0.00144881506027155
0.000853737761999901
0.00268993914401495
0.000448211891919506
0.00137884152671493
0.0034340711143031
0
0
0
0
0
0
0
0
0
0
0
0
0
0
0
0
0
0
0
0
0
0
0
0
0
0
0
0
0
0
0
0
0
0
0
0
0
0
0
0
0
0
0
0
0
0
0
0
0
0
0
0
0
0
0
0
0
0
0
0
0
0
0
0
0
0
0
0
0
0
0
0
0
0
0
0
0
0
0
0
0
0
0
0
0
0
0
0
0
0
0
0
0
0
0
0
0
0
0
0
0
0
0
0
0
0
0
0
0
0
0
0
0
0
0
0
0
0
0
0
0
0
0
0
0
0
0
0
0
0
0
0
0
0
0
0
0
0
0
0
0
0
0.0438771461362598
0.00557959662936467
0.00144731206046078
0.000854575032638415
0.0026900636243297
0.000450718996522511
0.0013725672017499
0.00343438708717626
0
0
0
0
0
0
0
0
0
0
0
0
0
0
0
0
0
0
0
0
0
0
0
0
0
0
0
0
0
0
0
0
0
0
0
0
0
0
0
0
0
0
0
0
0
0
0
0
0
0
0
0
0
0
0
0
0
0
0
0
0
0
0
0
0
0
0
0
0
0
0
0
0
0
0
0
0
0
0
0
0
0
0
0
0
0
0
0
0
0
0
0
0
0
0
0
0
0
0
0
0
0
0
0
0
0
0
0
0
0
0
0
0
0
0
0
0
0
0
0
0
0
0
0
0
0
0
0
0
0
0
0
0
0
0
0
0
0
0
0
0
0
0.0438078004191992
0.00556729873486464
0.00144617766620037
0.000855581130601648
0.00269063555306424
0.000453783945325598
0.00136653523343697
0.00343466708094219
0
0
0
0
0
0
0
0
0
0
0
0
0
0
0
0
0
0
0
0
0
0
0
0
0
0
0
0
0
0
0
0
0
0
0
0
0
0
0
0
0
0
0
0
0
0
0
0
0
0
0
0
0
0
0
0
0
0
0
0
0
0
0
0
0
0
0
0
0
0
0
0
0
0
0
0
0
0
0
0
0
0
0
0
0
0
0
0
0
0
0
0
0
0
0
0
0
0
0
0
0
0
0
0
0
0
0
0
0
0
0
0
0
0
0
0
0
0
0
0
0
0
0
0
0
0
0
0
0
0
0
0
0
0
0
0
0
0
0
0
0
0
0.0437386691290438
0.00555519250150132
0.00144521571592894
0.000856672125695255
0.00269127065891596
0.000456996438437923
0.00136062238186857
0.00343514592282871
0
0
0
0
0
0
0
0
0
0
0
0
0
0
0
0
0
0
0
0
0
0
0
0
0
0
0
0
0
0
0
0
0
0
0
0
0
0
0
0
0
0
0
0
0
0
0
0
0
0
0
0
0
0
0
0
0
0
0
0
0
0
0
0
0
0
0
0
0
0
0
0
0
0
0
0
0
0
0
0
0
0
0
0
0
0
0
0
0
0
0
0
0
0
0
0
0
0
0
0
0
0
0
0
0
0
0
0
0
0
0
0
0
0
0
0
0
0
0
0
0
0
0
0
0
0
0
0
0
0
0
0
0
0
0
0
0
0
0
0
0
0
0.0436789248491967
0.00554434461975077
0.001444218445447
0.000857571127152408
0.0026915868794601
0.000460157000065001
0.00135643171191235
0.00343579119576165
0
0
0
0
0
0
0
0
0
0
0
0
0
0
0
0
0
0
0
0
0
0
0
0
0
0
0
0
0
0
0
0
0
0
0
0
0
0
0
0
0
0
0
0
0
0
0
0
0
0
0
0
0
0
0
0
0
0
0
0
0
0
0
0
0
0
0
0
0
0
0
0
0
0
0
0
0
0
0
0
0
0
0
0
0
0
0
0
0
0
0
0
0
0
0
0
0
0
0
0
0
0
0
0
0
0
0
0
0
0
0
0
0
0
0
0
0
0
0
0
0
0
0
0
0
0
0
0
0
0
0
0
0
0
0
0
0
0
0
0
0
0
0.0436268729278674
0.00553597401269332
0.00144372540275071
0.000858296075644368
0.00269174149442766
0.000462966391625376
0.00135201194479532
0.00343666618923316
0
0
0
0
0
0
0
0
0
0
0
0
0
0
0
0
0
0
0
0
0
0
0
0
0
0
0
0
0
0
0
0
0
0
0
0
0
0
0
0
0
0
0
0
0
0
0
0
0
0
0
0
0
0
0
0
0
0
0
0
0
0
0
0
0
0
0
0
0
0
0
0
0
0
0
0
0
0
0
0
0
0
0
0
0
0
0
0
0
0
0
0
0
0
0
0
0
0
0
0
0
0
0
0
0
0
0
0
0
0
0
0
0
0
0
0
0
0
0
0
0
0
0
0
0
0
0
0
0
0
0
0
0
0
0
0
0
0
0
0
0
0
0.0435756323161186
0.00552890344416546
0.00144348361358814
0.000859101277882874
0.00269185394720436
0.000465796777564324
0.00134765812980549
0.00343756526366448
0
0
0
0
0
0
0
0
0
0
0
0
0
0
0
0
0
0
0
0
0
0
0
0
0
0
0
0
0
0
0
0
0
0
0
0
0
0
0
0
0
0
0
0
0
0
0
0
0
0
0
0
0
0
0
0
0
0
0
0
0
0
0
0
0
0
0
0
0
0
0
0
0
0
0
0
0
0
0
0
0
0
0
0
0
0
0
0
0
0
0
0
0
0
0
0
0
0
0
0
0
0
0
0
0
0
0
0
0
0
0
0
0
0
0
0
0
0
0
0
0
0
0
0
0
0
0
0
0
0
0
0
0
0
0
0
0
0
0
0
0
0
0.0435276998010541
0.00552220030309989
0.00144309185374255
0.000859542532403266
0.00269190726206758
0.000468465685977435
0.0013432381472629
0.0034385054173097
0
0
0
0
0
0
0
0
0
0
0
0
0
0
0
0
0
0
0
0
0
0
0
0
0
0
0
0
0
0
0
0
0
0
0
0
0
0
0
0
0
0
0
0
0
0
0
0
0
0
0
0
0
0
0
0
0
0
0
0
0
0
0
0
0
0
0
0
0
0
0
0
0
0
0
0
0
0
0
0
0
0
0
0
0
0
0
0
0
0
0
0
0
0
0
0
0
0
0
0
0
0
0
0
0
0
0
0
0
0
0
0
0
0
0
0
0
0
0
0
0
0
0
0
0
0
0
0
0
0
0
0
0
0
0
0
0
0
0
0
0
0
0.0434831043081366
0.00551611439821434
0.00144292136337877
0.000859748325047644
0.00269226130665243
0.00047115102712188
0.00133868522187464
0.00343937159494288
0
0
0
0
0
0
0
0
0
0
0
0
0
0
0
0
0
0
0
0
0
0
0
0
0
0
0
0
0
0
0
0
0
0
0
0
0
0
0
0
0
0
0
0
0
0
0
0
0
0
0
0
0
0
0
0
0
0
0
0
0
0
0
0
0
0
0
0
0
0
0
0
0
0
0
0
0
0
0
0
0
0
0
0
0
0
0
0
0
0
0
0
0
0
0
0
0
0
0
0
0
0
0
0
0
0
0
0
0
0
0
0
0
0
0
0
0
0
0
0
0
0
0
0
0
0
0
0
0
0
0
0
0
0
0
0
0
0
0
0
0
0
0.0434407700275718
0.00551163558631887
0.00144266382988094
0.000860076016466379
0.00269316980870441
0.000475634433155124
0.0013344629976968
0.0034401149293387
0
0
0
0
0
0
0
0
0
0
0
0
0
0
0
0
0
0
0
0
0
0
0
0
0
0
0
0
0
0
0
0
0
0
0
0
0
0
0
0
0
0
0
0
0
0
0
0
0
0
0
0
0
0
0
0
0
0
0
0
0
0
0
0
0
0
0
0
0
0
0
0
0
0
0
0
0
0
0
0
0
0
0
0
0
0
0
0
0
0
0
0
0
0
0
0
0
0
0
0
0
0
0
0
0
0
0
0
0
0
0
0
0
0
0
0
0
0
0
0
0
0
0
0
0
0
0
0
0
0
0
0
0
0
0
0
0
0
0
0
0
0
0.0433995116067824
0.00550818832763718
0.00144294242255532
0.000860331181348294
0.00269408787993409
0.000480236782856204
0.00133197790101807
0.00344113465014635
0
0
0
0
0
0
0
0
0
0
0
0
0
0
0
0
0
0
0
0
0
0
0
0
0
0
0
0
0
0
0
0
0
0
0
0
0
0
0
0
0
0
0
0
0
0
0
0
0
0
0
0
0
0
0
0
0
0
0
0
0
0
0
0
0
0
0
0
0
0
0
0
0
0
0
0
0
0
0
0
0
0
0
0
0
0
0
0
0
0
0
0
0
0
0
0
0
0
0
0
0
0
0
0
0
0
0
0
0
0
0
0
0
0
0
0
0
0
0
0
0
0
0
0
0
0
0
0
0
0
0
0
0
0
0
0
0
0
0
0
0
0
0.0433586435073229
0.00550515898660368
0.00144345568191436
0.000861098745852348
0.00269516905242237
0.000484800635748868
0.00132980193641039
0.00344296195432617
0
0
0
0
0
0
0
0
0
0
0
0
0
0
0
0
0
0
0
0
0
0
0
0
0
0
0
0
0
0
0
0
0
0
0
0
0
0
0
0
0
0
0
0
0
0
0
0
0
0
0
0
0
0
0
0
0
0
0
0
0
0
0
0
0
0
0
0
0
0
0
0
0
0
0
0
0
0
0
0
0
0
0
0
0
0
0
0
0
0
0
0
0
0
0
0
0
0
0
0
0
0
0
0
0
0
0
0
0
0
0
0
0
0
0
0
0
0
0
0
0
0
0
0
0
0
0
0
0
0
0
0
0
0
0
0
0
0
0
0
0
0
0.0433191956332881
0.00550225871997629
0.00144397644211843
0.000861712683860548
0.00269648423241817
0.000489262027809526
0.0013276235099243
0.00344742042055554
0
0
0
0
0
0
0
0
0
0
0
0
0
0
0
0
0
0
0
0
0
0
0
0
0
0
0
0
0
0
0
0
0
0
0
0
0
0
0
0
0
0
0
0
0
0
0
0
0
0
0
0
0
0
0
0
0
0
0
0
0
0
0
0
0
0
0
0
0
0
0
0
0
0
0
0
0
0
0
0
0
0
0
0
0
0
0
0
0
0
0
0
0
0
0
0
0
0
0
0
0
0
0
0
0
0
0
0
0
0
0
0
0
0
0
0
0
0
0
0
0
0
0
0
0
0
0
0
0
0
0
0
0
0
0
0
0
0
0
0
0
0
0.0432801523704825
0.00550000460817817
0.00144449794759366
0.000862279639549769
0.00269780354888496
0.000493665537278662
0.00132557865490561
0.00345186688779522
0
0
0
0
0
0
0
0
0
0
0
0
0
0
0
0
0
0
0
0
0
0
0
0
0
0
0
0
0
0
0
0
0
0
0
0
0
0
0
0
0
0
0
0
0
0
0
0
0
0
0
0
0
0
0
0
0
0
0
0
0
0
0
0
0
0
0
0
0
0
0
0
0
0
0
0
0
0
0
0
0
0
0
0
0
0
0
0
0
0
0
0
0
0
0
0
0
0
0
0
0
0
0
0
0
0
0
0
0
0
0
0
0
0
0
0
0
0
0
0
0
0
0
0
0
0
0
0
0
0
0
0
0
0
0
0
0
0
0
0
0
0
0.0432412147731847
0.00549789193927695
0.00144526353006221
0.000862912176008378
0.00269919781612981
0.000498102858619061
0.00132362146061247
0.00345651168456161
0
0
0
0
0
0
0
0
0
0
0
0
0
0
0
0
0
0
0
0
0
0
0
0
0
0
0
0
0
0
0
0
0
0
0
0
0
0
0
0
0
0
0
0
0
0
0
0
0
0
0
0
0
0
0
0
0
0
0
0
0
0
0
0
0
0
0
0
0
0
0
0
0
0
0
0
0
0
0
0
0
0
0
0
0
0
0
0
0
0
0
0
0
0
0
0
0
0
0
0
0
0
0
0
0
0
0
0
0
0
0
0
0
0
0
0
0
0
0
0
0
0
0
0
0
0
0
0
0
0
0
0
0
0
0
0
0
0
0
0
0
0
0.0432024170686206
0.00549579901736201
0.00144606983619207
0.000863636562631741
0.00270064429228869
0.000502549209507423
0.00132190719327951
0.00346167640351581
0
0
0
0
0
0
0
0
0
0
0
0
0
0
0
0
0
0
0
0
0
0
0
0
0
0
0
0
0
0
0
0
0
0
0
0
0
0
0
0
0
0
0
0
0
0
0
0
0
0
0
0
0
0
0
0
0
0
0
0
0
0
0
0
0
0
0
0
0
0
0
0
0
0
0
0
0
0
0
0
0
0
0
0
0
0
0
0
0
0
0
0
0
0
0
0
0
0
0
0
0
0
0
0
0
0
0
0
0
0
0
0
0
0
0
0
0
0
0
0
0
0
0
0
0
0
0
0
0
0
0
0
0
0
0
0
0
0
0
0
0
0
0.043164965054517
0.00549392601810651
0.00144685804977175
0.000864341671826866
0.00270207845170169
0.000506964169620965
0.00132016430877695
0.00346782438480805
0
0
0
0
0
0
0
0
0
0
0
0
0
0
0
0
0
0
0
0
0
0
0
0
0
0
0
0
0
0
0
0
0
0
0
0
0
0
0
0
0
0
0
0
0
0
0
0
0
0
0
0
0
0
0
0
0
0
0
0
0
0
0
0
0
0
0
0
0
0
0
0
0
0
0
0
0
0
0
0
0
0
0
0
0
0
0
0
0
0
0
0
0
0
0
0
0
0
0
0
0
0
0
0
0
0
0
0
0
0
0
0
0
0
0
0
0
0
0
0
0
0
0
0
0
0
0
0
0
0
0
0
0
0
0
0
0
0
0
0
0
0
0.0431279979682495
0.00549224742892196
0.00144765326413928
0.00086505738665212
0.00270347265264669
0.000511325829621331
0.00131872208934202
0.00347416619872183
0
0
0
0
0
0
0
0
0
0
0
0
0
0
0
0
0
0
0
0
0
0
0
0
0
0
0
0
0
0
0
0
0
0
0
0
0
0
0
0
0
0
0
0
0
0
0
0
0
0
0
0
0
0
0
0
0
0
0
0
0
0
0
0
0
0
0
0
0
0
0
0
0
0
0
0
0
0
0
0
0
0
0
0
0
0
0
0
0
0
0
0
0
0
0
0
0
0
0
0
0
0
0
0
0
0
0
0
0
0
0
0
0
0
0
0
0
0
0
0
0
0
0
0
0
0
0
0
0
0
0
0
0
0
0
0
0
0
0
0
0
0
0.0430915142003347
0.00549094479848941
0.00144830328887775
0.00086574506476293
0.00270490825864209
0.000515681505006916
0.00131730371350234
0.00348099403753394
0
0
0
0
0
0
0
0
0
0
0
0
0
0
0
0
0
0
0
0
0
0
0
0
0
0
0
0
0
0
0
0
0
0
0
0
0
0
0
0
0
0
0
0
0
0
0
0
0
0
0
0
0
0
0
0
0
0
0
0
0
0
0
0
0
0
0
0
0
0
0
0
0
0
0
0
0
0
0
0
0
0
0
0
0
0
0
0
0
0
0
0
0
0
0
0
0
0
0
0
0
0
0
0
0
0
0
0
0
0
0
0
0
0
0
0
0
0
0
0
0
0
0
0
0
0
0
0
0
0
0
0
0
0
0
0
0
0
0
0
0
0
0.0430554722084603
0.00548999222038533
0.00144913828258076
0.000866198563638068
0.00270631522300296
0.000520125499896225
0.00131609748707735
0.00348831923162694
0
0
0
0
0
0
0
0
0
0
0
0
0
0
0
0
0
0
0
0
0
0
0
0
0
0
0
0
0
0
0
0
0
0
0
0
0
0
0
0
0
0
0
0
0
0
0
0
0
0
0
0
0
0
0
0
0
0
0
0
0
0
0
0
0
0
0
0
0
0
0
0
0
0
0
0
0
0
0
0
0
0
0
0
0
0
0
0
0
0
0
0
0
0
0
0
0
0
0
0
0
0
0
0
0
0
0
0
0
0
0
0
0
0
0
0
0
0
0
0
0
0
0
0
0
0
0
0
0
0
0
0
0
0
0
0
0
0
0
0
0
0
0.0430196113138471
0.0054891112591741
0.00145001261168528
0.000866658482542107
0.00270758081544445
0.000524555130587792
0.00131490805787429
0.00349567141004243
0
0
0
0
0
0
0
0
0
0
0
0
0
0
0
0
0
0
0
0
0
0
0
0
0
0
0
0
0
0
0
0
0
0
0
0
0
0
0
0
0
0
0
0
0
0
0
0
0
0
0
0
0
0
0
0
0
0
0
0
0
0
0
0
0
0
0
0
0
0
0
0
0
0
0
0
0
0
0
0
0
0
0
0
0
0
0
0
0
0
0
0
0
0
0
0
0
0
0
0
0
0
0
0
0
0
0
0
0
0
0
0
0
0
0
0
0
0
0
0
0
0
0
0
0
0
0
0
0
0
0
0
0
0
0
0
0
0
0
0
0
0
0.0429842424334976
0.00548830500088418
0.00145088699641201
0.000867104023474905
0.00270883701177569
0.000529266341618443
0.00131376052258281
0.00350312991867304
0
0
0
0
0
0
0
0
0
0
0
0
0
0
0
0
0
0
0
0
0
0
0
0
0
0
0
0
0
0
0
0
0
0
0
0
0
0
0
0
0
0
0
0
0
0
0
0
0
0
0
0
0
0
0
0
0
0
0
0
0
0
0
0
0
0
0
0
0
0
0
0
0
0
0
0
0
0
0
0
0
0
0
0
0
0
0
0
0
0
0
0
0
0
0
0
0
0
0
0
0
0
0
0
0
0
0
0
0
0
0
0
0
0
0
0
0
0
0
0
0
0
0
0
0
0
0
0
0
0
0
0
0
0
0
0
0
0
0
0
0
0
0.0429512405136736
0.00548815699492209
0.0014518755869432
0.000867495396830849
0.00271005231447507
0.000533857474068846
0.00131239423781724
0.00351055679244148
0
0
0
0
0
0
0
0
0
0
0
0
0
0
0
0
0
0
0
0
0
0
0
0
0
0
0
0
0
0
0
0
0
0
0
0
0
0
0
0
0
0
0
0
0
0
0
0
0
0
0
0
0
0
0
0
0
0
0
0
0
0
0
0
0
0
0
0
0
0
0
0
0
0
0
0
0
0
0
0
0
0
0
0
0
0
0
0
0
0
0
0
0
0
0
0
0
0
0
0
0
0
0
0
0
0
0
0
0
0
0
0
0
0
0
0
0
0
0
0
0
0
0
0
0
0
0
0
0
0
0
0
0
0
0
0
0
0
0
0
0
0
0.0429219396593999
0.00548946413513859
0.00145333739466742
0.000868322550018699
0.00271151599372741
0.000538387212299114
0.00131092157036904
0.00351778198134821
0
0
0
0
0
0
0
0
0
0
0
0
0
0
0
0
0
0
0
0
0
0
0
0
0
0
0
0
0
0
0
0
0
0
0
0
0
0
0
0
0
0
0
0
0
0
0
0
0
0
0
0
0
0
0
0
0
0
0
0
0
0
0
0
0
0
0
0
0
0
0
0
0
0
0
0
0
0
0
0
0
0
0
0
0
0
0
0
0
0
0
0
0
0
0
0
0
0
0
0
0
0
0
0
0
0
0
0
0
0
0
0
0
0
0
0
0
0
0
0
0
0
0
0
0
0
0
0
0
0
0
0
0
0
0
0
0
0
0
0
0
0
0.0428988173173132
0.00549301876699152
0.00145567824713816
0.000869235616732324
0.00271302525079961
0.000542789796872916
0.00130931796103462
0.00352505916342395
0
0
0
0
0
0
0
0
0
0
0
0
0
0
0
0
0
0
0
0
0
0
0
0
0
0
0
0
0
0
0
0
0
0
0
0
0
0
0
0
0
0
0
0
0
0
0
0
0
0
0
0
0
0
0
0
0
0
0
0
0
0
0
0
0
0
0
0
0
0
0
0
0
0
0
0
0
0
0
0
0
0
0
0
0
0
0
0
0
0
0
0
0
0
0
0
0
0
0
0
0
0
0
0
0
0
0
0
0
0
0
0
0
0
0
0
0
0
0
0
0
0
0
0
0
0
0
0
0
0
0
0
0
0
0
0
0
0
0
0
0
0
0.0428789131378185
0.00549849535022981
0.00145838517031599
0.000870003538255851
0.00271436056253097
0.000547114791908957
0.00130784055827956
0.00353225498146762
0
0
0
0
0
0
0
0
0
0
0
0
0
0
0
0
0
0
0
0
0
0
0
0
0
0
0
0
0
0
0
0
0
0
0
0
0
0
0
0
0
0
0
0
0
0
0
0
0
0
0
0
0
0
0
0
0
0
0
0
0
0
0
0
0
0
0
0
0
0
0
0
0
0
0
0
0
0
0
0
0
0
0
0
0
0
0
0
0
0
0
0
0
0
0
0
0
0
0
0
0
0
0
0
0
0
0
0
0
0
0
0
0
0
0
0
0
0
0
0
0
0
0
0
0
0
0
0
0
0
0
0
0
0
0
0
0
0
0
0
0
0
0.0428594238646706
0.00550446348753884
0.0014617598102274
0.00087096301402491
0.00271571193089748
0.000551379765196258
0.00130635189378192
0.00353951836881533
-0.000823570693343584
0
0
0
0
0
0
0
0
0
0
0
0
0
0
0
0
0
0
0
0
0
0
0
0
0
0
0
0
0
0
0
0
0
0
0
0
0
0
0
0
0
0
0
0
0
0
0
0
0
0
0
0
0
0
0
0
0
0
0
0
0
0
0
0
0
0
0
0
0
0
0
0
0
0
0
0
0
0
0
0
0
0
0
0
0
0
0
0
0
0
0
0
0
0
0
0
0
0
0
0
0
0
0
0
0
0
0
0
0
0
0
0
0
0
0
0
0
0
0
0
0
0
0
0
0
0
0
0
0
0
0
0
0
0
0
0
0
0
0
0
0
0.0428402820814434
0.00551063789433801
0.00146543573076407
0.000872434141482396
0.00271730338335032
0.000555609087400883
0.00130486359788244
0.00354679133065135
-0.000819153344353562
0.00156977492971334
0
0
0
0
0
0
0
0
0
0
0
0
0
0
0
0
0
0
0
0
0
0
0
0
0
0
0
0
0
0
0
0
0
0
0
0
0
0
0
0
0
0
0
0
0
0
0
0
0
0
0
0
0
0
0
0
0
0
0
0
0
0
0
0
0
0
0
0
0
0
0
0
0
0
0
0
0
0
0
0
0
0
0
0
0
0
0
0
0
0
0
0
0
0
0
0
0
0
0
0
0
0
0
0
0
0
0
0
0
0
0
0
0
0
0
0
0
0
0
0
0
0
0
0
0
0
0
0
0
0
0
0
0
0
0
0
0
0
0
0
0.0428266417804519
0.00551808169330031
0.00146949444726705
0.000873812443864424
0.00271875823396857
0.000559491155462519
0.00130308020729816
0.00355425416160093
-0.000814829659697085
0.00157468745050352
0
0
0
0
0
0
0
0
0
0
0
0
0
0
0
0
0
0
0
0
0
0
0
0
0
0
0
0
0
0
0
0
0
0
0
0
0
0
0
0
0
0
0
0
0
0
0
0
0
0
0
0
0
0
0
0
0
0
0
0
0
0
0
0
0
0
0
0
0
0
0
0
0
0
0
0
0
0
0
0
0
0
0
0
0
0
0
0
0
0
0
0
0
0
0
0
0
0
0
0
0
0
0
0
0
0
0
0
0
0
0
0
0
0
0
0
0
0
0
0
0
0
0
0
0
0
0
0
0
0
0
0
0
0
0
0
0
0
0
0
0.0428132235360834
0.00552618209028028
0.0014737217299443
0.000875224351622688
0.00272034287086676
0.000563420366905559
0.00130163624276874
0.00356182755986818
-0.000810492293028072
0.00157961070858181
0
0
0
0
0
0
0
0
0
0
0
0
0
0
0
0
0
0
0
0
0
0
0
0
0
0
0
0
0
0
0
0
0
0
0
0
0
0
0
0
0
0
0
0
0
0
0
0
0
0
0
0
0
0
0
0
0
0
0
0
0
0
0
0
0
0
0
0
0
0
0
0
0
0
0
0
0
0
0
0
0
0
0
0
0
0
0
0
0
0
0
0
0
0
0
0
0
0
0
0
0
0
0
0
0
0
0
0
0
0
0
0
0
0
0
0
0
0
0
0
0
0
0
0
0
0
0
0
0
0
0
0
0
0
0
0
0
0
0
0
0.042800801341638
0.00553443633066266
0.00147784816652502
0.000876633358777878
0.00272194952953189
0.00056759922631984
0.00130032458744755
0.00356955766781216
-0.000806159474300323
0.00158449908889564
0
0
0
0
0
0
0
0
0
0
0
0
0
0
0
0
0
0
0
0
0
0
0
0
0
0
0
0
0
0
0
0
0
0
0
0
0
0
0
0
0
0
0
0
0
0
0
0
0
0
0
0
0
0
0
0
0
0
0
0
0
0
0
0
0
0
0
0
0
0
0
0
0
0
0
0
0
0
0
0
0
0
0
0
0
0
0
0
0
0
0
0
0
0
0
0
0
0
0
0
0
0
0
0
0
0
0
0
0
0
0
0
0
0
0
0
0
0
0
0
0
0
0
0
0
0
0
0
0
0
0
0
0
0
0
0
0
0
0
0
0.0427886041375585
0.00554290824243604
0.00148196034142587
0.000878053848030782
0.00272357681576275
0.000571793430193691
0.00129906637617409
0.00357767465729694
-0.000801572403773852
0.00158951933340186
0.000279293835949658
0.000116808061177957
0
0
0
0
0
0
0
0
0
0
0
0
0
0
0
0
0
0
0
0
0
0
0
0
0
0
0
0
0
0
0
0
0
0
0
0
0
0
0
0
0
0
0
0
0
0
0
0
0
0
0
0
0
0
0
0
0
0
0
0
0
0
0
0
0
0
0
0
0
0
0
0
0
0
0
0
0
0
0
0
0
0
0
0
0
0
0
0
0
0
0
0
0
0
0
0
0
0
0
0
0
0
0
0
0
0
0
0
0
0
0
0
0
0
0
0
0
0
0
0
0
0
0
0
0
0
0
0
0
0
0
0
0
0
0
0
0
0
0.0427774763510251
0.00555154005311266
0.00148599208422809
0.000879433907695293
0.00272542216042234
0.000575986228704936
0.00129796945035634
0.00358569223916715
-0.000797544447014916
0.00159425825956282
0.000278682379583423
0.000122174600039159
6.20209805420534e-05
0
0
0
0
0
0
0
0
0
0
0
0
0
0
0
0
0
0
0
0
0
0
0
0
0
0
0
0
0
0
0
0
0
0
0
0
0
0
0
0
0
0
0
0
0
0
0
0
0
0
0
0
0
0
0
0
0
0
0
0
0
0
0
0
0
0
0
0
0
0
0
0
0
0
0
0
0
0
0
0
0
0
0
0
0
0
0
0
0
0
0
0
0
0
0
0
0
0
0
0
0
0
0
0
0
0
0
0
0
0
0
0
0
0
0
0
0
0
0
0
0
0
0
0
0
0
0
0
0
0
0
0
0
0
0
0
0
0.0427678693845847
0.00556097102611968
0.00148999513469002
0.000880792635688347
0.00272726867974942
0.000580064449606437
0.00129686443072251
0.00359372784468339
-0.000793640420672471
0.00159900030528124
0.000277932516098584
0.000127409438490133
7.95093714324632e-05
0
0
0
0
0
0
0
0
0
0
0
0
0
0
0
0
0
0
0
0
0
0
0
0
0
0
0
0
0
0
0
0
0
0
0
0
0
0
0
0
0
0
0
0
0
0
0
0
0
0
0
0
0
0
0
0
0
0
0
0
0
0
0
0
0
0
0
0
0
0
0
0
0
0
0
0
0
0
0
0
0
0
0
0
0
0
0
0
0
0
0
0
0
0
0
0
0
0
0
0
0
0
0
0
0
0
0
0
0
0
0
0
0
0
0
0
0
0
0
0
0
0
0
0
0
0
0
0
0
0
0
0
0
0
0
0
0
0.0427591336877844
0.00557145361252515
0.00149434381375183
0.000882101753365773
0.00272918858125273
0.000584130279060967
0.00129572769651748
0.00360176655395862
-0.000789793394555091
0.0016036757079631
0.000276951668874296
0.000132371363944559
9.67852211549398e-05
0
0
0
0
0
0
0
0
0
0
0
0
0
0
0
0
0
0
0
0
0
0
0
0
0
0
0
0
0
0
0
0
0
0
0
0
0
0
0
0
0
0
0
0
0
0
0
0
0
0
0
0
0
0
0
0
0
0
0
0
0
0
0
0
0
0
0
0
0
0
0
0
0
0
0
0
0
0
0
0
0
0
0
0
0
0
0
0
0
0
0
0
0
0
0
0
0
0
0
0
0
0
0
0
0
0
0
0
0
0
0
0
0
0
0
0
0
0
0
0
0
0
0
0
0
0
0
0
0
0
0
0
0
0
0
0
0
0.0427504657291003
0.00558207624624707
0.00149884065412739
0.000883450974652348
0.0027310967141295
0.000588167025636846
0.0012946117730454
0.00361015488460301
-0.000785866386443713
0.00160835880518167
0.000275875977831919
0.000137181039419431
0.000113947143849015
0
0
0
0
0
0
0
0
0
0
0
0
0
0
0
0
0
0
0
0
0
0
0
0
0
0
0
0
0
0
0
0
0
0
0
0
0
0
0
0
0
0
0
0
0
0
0
0
0
0
0
0
0
0
0
0
0
0
0
0
0
0
0
0
0
0
0
0
0
0
0
0
0
0
0
0
0
0
0
0
0
0
0
0
0
0
0
0
0
0
0
0
0
0
0
0
0
0
0
0
0
0
0
0
0
0
0
0
0
0
0
0
0
0
0
0
0
0
0
0
0
0
0
0
0
0
0
0
0
0
0
0
0
0
0
0
0
0.0427418139133348
0.00559271822371299
0.00150341893176565
0.000884896350853743
0.00273306275150911
0.000592240777421854
0.00129354732462551
0.00361855433384691
-0.000782061735949845
0.00161301408974073
0.000274790511283525
0.000141951555804964
0.000131089305555457
8.98840445352603e-05
0
0
0
0
0
0
0
0
0
0
0
0
0
0
0
0
0
0
0
0
0
0
0
0
0
0
0
0
0
0
0
0
0
0
0
0
0
0
0
0
0
0
0
0
0
0
0
0
0
0
0
0
0
0
0
0
0
0
0
0
0
0
0
0
0
0
0
0
0
0
0
0
0
0
0
0
0
0
0
0
0
0
0
0
0
0
0
0
0
0
0
0
0
0
0
0
0
0
0
0
0
0
0
0
0
0
0
0
0
0
0
0
0
0
0
0
0
0
0
0
0
0
0
0
0
0
0
0
0
0
0
0
0
0
0
0
0.0427333412303166
0.00560337859094175
0.00150801087415793
0.000886391954716968
0.0027351143726327
0.000596361512586556
0.00129247965859524
0.00362700790890992
-0.000778268344353313
0.00161780852353219
0.000273715517896063
0.00014672586778159
0.000148262548482833
0.000104437032888389
6.44540525598825e-06
0
0
0
0
0
0
0
0
0
0
0
0
0
0
0
0
0
0
0
0
0
0
0
0
0
0
0
0
0
0
0
0
0
0
0
0
0
0
0
0
0
0
0
0
0
0
0
0
0
0
0
0
0
0
0
0
0
0
0
0
0
0
0
0
0
0
0
0
0
0
0
0
0
0
0
0
0
0
0
0
0
0
0
0
0
0
0
0
0
0
0
0
0
0
0
0
0
0
0
0
0
0
0
0
0
0
0
0
0
0
0
0
0
0
0
0
0
0
0
0
0
0
0
0
0
0
0
0
0
0
0
0
0
0
0
0.042729506995553
0.00561485760321291
0.00151267518047121
0.000887977480299122
0.00273712269125973
0.000600490680983081
0.0012913768575027
0.00363539620603625
-0.000774635851151372
0.00162256475842916
0.000272493129289317
0.000151434398140402
0.000165411720465647
0.000118815784419762
8.60313359107749e-06
3.45524958970988e-05
3.87967849289894e-05
0
0
0
0
0
0
0
0
0
0
0
0
0
0
0
0
0
0
0
0
0
0
0
0
0
0
0
0
0
0
0
0
0
0
0
0
0
0
0
0
0
0
0
0
0
0
0
0
0
0
0
0
0
0
0
0
0
0
0
0
0
0
0
0
0
0
0
0
0
0
0
0
0
0
0
0
0
0
0
0
0
0
0
0
0
0
0
0
0
0
0
0
0
0
0
0
0
0
0
0
0
0
0
0
0
0
0
0
0
0
0
0
0
0
0
0
0
0
0
0
0
0
0
0
0
0
0
0
0
0
0
0
0
0.042724231679516
0.00562482446389287
0.00151703418170085
0.000889517457389234
0.00273908432660753
0.000604584169118151
0.00129030481272439
0.00364407876943323
-0.000771012068395644
0.00162758814705435
0.000271302743973221
0.000156395403529381
0.000182615739659701
0.000133353540704096
1.07090436985147e-05
4.45774836045841e-05
5.76313400546676e-05
0
0
0
0
0
0
0
0
0
0
0
0
0
0
0
0
0
0
0
0
0
0
0
0
0
0
0
0
0
0
0
0
0
0
0
0
0
0
0
0
0
0
0
0
0
0
0
0
0
0
0
0
0
0
0
0
0
0
0
0
0
0
0
0
0
0
0
0
0
0
0
0
0
0
0
0
0
0
0
0
0
0
0
0
0
0
0
0
0
0
0
0
0
0
0
0
0
0
0
0
0
0
0
0
0
0
0
0
0
0
0
0
0
0
0
0
0
0
0
0
0
0
0
0
0
0
0
0
0
0
0
0
0
0.0427247069883179
0.00563481362864854
0.00152054880960372
0.000890939243652563
0.00274098481584828
0.000608586177096792
0.00128903993465609
0.00365268352767349
-0.000767008072113972
0.00163262518200336
0.000271909023826431
0.000161550160521803
0.000199238033091588
0.000147745583427107
1.26617512719669e-05
5.50590773986169e-05
7.55842975736163e-05
3.2943063185379e-05
2.78967225620502e-05
0
0
0
0
0
0
0
0
0
0
0
0
0
0
0
0
0
0
0
0
0
0
0
0
0
0
0
0
0
0
0
0
0
0
0
0
0
0
0
0
0
0
0
0
0
0
0
0
0
0
0
0
0
0
0
0
0
0
0
0
0
0
0
0
0
0
0
0
0
0
0
0
0
0
0
0
0
0
0
0
0
0
0
0
0
0
0
0
0
0
0
0
0
0
0
0
0
0
0
0
0
0
0
0
0
0
0
0
0
0
0
0
0
0
0
0
0
0
0
0
0
0
0
0
0
0
0
0
0
0
0
0.0427263383720042
0.00564541013440315
0.0015239318233789
0.000892122171702674
0.00274284515505259
0.00061261313095321
0.00128775167136347
0.00366126610925092
-0.000763036540121677
0.0016376255713945
0.000272473730989668
0.00016687547692884
0.000215846125665062
0.000161847112995444
1.45725817307855e-05
6.54988661954753e-05
9.35740250253217e-05
4.33167454391723e-05
3.77372229352003e-05
0
0
0
0
0
0
0
0
0
0
0
0
0
0
0
0
0
0
0
0
0
0
0
0
0
0
0
0
0
0
0
0
0
0
0
0
0
0
0
0
0
0
0
0
0
0
0
0
0
0
0
0
0
0
0
0
0
0
0
0
0
0
0
0
0
0
0
0
0
0
0
0
0
0
0
0
0
0
0
0
0
0
0
0
0
0
0
0
0
0
0
0
0
0
0
0
0
0
0
0
0
0
0
0
0
0
0
0
0
0
0
0
0
0
0
0
0
0
0
0
0
0
0
0
0
0
0
0
0
0
0
0.0427296857937565
0.00565628650114037
0.00152718702084768
0.000894674142648937
0.00274667813998183
0.000617029436635452
0.0012864915244964
0.00366985441309003
-0.000759052198583727
0.00164255743574156
0.00027296608589328
0.000172203121972992
0.00023236043974978
0.000175886065549965
1.60894452709599e-05
7.58650730829901e-05
0.000111557591083375
5.35567277223684e-05
4.81973427140575e-05
4.29463808853431e-06
2.20655769245396e-06
0
0
0
0
0
0
0
0
0
0
0
0
0
0
0
0
0
0
0
0
0
0
0
0
0
0
0
0
0
0
0
0
0
0
0
0
0
0
0
0
0
0
0
0
0
0
0
0
0
0
0
0
0
0
0
0
0
0
0
0
0
0
0
0
0
0
0
0
0
0
0
0
0
0
0
0
0
0
0
0
0
0
0
0
0
0
0
0
0
0
0
0
0
0
0
0
0
0
0
0
0
0
0
0
0
0
0
0
0
0
0
0
0
0
0
0
0
0
0
0
0
0
0
0
0
0
0
0
0
0.0427310885590281
0.00566560611433859
0.00153034654630825
0.000897518094249479
0.00274795451193857
0.000617907386819229
0.00128456319983499
0.00367838317445721
-0.000755128388855889
0.00164753600559763
0.000273490142305115
0.000177614170870369
0.000248920262390643
0.000190029986873764
1.76431537736798e-05
8.66298728861881e-05
0.000129645137512032
6.37772319720365e-05
5.86953004975414e-05
3.93688230303271e-06
3.10589028056351e-06
-9.73492682711867e-06
2.54627661927529e-06
-5.46655825256735e-07
0
0
0
0
0
0
0
0
0
0
0
0
0
0
0
0
0
0
0
0
0
0
0
0
0
0
0
0
0
0
0
0
0
0
0
0
0
0
0
0
0
0
0
0
0
0
0
0
0
0
0
0
0
0
0
0
0
0
0
0
0
0
0
0
0
0
0
0
0
0
0
0
0
0
0
0
0
0
0
0
0
0
0
0
0
0
0
0
0
0
0
0
0
0
0
0
0
0
0
0
0
0
0
0
0
0
0
0
0
0
0
0
0
0
0
0
0
0
0
0
0
0
0
0
0
0
0.0427327115858065
0.00567399364589103
0.00153268279226574
0.000900467223634586
0.00274956023566728
0.000617478076976652
0.00128082562464507
0.003686575406591
-0.000751215927140001
0.00165247733516354
0.000273971929725909
0.000182983173004648
0.000265460708432173
0.000204227580812779
1.92937141739747e-05
9.74135942902415e-05
0.000147687039394125
7.39812315334036e-05
6.91248800171537e-05
3.53632986611946e-06
3.51572983581732e-06
-1.38536884339905e-05
3.94338745549322e-06
-1.21609307991551e-06
0
0
0
0
0
0
0
0
0
0
0
0
0
0
0
0
0
0
0
0
0
0
0
0
0
0
0
0
0
0
0
0
0
0
0
0
0
0
0
0
0
0
0
0
0
0
0
0
0
0
0
0
0
0
0
0
0
0
0
0
0
0
0
0
0
0
0
0
0
0
0
0
0
0
0
0
0
0
0
0
0
0
0
0
0
0
0
0
0
0
0
0
0
0
0
0
0
0
0
0
0
0
0
0
0
0
0
0
0
0
0
0
0
0
0
0
0
0
0
0
0
0
0
0
0
0
0.0427392007258087
0.00568270838998008
0.00153471161366595
0.000903252613007507
0.00275278789113498
0.000616954453517606
0.00127643974832442
0.00369399275371815
-0.000747400844489546
0.00165745476911123
0.000274437298539704
0.000188230493572003
0.000281866097734059
0.000218178721309958
2.08288670370141e-05
0.000108063231374329
0.000165656784968716
8.37998152783684e-05
7.94777809817869e-05
3.09598391701645e-06
3.781855260491e-06
-1.83696162955546e-05
5.74424189109533e-06
-1.62919153988614e-06
0
0
0
0
0
0
0
0
0
0
0
0
0
0
0
0
0
0
0
0
0
0
0
0
0
0
0
0
0
0
0
0
0
0
0
0
0
0
0
0
0
0
0
0
0
0
0
0
0
0
0
0
0
0
0
0
0
0
0
0
0
0
0
0
0
0
0
0
0
0
0
0
0
0
0
0
0
0
0
0
0
0
0
0
0
0
0
0
0
0
0
0
0
0
0
0
0
0
0
0
0
0
0
0
0
0
0
0
0
0
0
0
0
0
0
0
0
0
0
0
0
0
0
0
0
0
0.0427471576026734
0.00569071116827345
0.00153690817483069
0.000905950683224644
0.00275598082557741
0.000615970604058514
0.00127227379225441
0.00370092650499972
-0.000744277395657581
0.00166234341617576
0.000274864678720942
0.000193449240937843
0.000298173900192211
0.000232068517648115
2.22716703669476e-05
0.00011864017795202
0.000183614259834953
9.35824004816358e-05
8.96246734590196e-05
2.74328685047123e-06
4.09613427154936e-06
-2.2592332729618e-05
8.16658527158779e-06
-1.55470624563334e-06
0
0
0
0
0
0
0
0
0
0
0
0
0
0
0
0
0
0
0
0
0
0
0
0
0
0
0
0
0
0
0
0
0
0
0
0
0
0
0
0
0
0
0
0
0
0
0
0
0
0
0
0
0
0
0
0
0
0
0
0
0
0
0
0
0
0
0
0
0
0
0
0
0
0
0
0
0
0
0
0
0
0
0
0
0
0
0
0
0
0
0
0
0
0
0
0
0
0
0
0
0
0
0
0
0
0
0
0
0
0
0
0
0
0
0
0
0
0
0
0
0
0
0
0
0
0
0.0427561894418269
0.00569948366689328
0.00153838572065688
0.000908772398277681
0.00275898810315212
0.000614901347950335
0.00126777474296867
0.0037079912694324
-0.000741720882383218
0.00166659686265021
0.000275183831916539
0.000198667157904428
0.000314424927574082
0.00024600557478589
2.39534646992991e-05
0.000129191268573435
0.000201619255394465
0.000103602209771709
9.97459319538334e-05
2.01437015240126e-06
4.37074241655458e-06
-2.69148068971542e-05
1.10602500458184e-05
-1.29060709954542e-06
-1.11372131127145e-05
9.52979397739813e-05
0
0
0
0
0
0
0
0
0
0
0
0
0
0
0
0
0
0
0
0
0
0
0
0
0
0
0
0
0
0
0
0
0
0
0
0
0
0
0
0
0
0
0
0
0
0
0
0
0
0
0
0
0
0
0
0
0
0
0
0
0
0
0
0
0
0
0
0
0
0
0
0
0
0
0
0
0
0
0
0
0
0
0
0
0
0
0
0
0
0
0
0
0
0
0
0
0
0
0
0
0
0
0
0
0
0
0
0
0
0
0
0
0
0
0
0
0
0
0
0
0
0
0
0
0.042777591969079
0.00570960255378173
0.00154109871456544
0.000910603088161497
0.00276191754248178
0.000613430413992419
0.00126277647175316
0.00371496779038136
-0.000740089710329334
0.00166993304757854
0.000274680195108247
0.000203735630784003
0.000330624697707607
0.00025985566044886
2.53124281105713e-05
0.00013974743636678
0.000218965612067504
0.000113300135363758
0.000109458207473194
1.29906638915426e-06
4.22559129800599e-06
-3.06741612511355e-05
1.41206959478918e-05
3.10315709692365e-06
-1.03106891227806e-05
0.000115681883165022
0
0
0
0
0
0
0
0
0
0
0
0
0
0
0
0
0
0
0
0
0
0
0
0
0
0
0
0
0
0
0
0
0
0
0
0
0
0
0
0
0
0
0
0
0
0
0
0
0
0
0
0
0
0
0
0
0
0
0
0
0
0
0
0
0
0
0
0
0
0
0
0
0
0
0
0
0
0
0
0
0
0
0
0
0
0
0
0
0
0
0
0
0
0
0
0
0
0
0
0
0
0
0
0
0
0
0
0
0
0
0
0
0
0
0
0
0
0
0
0
0
0
0
0
0.0427991192525777
0.00572173045609932
0.00154398062924765
0.00091254945209564
0.00276443976765747
0.000611938901267596
0.00125755928364584
0.00372175654358965
-0.000738547734635992
0.00167338976729705
0.00027394758796307
0.00020833906325095
0.000346739902201652
0.000273682115612932
2.66410131356369e-05
0.000150183380358855
0.00023625697406575
0.000122830631168014
0.000119087781574507
5.8419153377682e-07
4.15268796858942e-06
-3.46514934722183e-05
1.71763869921669e-05
7.44287837969463e-06
-9.02519977285995e-06
0.000135957699491758
3.01772040715595e-05
3.55672922542779e-05
-4.08079874700474e-06
0
0
0
0
0
0
0
0
0
0
0
0
0
0
0
0
0
0
0
0
0
0
0
0
0
0
0
0
0
0
0
0
0
0
0
0
0
0
0
0
0
0
0
0
0
0
0
0
0
0
0
0
0
0
0
0
0
0
0
0
0
0
0
0
0
0
0
0
0
0
0
0
0
0
0
0
0
0
0
0
0
0
0
0
0
0
0
0
0
0
0
0
0
0
0
0
0
0
0
0
0
0
0
0
0
0
0
0
0
0
0
0
0
0
0
0
0
0
0
0
0
0.042820993190016
0.0057309527705408
0.00154396685048537
0.000914458445149906
0.0027663952377721
0.000609911563317567
0.00125234218658099
0.0037286442342078
-0.000736704231903717
0.00167655587295054
0.000273226960003674
0.000213114655939812
0.000362996948120209
0.000287558207806245
2.79447830236416e-05
0.000160609848075436
0.000253523864394688
0.000132215678586532
0.000128944138637782
-6.56263292781762e-08
4.07680876977433e-06
-3.86263603578539e-05
2.00514251505479e-05
1.13476463779172e-05
-7.94038261820089e-06
0.000155384722847748
3.5394606134032e-05
4.65127962864682e-05
-1.07910218183856e-05
1.04550182161721e-05
-1.34660500357995e-05
0
0
0
0
0
0
0
0
0
0
0
0
0
0
0
0
0
0
0
0
0
0
0
0
0
0
0
0
0
0
0
0
0
0
0
0
0
0
0
0
0
0
0
0
0
0
0
0
0
0
0
0
0
0
0
0
0
0
0
0
0
0
0
0
0
0
0
0
0
0
0
0
0
0
0
0
0
0
0
0
0
0
0
0
0
0
0
0
0
0
0
0
0
0
0
0
0
0
0
0
0
0
0
0
0
0
0
0
0
0
0
0
0
0
0
0
0
0
0
0.0428450437885754
0.00574048504473534
0.00154305383199804
0.000915340050587703
0.00276826626284353
0.000607855492367884
0.00124654485771381
0.00373547168367568
-0.000734707431825193
0.00167993355445787
0.000272235044371571
0.000218535295540276
0.000379771147793381
0.000301690010807681
2.92818495174324e-05
0.000171007089860515
0.000270751245815966
0.000141470978726645
0.000138651695690146
1.50315382602191e-07
4.10799264940714e-06
-4.27433952399211e-05
2.28663752658156e-05
1.54466683989653e-05
-6.89404861481063e-06
0.000175042762367421
4.02407331596489e-05
5.69682547290764e-05
-1.77670391786057e-05
1.5048493024336e-05
-1.97539855581772e-05
0
0
0
0
0
0
0
0
0
0
0
0
0
0
0
0
0
0
0
0
0
0
0
0
0
0
0
0
0
0
0
0
0
0
0
0
0
0
0
0
0
0
0
0
0
0
0
0
0
0
0
0
0
0
0
0
0
0
0
0
0
0
0
0
0
0
0
0
0
0
0
0
0
0
0
0
0
0
0
0
0
0
0
0
0
0
0
0
0
0
0
0
0
0
0
0
0
0
0
0
0
0
0
0
0
0
0
0
0
0
0
0
0
0
0
0
0
0
0
0.0428692608383973
0.00575031578634579
0.0015421481165908
0.000915984089968256
0.00277031709111055
0.000606151450267955
0.00124106216525884
0.00374264229283331
-0.000732626972544376
0.00168333865179377
0.000271295144961713
0.000223993011100526
0.000396515389984839
0.000315786744140675
3.05098889288e-05
0.000181398854543601
0.000287969084056479
0.000150698295762767
0.000148330928538965
3.50224710816602e-07
4.23083371392795e-06
-4.68925164945346e-05
2.56399157802076e-05
1.9521712391684e-05
-5.99018996613467e-06
0.000194649254428602
4.51579174488728e-05
6.74165753941353e-05
-2.47975632795264e-05
1.97295480941563e-05
-2.54920962042214e-05
8.64182791714587e-05
0
0
0
0
0
0
0
0
0
0
0
0
0
0
0
0
0
0
0
0
0
0
0
0
0
0
0
0
0
0
0
0
0
0
0
0
0
0
0
0
0
0
0
0
0
0
0
0
0
0
0
0
0
0
0
0
0
0
0
0
0
0
0
0
0
0
0
0
0
0
0
0
0
0
0
0
0
0
0
0
0
0
0
0
0
0
0
0
0
0
0
0
0
0
0
0
0
0
0
0
0
0
0
0
0
0
0
0
0
0
0
0
0
0
0
0
0
0
0.0428936708987062
0.00576025941135992
0.00154127676481382
0.000916585193488095
0.00277271484318593
0.000604921485342683
0.00123588763512375
0.00375010352446297
-0.000730866494672966
0.00168677539126889
0.000270252131274719
0.000229333666701121
0.000413121331485617
0.000329760268865139
3.15369164601436e-05
0.00019147436187756
0.000305123965184745
0.00015991285405925
0.000157979718786725
5.1659174006527e-07
4.38327536490204e-06
-5.10395292991552e-05
2.83827378908416e-05
2.35955552497916e-05
-5.10058384764863e-06
0.000214115358930619
5.01045454034119e-05
7.79426459515134e-05
-3.17407978674009e-05
2.45095546863811e-05
-3.11942633725834e-05
0.000115635636560786
0
0
0
0
0
0
0
0
0
0
0
0
0
0
0
0
0
0
0
0
0
0
0
0
0
0
0
0
0
0
0
0
0
0
0
0
0
0
0
0
0
0
0
0
0
0
0
0
0
0
0
0
0
0
0
0
0
0
0
0
0
0
0
0
0
0
0
0
0
0
0
0
0
0
0
0
0
0
0
0
0
0
0
0
0
0
0
0
0
0
0
0
0
0
0
0
0
0
0
0
0
0
0
0
0
0
0
0
0
0
0
0
0
0
0
0
0
0
0.0429193131265735
0.00577047706980407
0.00154041331905463
0.000917037990629824
0.00277502261518412
0.000605600066653391
0.00123317717322959
0.00375773715847295
-0.000728606772018616
0.0016907512582033
0.000269251463813634
0.000234527436575584
0.000429605061391989
0.000344020143471891
3.22496126032323e-05
0.000201250808672317
0.000321930316611267
0.000169069414009561
0.000167644041920042
6.8472289486711e-07
4.49496866976252e-06
-5.51530447768516e-05
3.09669639160024e-05
2.7612532591758e-05
-4.31882410903283e-06
0.000233528802206104
5.49035764585411e-05
8.87327729646036e-05
-3.85104582964085e-05
3.00757575554657e-05
-3.57673221464575e-05
0.000145100665550991
0
0
0
0
0
0
0
0
0
0
0
0
0
0
0
0
0
0
0
0
0
0
0
0
0
0
0
0
0
0
0
0
0
0
0
0
0
0
0
0
0
0
0
0
0
0
0
0
0
0
0
0
0
0
0
0
0
0
0
0
0
0
0
0
0
0
0
0
0
0
0
0
0
0
0
0
0
0
0
0
0
0
0
0
0
0
0
0
0
0
0
0
0
0
0
0
0
0
0
0
0
0
0
0
0
0
0
0
0
0
0
0
0
0
0
0
0
0
0.0429472116333312
0.00578115663476223
0.00153950777832192
0.000917426409059379
0.00277722395235412
0.0006061939530515
0.00123076174157181
0.00376596326451892
-0.000726408144159743
0.00169475558761582
0.000268263247358824
0.000239747787950146
0.000445905478433632
0.000358070500751181
3.29405684846774e-05
0.000210652586383665
0.000338425174104756
0.000177844340752128
0.000177362112453467
8.98704109260652e-07
4.84984326302835e-06
-5.89642623615223e-05
3.36290271870376e-05
3.16077232438312e-05
-3.62197222545653e-06
0.000252741328259259
5.96422932133095e-05
9.92433839306774e-05
-4.52617513139886e-05
3.56023531591184e-05
-4.01084091145027e-05
0.000175974275311755
0
0
0
0
0
0
0
0
0
0
0
0
0
0
0
0
0
0
0
0
0
0
0
0
0
0
0
0
0
0
0
0
0
0
0
0
0
0
0
0
0
0
0
0
0
0
0
0
0
0
0
0
0
0
0
0
0
0
0
0
0
0
0
0
0
0
0
0
0
0
0
0
0
0
0
0
0
0
0
0
0
0
0
0
0
0
0
0
0
0
0
0
0
0
0
0
0
0
0
0
0
0
0
0
0
0
0
0
0
0
0
0
0
0
0
0
0
0
0.0429763438208504
0.00579219815170368
0.00153855872673952
0.000917759421359196
0.00277940731285575
0.000606780430389352
0.00122839339325668
0.00377406689361916
-0.00072464927626123
0.00169875207865415
0.000267118353894315
0.000244724657986508
0.000462443748330936
0.000371984780909295
3.35684853182859e-05
0.000219950974602224
0.000355056012747365
0.000186413829814366
0.000186809347426016
1.07255240570258e-06
5.23606827599297e-06
-6.2774865801876e-05
3.66145755306121e-05
3.6302976579816e-05
-2.47620278762051e-06
0.000272109135781092
6.42580299258408e-05
0.000109727907477937
-5.24685411081265e-05
4.10083473737275e-05
-4.45190809703526e-05
0.000206677583777656
0
0
0
0
0
0
0
0
0
0
0
0
0
0
0
0
0
0
0
0
0
0
0
0
0
0
0
0
0
0
0
0
0
0
0
0
0
0
0
0
0
0
0
0
0
0
0
0
0
0
0
0
0
0
0
0
0
0
0
0
0
0
0
0
0
0
0
0
0
0
0
0
0
0
0
0
0
0
0
0
0
0
0
0
0
0
0
0
0
0
0
0
0
0
0
0
0
0
0
0
0
0
0
0
0
0
0
0
0
0
0
0
0
0
0
0
0
0
0.043007419281757
0.00580355938355124
0.00153758969680915
0.000917858010724915
0.00278146658461793
0.000607304763498277
0.00122634106766023
0.00378260875903149
-0.000723306787142526
0.00170214623095239
0.000265879478580606
0.000249484794664275
0.000478678088648405
0.000385839698617478
3.40655277429841e-05
0.000229825790525721
0.000371658619289752
0.000196049119051891
0.000196189163973636
9.51584323302854e-07
5.63731552289893e-06
-6.6600203427082e-05
3.95424261165861e-05
4.09548135022945e-05
-1.39276636963995e-06
0.000291997144187662
6.91387625582854e-05
0.000120606051454997
-5.96800296114271e-05
4.61038065874987e-05
-4.90555185735353e-05
0.000237302217630529
0
0
0
0
0
0
0
0
0
0
0
0
0
0
0
0
0
0
0
0
0
0
0
0
0
0
0
0
0
0
0
0
0
0
0
0
0
0
0
0
0
0
0
0
0
0
0
0
0
0
0
0
0
0
0
0
0
0
0
0
0
0
0
0
0
0
0
0
0
0
0
0
0
0
0
0
0
0
0
0
0
0
0
0
0
0
0
0
0
0
0
0
0
0
0
0
0
0
0
0
0
0
0
0
0
0
0
0
0
0
0
0
0
0
0
0
0
0
0.0430420719449239
0.00581584072635454
0.00153658999577566
0.000918316809785156
0.00278351034995412
0.000607744406129931
0.00122422836060532
0.00379125852973723
-0.000721714809729866
0.0017053797084935
0.000264186025831256
0.000254094942900117
0.000494776626396232
0.000399459222399909
3.44953620038753e-05
0.000239579121703508
0.000388185452657292
0.000205588235289477
0.000205480099313993
6.12406943732894e-07
5.73341895103733e-06
-7.02078659847858e-05
4.25030156148725e-05
4.55592536903309e-05
-4.14073106947729e-07
0.000311791802496566
7.48257452915538e-05
0.000131618282033682
-6.69803102817016e-05
5.11425477438964e-05
-5.27934253234182e-05
0.000267911381548845
0
0
0
0
0
0
0
0
0
0
0
0
0
0
0
0
0
0
0
0
0
0
0
0
0
0
0
0
0
0
0
0
0
0
0
0
0
0
0
0
0
0
0
0
0
0
0
0
0
0
0
0
0
0
0
0
0
0
0
0
0
0
0
0
0
0
0
0
0
0
0
0
0
0
0
0
0
0
0
0
0
0
0
0
0
0
0
0
0
0
0
0
0
0
0
0
0
0
0
0
0
0
0
0
0
0
0
0
0
0
0
0
0
0
0
0
0
0
0.0430818263131165
0.00583297462077871
0.00153663806331015
0.000918703252410788
0.00278615802060316
0.000608023223560143
0.00122197978178161
0.00379982651094224
-0.000720325508329928
0.00170890527244284
0.000262052305782868
0.000257819198929488
0.000510694410050128
0.000412819927954286
3.44988065374762e-05
0.000249238907279265
0.000404574779250628
0.000214920543322984
0.000214579055654972
-2.09759155748709e-07
5.47907628511103e-06
-7.42437815541007e-05
4.57524192868922e-05
5.02056035959142e-05
5.08761613969435e-07
0.00033152836080553
8.04703389438022e-05
0.000143584606557008
-7.41423293375004e-05
5.60034010574825e-05
-5.66037678547662e-05
0.000299890144790665
0
0
0
0
0
0
0
0
0
0
0
0
0
0
0
0
0
0
0
0
0
0
0
0
0
0
0
0
0
0
0
0
0
0
0
0
0
0
0
0
0
0
0
0
0
0
0
0
0
0
0
0
0
0
0
0
0
0
0
0
0
0
0
0
0
0
0
0
0
0
0
0
0
0
0
0
0
0
0
0
0
0
0
0
0
0
0
0
0
0
0
0
0
0
0
0
0
0
0
0
0
0
0
0
0
0
0
0
0
0
0
0
0
0
0
0
0
0
0.0431268392579349
0.00585273542103962
0.0015390031084639
0.000919163243486638
0.00278981534900404
0.000609429791349442
0.00121969392678644
0.00380827649830325
-0.000719058534049329
0.00171184652657057
0.000259837757233784
0.000261488840794424
0.000525650124134716
0.000425911148539703
3.4125613431932e-05
0.000260803284275105
0.000421427081496161
0.000223952270579846
0.00022325375603009
-2.49365558723708e-07
4.79834367889311e-06
-7.86798612782319e-05
4.83147985434395e-05
5.4978862442603e-05
1.50783476815126e-06
0.000351131633422282
8.61250983161948e-05
0.000155956155069537
-8.08398991255507e-05
6.09543533599974e-05
-6.0629092015609e-05
0.000331765624971482
0.000255154553323202
0
0
0
0
0
0
0
0
0
0
0
0
0
0
0
0
0
0
0
0
0
0
0
0
0
0
0
0
0
0
0
0
0
0
0
0
0
0
0
0
0
0
0
0
0
0
0
0
0
0
0
0
0
0
0
0
0
0
0
0
0
0
0
0
0
0
0
0
0
0
0
0
0
0
0
0
0
0
0
0
0
0
0
0
0
0
0
0
0
0
0
0
0
0
0
0
0
0
0
0
0
0
0
0
0
0
0
0
0
0
0
0
0
0
0
0
0
0.043176487755667
0.00587539770220374
0.00154161108296422
0.000919875591934818
0.00279326510174289
0.000612990091234725
0.00121767725512123
0.00381662572089737
-0.000717864163946651
0.00171482148991272
0.000257054085051745
0.000265209240592197
0.000540565352063495
0.000438439798680664
3.39443946202725e-05
0.000272277019313169
0.000438173798334762
0.000233506902527577
0.000231701290464588
-4.76634654830863e-07
3.95752053026479e-06
-8.3685269679964e-05
5.031989917639e-05
5.91220761188674e-05
2.4638619227445e-06
0.000370801980772181
9.1692050931133e-05
0.000168906449637991
-8.60311426556934e-05
6.63768493466997e-05
-6.4452446864374e-05
0.000363538580010521
0.000278949047569968
0.000193918387697581
0
0
0
0
0
0
0
0
0
0
0
0
0
0
0
0
0
0
0
0
0
0
0
0
0
0
0
0
0
0
0
0
0
0
0
0
0
0
0
0
0
0
0
0
0
0
0
0
0
0
0
0
0
0
0
0
0
0
0
0
0
0
0
0
0
0
0
0
0
0
0
0
0
0
0
0
0
0
0
0
0
0
0
0
0
0
0
0
0
0
0
0
0
0
0
0
0
0
0
0
0
0
0
0
0
0
0
0
0
0
0
0
0
0
0
0
0.0432265706952755
0.00589961054283279
0.00154517972141055
0.000920905046831797
0.00279701676165126
0.000616488214731367
0.00121631998254508
0.00382518823383553
-0.000716807945073429
0.00171775950920057
0.000254421227157314
0.000268744818125493
0.000555440255731253
0.000450740249639053
3.33515139202908e-05
0.000283957879148103
0.000455165103605992
0.000242957275242199
0.000240380966667219
-7.40619591437695e-07
3.20745890144687e-06
-8.89228009428426e-05
5.21667805365588e-05
6.30227967437368e-05
3.15136314579847e-06
0.000390507406985042
9.72769345236685e-05
0.000181833760143269
-9.10910152704519e-05
7.21276731711017e-05
-6.81581564958675e-05
0.000395369461589795
0.000302645587482464
0.00021218488366253
0
0
0
0
0
0
0
0
0
0
0
0
0
0
0
0
0
0
0
0
0
0
0
0
0
0
0
0
0
0
0
0
0
0
0
0
0
0
0
0
0
0
0
0
0
0
0
0
0
0
0
0
0
0
0
0
0
0
0
0
0
0
0
0
0
0
0
0
0
0
0
0
0
0
0
0
0
0
0
0
0
0
0
0
0
0
0
0
0
0
0
0
0
0
0
0
0
0
0
0
0
0
0
0
0
0
0
0
0
0
0
0
0
0
0
0
0.0432789982254165
0.00592428323755486
0.00154936173229296
0.000921981946775126
0.00280090375032691
0.000620154836730595
0.0012148448269802
0.00383401200796618
-0.000715953201190313
0.00172047971778293
0.000251675730644342
0.000272328664996025
0.00057006249593215
0.000462942027431811
3.26470097572692e-05
0.000295183887414607
0.00047195504771062
0.000252402979990191
0.000249038592507846
-1.02340055124662e-06
2.35480346824031e-06
-9.40496140605254e-05
5.38078855425239e-05
6.69442232438617e-05
3.55069727014506e-06
0.000409930921955694
0.00010288333164084
0.000194733302540781
-9.61383449919423e-05
7.77787460287584e-05
-7.18623473845133e-05
0.000427361909000575
0.000326552639305999
0.000230326359348177
0
0
0
0
0
0
0
0
0
0
0
0
0
0
0
0
0
0
0
0
0
0
0
0
0
0
0
0
0
0
0
0
0
0
0
0
0
0
0
0
0
0
0
0
0
0
0
0
0
0
0
0
0
0
0
0
0
0
0
0
0
0
0
0
0
0
0
0
0
0
0
0
0
0
0
0
0
0
0
0
0
0
0
0
0
0
0
0
0
0
0
0
0
0
0
0
0
0
0
0
0
0
0
0
0
0
0
0
0
0
0
0
0
0
0
0
0.0433355998051575
0.00595140332977755
0.00155352406168249
0.000922836891869822
0.00280458816967266
0.000623903686430339
0.00121347914404298
0.00384272790269241
-0.000715075739170107
0.00172307175820559
0.000248687398031746
0.000275811753506592
0.000584658310451143
0.000475038029398848
3.1879179702023e-05
0.000306441371390832
0.000488725098338818
0.000261563088701285
0.000257420467754805
-1.8559242755323e-06
1.41727791192904e-06
-9.93554276756427e-05
5.52794672202188e-05
7.06555860140755e-05
3.59625865961593e-06
0.000429108375120313
0.000108238059108091
0.000207588299839766
-0.000101221031865329
8.35143368255491e-05
-7.57004228231074e-05
0.00045925082180858
0.000350591711847184
0.000248543211600194
0
0
0
0
0
0
0
0
0
0
0
0
0
0
0
0
0
0
0
0
0
0
0
0
0
0
0
0
0
0
0
0
0
0
0
0
0
0
0
0
0
0
0
0
0
0
0
0
0
0
0
0
0
0
0
0
0
0
0
0
0
0
0
0
0
0
0
0
0
0
0
0
0
0
0
0
0
0
0
0
0
0
0
0
0
0
0
0
0
0
0
0
0
0
0
0
0
0
0
0
0
0
0
0
0
0
0
0
0
0
0
0
0
0
0
0
0.0433927506717487
0.00598020006159642
0.00155852415578698
0.000923711458055626
0.00280846926178863
0.000627711281090238
0.00121251363253391
0.00385180010688452
-0.000714368931235682
0.00172575603868499
0.000245578643136456
0.00027914084124203
0.000599189147136792
0.000487084751420619
3.09166313900307e-05
0.000317627432122679
0.000505446852165493
0.000270627713719105
0.000265615162418338
-2.90750573455327e-06
-5.03097316855097e-08
-0.000104697970401848
5.6626322545189e-05
7.41831906988779e-05
3.42348746169339e-06
0.000447917193294451
0.000113413064014821
0.000220515221558173
-0.000106319105234441
8.9239119621693e-05
-7.948590618246e-05
0.000491171171288894
0.000374714965243354
0.000266821623476589
0
0
0
0
0
0
0
0
0
0
0
0
0
0
0
0
0
0
0
0
0
0
0
0
0
0
0
0
0
0
0
0
0
0
0
0
0
0
0
0
0
0
0
0
0
0
0
0
0
0
0
0
0
0
0
0
0
0
0
0
0
0
0
0
0
0
0
0
0
0
0
0
0
0
0
0
0
0
0
0
0
0
0
0
0
0
0
0
0
0
0
0
0
0
0
0
0
0
0
0
0
0
0
0
0
0
0
0
0
0
0
0
0
0
0
0
0.0434517292128518
0.0060091407311561
0.00156357474880087
0.000924596896423072
0.00281228833013701
0.000631576850379774
0.00121156201941407
0.00386148436324273
-0.000713244609027111
0.00172836437607001
0.000242374744929191
0.000282446085031727
0.000613804505077151
0.000499106674484285
2.99050797357573e-05
0.000328662719330661
0.000522181749796786
0.000279512770450962
0.0002732607175178
-4.19086448711433e-06
-1.72268829918883e-06
-0.000110462795102835
5.79024143729662e-05
7.79397474206054e-05
3.40770259269499e-06
0.000466603610136127
0.000118283622747954
0.00023391995861821
-0.000111004279672705
9.50842606978454e-05
-8.3273326249061e-05
0.000523088392507367
0.000398837683902507
0.000285118522201508
0
0
0
0
0
0
0
0
0
0
0
0
0
0
0
0
0
0
0
0
0
0
0
0
0
0
0
0
0
0
0
0
0
0
0
0
0
0
0
0
0
0
0
0
0
0
0
0
0
0
0
0
0
0
0
0
0
0
0
0
0
0
0
0
0
0
0
0
0
0
0
0
0
0
0
0
0
0
0
0
0
0
0
0
0
0
0
0
0
0
0
0
0
0
0
0
0
0
0
0
0
0
0
0
0
0
0
0
0
0
0
0
0
0
0
0
0.0435125703660455
0.00603860195272476
0.00156885937642048
0.000926284358409166
0.00281642187189489
0.000635524075679264
0.00121243598283056
0.00387200337572933
-0.000711257422845505
0.00173158088119665
0.000239103752082788
0.000286447234303861
0.000628488057676998
0.000511391476739902
2.88834069486977e-05
0.000339643648419117
0.00053860724300688
0.000288596968249112
0.000281487107255166
-5.44337442762848e-06
-3.46991353369917e-06
-0.000116330381762316
5.87946945369385e-05
8.16699775199725e-05
3.49841883391793e-06
0.000485273329881849
0.000123061703690971
0.00024704712797656
-0.000115569558456336
0.000101129741061608
-8.69670887173047e-05
0.000555007990900966
0.000422957560584502
0.000303924943636754
-2.06577903374437e-05
0
0
0
0
0
0
0
0
0
0
0
0
0
0
0
0
0
0
0
0
0
0
0
0
0
0
0
0
0
0
0
0
0
0
0
0
0
0
0
0
0
0
0
0
0
0
0
0
0
0
0
0
0
0
0
0
0
0
0
0
0
0
0
0
0
0
0
0
0
0
0
0
0
0
0
0
0
0
0
0
0
0
0
0
0
0
0
0
0
0
0
0
0
0
0
0
0
0
0
0
0
0
0
0
0
0
0
0
0
0
0
0
0
0
0
0.0435778456993795
0.00606954765448881
0.00157396922859064
0.00092797168445686
0.00282114295716485
0.000640282381506434
0.00121373935565086
0.00388397718710228
-0.000709416013539116
0.00173474672450415
0.000235735520163221
0.00029120381067243
0.000643442853673496
0.000523304398258424
2.79144107401949e-05
0.0003505552728205
0.000555153555059329
0.00029725322129514
0.000289954651520599
-6.21578385357503e-06
-5.27813869491373e-06
-0.00012216051225595
6.00834786377501e-05
8.52540200654514e-05
3.631842358771e-06
0.000503917211530186
0.000127866165835365
0.000259976489589766
-0.000117211566800519
0.000107293204782275
-9.09737308266621e-05
0.000586976864484687
0.000447038075953704
0.000322684122112885
-2.61953509786172e-05
-3.64549466714944e-05
9.97811277068746e-06
0
0
0
0
0
0
0
0
0
0
0
0
0
0
0
0
0
0
0
0
0
0
0
0
0
0
0
0
0
0
0
0
0
0
0
0
0
0
0
0
0
0
0
0
0
0
0
0
0
0
0
0
0
0
0
0
0
0
0
0
0
0
0
0
0
0
0
0
0
0
0
0
0
0
0
0
0
0
0
0
0
0
0
0
0
0
0
0
0
0
0
0
0
0
0
0
0
0
0
0
0
0
0
0
0
0
0
0
0
0
0
0
0
0.0436222743059718
0.00610094324826374
0.00157997643191349
0.00092962790615871
0.00282593864932538
0.000645284843509109
0.00120829718969399
0.00389250871446868
-0.000711947319334576
0.00173626595701647
0.000232641791272869
0.000295992026328802
0.000659959093261376
0.000534785343711945
2.71451245779751e-05
0.0003622603883008
0.000572023042015457
0.000305879751731162
0.000298848266290757
-6.85668666904002e-06
-6.64470687800357e-06
-0.000125223372575731
6.35823056730464e-05
8.93297882421702e-05
-1.54513458760127e-06
0.000523119667344475
0.000132611412841315
0.000270790365867577
-0.000119177580519351
0.000117229533943724
-9.43550800261937e-05
0.000618927832143531
0.000470673034866945
0.000341496598035385
-3.16953832687613e-05
-4.1267757739208e-05
1.70706467335812e-05
0
0
0
0
0
0
0
0
0
0
0
0
0
0
0
0
0
0
0
0
0
0
0
0
0
0
0
0
0
0
0
0
0
0
0
0
0
0
0
0
0
0
0
0
0
0
0
0
0
0
0
0
0
0
0
0
0
0
0
0
0
0
0
0
0
0
0
0
0
0
0
0
0
0
0
0
0
0
0
0
0
0
0
0
0
0
0
0
0
0
0
0
0
0
0
0
0
0
0
0
0
0
0
0
0
0
0
0
0
0
0
0
0
0.043667702951306
0.006131746983051
0.001586433088549
0.000931875650424379
0.00283068091699242
0.000650290208021424
0.00120316173328981
0.00390097880221709
-0.000714404923522561
0.00173902025660944
0.000230682440225498
0.000300715100131818
0.000676375348770993
0.000546309604895223
2.70616243268827e-05
0.000374396757944796
0.000588620589446015
0.000314433105269094
0.000307800066942633
-7.74303668236108e-06
-8.10048365776133e-06
-0.000128915961129848
6.65688546237268e-05
9.37342293335433e-05
-6.83478422224401e-06
0.00054177058434684
0.000137505935302894
0.000281550179634219
-0.000121371601977309
0.000126973584783429
-9.72533779675503e-05
0.000650828041470195
0.000494147084458966
0.000360297013165592
-3.71825078597952e-05
-4.61173556378556e-05
2.44773552070232e-05
0
0
0
0
0
0
0
0
0
0
0
0
0
0
0
0
0
0
0
0
0
0
0
0
0
0
0
0
0
0
0
0
0
0
0
0
0
0
0
0
0
0
0
0
0
0
0
0
0
0
0
0
0
0
0
0
0
0
0
0
0
0
0
0
0
0
0
0
0
0
0
0
0
0
0
0
0
0
0
0
0
0
0
0
0
0
0
0
0
0
0
0
0
0
0
0
0
0
0
0
0
0
0
0
0
0
0
0
0
0
0
0
0
0.0437142167434078
0.0061631771271127
0.00159113092447715
0.000933906750245103
0.00283542959281174
0.000655171483858444
0.00119801927107961
0.00390983103045257
-0.000716882639850742
0.001741552963037
0.000228527409760796
0.000306129037262022
0.000692921355891453
0.000557792507157198
2.68473399980033e-05
0.000386529219787284
0.000605769100856618
0.000322847965335721
0.000316678613932894
-8.6734087869602e-06
-9.73932399731594e-06
-0.000132668554057728
6.91737921858732e-05
9.79580708573094e-05
-1.21631516650477e-05
0.000560394764944523
0.000141775578001593
0.000292300023673584
-0.000123540225059933
0.000136430897218684
-0.000100355910900692
0.000682505728998924
0.000517607311581953
0.000378879708324514
-4.26894725123102e-05
-5.09852240908639e-05
3.1875455448901e-05
6.88780867585882e-06
-2.27191276954641e-05
-1.68920425065806e-05
0
0
0
0
0
0
0
0
0
0
0
0
0
0
0
0
0
0
0
0
0
0
0
0
0
0
0
0
0
0
0
0
0
0
0
0
0
0
0
0
0
0
0
0
0
0
0
0
0
0
0
0
0
0
0
0
0
0
0
0
0
0
0
0
0
0
0
0
0
0
0
0
0
0
0
0
0
0
0
0
0
0
0
0
0
0
0
0
0
0
0
0
0
0
0
0
0
0
0
0
0
0
0
0
0
0
0
0
0
0
0.0437649140204738
0.00619581448769897
0.00159588143691851
0.000934044030972361
0.00283989121320459
0.000659940484619876
0.00119285335491925
0.00391845300449111
-0.000718878635628932
0.00174450586144108
0.000226045651059981
0.000310636655807214
0.000708681921878309
0.000569103349773835
2.63412837622314e-05
0.00039876605916775
0.000622742398570865
0.000331022625483443
0.000325998625103581
-9.44301255511686e-06
-1.1330246540976e-05
-0.000136185407169393
7.20369608705868e-05
0.000103103130320183
-1.69581414015657e-05
0.000578874440023661
0.000146004859342181
0.000302179533730401
-0.000125831210877494
0.000146509668204222
-0.000102755290995371
0.000714168475873626
0.000540588729738887
0.000398458261442106
-4.74660108786107e-05
-5.57480098133142e-05
3.92502268615689e-05
9.28419395630135e-06
-2.81093581234085e-05
-3.1569734059736e-05
0
0
0
0
0
0
0
0
0
0
0
0
0
0
0
0
0
0
0
0
0
0
0
0
0
0
0
0
0
0
0
0
0
0
0
0
0
0
0
0
0
0
0
0
0
0
0
0
0
0
0
0
0
0
0
0
0
0
0
0
0
0
0
0
0
0
0
0
0
0
0
0
0
0
0
0
0
0
0
0
0
0
0
0
0
0
0
0
0
0
0
0
0
0
0
0
0
0
0
0
0
0
0
0
0
0
0
0
0
0
0.043821260533314
0.00623146869783125
0.0016013290120037
0.000934045784833953
0.00284344318086244
0.000664622469100605
0.00118792388571472
0.00392770285271737
-0.000721094998028582
0.00174709300438233
0.000223155808501135
0.000314932668689537
0.000723713100549878
0.000579807683691445
2.59103432296979e-05
0.000410920240847919
0.000639913975945457
0.000339077222537354
0.000335270933433169
-1.01271879302855e-05
-1.29464912257703e-05
-0.000139637262446641
7.5176857538441e-05
0.000108684363064171
-2.16886788000409e-05
0.000596730541878086
0.000150056823053953
0.000311881747822163
-0.000128999518608894
0.000156468622023553
-0.000102753365192215
0.000748193913940109
0.000563612765982612
0.000417978770145445
-4.8878002102382e-05
-5.62183477378455e-05
4.74422143911561e-05
1.17347739810648e-05
-3.34844074523255e-05
-4.62847471627191e-05
0
0
0
0
0
0
0
0
0
0
0
0
0
0
0
0
0
0
0
0
0
0
0
0
0
0
0
0
0
0
0
0
0
0
0
0
0
0
0
0
0
0
0
0
0
0
0
0
0
0
0
0
0
0
0
0
0
0
0
0
0
0
0
0
0
0
0
0
0
0
0
0
0
0
0
0
0
0
0
0
0
0
0
0
0
0
0
0
0
0
0
0
0
0
0
0
0
0
0
0
0
0
0
0
0
0
0
0
0
0
0.0438803214945712
0.00626815413802017
0.00160740505961236
0.000934111039997845
0.0028468555791298
0.000668902185149081
0.00118306116881683
0.00393726653377737
-0.000723309489673909
0.00174953428120846
0.000220055010524079
0.000318964608784168
0.000738583126666186
0.000590118999315735
2.52291071865374e-05
0.000423754950713351
0.000657671608511749
0.000347155705312203
0.000344513196815651
-8.89277534357104e-06
-1.37509816784081e-05
-0.0001430457055642
7.82551982120592e-05
0.000114581632729127
-2.63302619007021e-05
0.000615538312024248
0.000154705541612035
0.000321391731901521
-0.000132013526636361
0.000166163364849597
-0.000102809098432856
0.000782516781986006
0.000586874537478092
0.000437473489663979
-5.00985090327869e-05
-5.62732697394406e-05
5.60850881950735e-05
1.43831772205857e-05
-3.87914647612515e-05
-6.0707461229599e-05
0
0
0
0
0
0
0
0
0
0
0
0
0
0
0
0
0
0
0
0
0
0
0
0
0
0
0
0
0
0
0
0
0
0
0
0
0
0
0
0
0
0
0
0
0
0
0
0
0
0
0
0
0
0
0
0
0
0
0
0
0
0
0
0
0
0
0
0
0
0
0
0
0
0
0
0
0
0
0
0
0
0
0
0
0
0
0
0
0
0
0
0
0
0
0
0
0
0
0
0
0
0
0
0
0
0
0
0
0
0
0.0439466249333468
0.0063051864762367
0.0016138710789644
0.000934062563987865
0.00285016022360329
0.000673059389886832
0.00118884393408682
0.00394882875744922
-0.000725689916877512
0.00175191535419471
0.000216740310406367
0.000322706640759733
0.000755545114824257
0.000601768437499548
2.59287695490858e-05
0.000436683869663606
0.000675296309610845
0.00035521695593771
0.000353901223156094
-7.61136376741346e-06
-1.45677277478817e-05
-0.00014668720613129
8.1196371634242e-05
0.000120715274478079
-3.12929351669889e-05
0.000634405122180723
0.000159061132755973
0.000329926087432673
-0.000135294664183427
0.000176410889645652
-0.000101438755153615
0.000816810913098529
0.000610525067052529
0.00045820216993473
-5.13526673627176e-05
-5.56862146864118e-05
6.49853080802979e-05
1.73229885800005e-05
-4.38219772898387e-05
-7.51479463840845e-05
0
0
0
0
0
0
0
0
0
0
0
0
0
0
0
0
0
0
0
0
0
0
0
0
0
0
0
0
0
0
0
0
0
0
0
0
0
0
0
0
0
0
0
0
0
0
0
0
0
0
0
0
0
0
0
0
0
0
0
0
0
0
0
0
0
0
0
0
0
0
0
0
0
0
0
0
0
0
0
0
0
0
0
0
0
0
0
0
0
0
0
0
0
0
0
0
0
0
0
0
0
0
0
0
0
0
0
0
0
0
0.0440123684520763
0.00633911835719164
0.00162002888439538
0.000935031647425256
0.00285403737835017
0.000677328065676569
0.00119462888740895
0.00395578354073693
-0.000727218022782031
0.00175520124807049
0.00021348471636728
0.000326342626778237
0.000772636520699628
0.00061259273389546
2.59510674787507e-05
0.000449654617874136
0.000692961227751842
0.000363361076549887
0.000363241630819182
-6.13826704827959e-06
-1.52440612121592e-05
-0.000150408923119376
8.39785923534464e-05
0.000126780991059296
-3.6358198288681e-05
0.000653351079140876
0.000163894788612341
0.00033841421109259
-0.000138503884099334
0.000186695416993772
-0.000100386751908257
0.000850035869777583
0.000634197795759474
0.000479399217884163
-5.25125094598199e-05
-5.50568477119594e-05
7.40653076685116e-05
2.10452421304403e-05
-4.79777747913967e-05
-8.94933029016569e-05
0.000185963529446376
0
0
0
0
0
0
0
0
0
0
0
0
0
0
0
0
0
0
0
0
0
0
0
0
0
0
0
0
0
0
0
0
0
0
0
0
0
0
0
0
0
0
0
0
0
0
0
0
0
0
0
0
0
0
0
0
0
0
0
0
0
0
0
0
0
0
0
0
0
0
0
0
0
0
0
0
0
0
0
0
0
0
0
0
0
0
0
0
0
0
0
0
0
0
0
0
0
0
0
0
0
0
0
0
0
0
0
0
0
0.0440858078940437
0.00637322551748071
0.00162418507325534
0.000935273135856347
0.00285766568411164
0.000681175368488787
0.00120020293361804
0.00396254420488802
-0.000731701944516091
0.00175906923214267
0.000211334853433829
0.000331889213043688
0.000789916544400399
0.000624400289883267
2.59720009841448e-05
0.000462185465291416
0.000710790477354968
0.000371340334315014
0.000372200961941697
-5.00066380977201e-06
-1.62629106542643e-05
-0.000154274348424952
8.64047629788525e-05
0.000132539730093167
-4.16503952707832e-05
0.000672060392718427
0.000168361312929693
0.000347051639664475
-0.000142117305088248
0.000196118321787799
-9.9811838235171e-05
0.000882586854263837
0.000656742231771861
0.00050043920564311
-5.36563249340837e-05
-5.47712469352341e-05
8.30462728281094e-05
2.5111407290515e-05
-5.17123552697398e-05
-0.000103850657797915
0.000216670722985937
0
0
0
0
0
0
0
0
0
0
0
0
0
0
0
0
0
0
0
0
0
0
0
0
0
0
0
0
0
0
0
0
0
0
0
0
0
0
0
0
0
0
0
0
0
0
0
0
0
0
0
0
0
0
0
0
0
0
0
0
0
0
0
0
0
0
0
0
0
0
0
0
0
0
0
0
0
0
0
0
0
0
0
0
0
0
0
0
0
0
0
0
0
0
0
0
0
0
0
0
0
0
0
0
0
0
0
0
0
0.0441540180244844
0.00640451964267445
0.00162854791910796
0.000935282810572093
0.00286149803627514
0.000685245045432765
0.00120620467358602
0.00396969092943332
-0.00073586957617218
0.00176308851937185
0.000209605562599428
0.000336960710837502
0.000803216413813608
0.000636106229852756
2.64070112779257e-05
0.000474903342346706
0.000728628868839528
0.000378851928731233
0.000381191527973928
-3.72863095289463e-06
-1.73007380797917e-05
-0.000157866800412292
8.90620445926859e-05
0.000138422789269723
-4.73194806465973e-05
0.000690738887608153
0.000172853999922094
0.000355809231213909
-0.000145622113183999
0.000205648561876022
-9.79219386873081e-05
0.000915408852750745
0.000679359601199725
0.000521411409570513
-5.47354054921577e-05
-5.44692485737587e-05
9.20431102506713e-05
2.91134258206221e-05
-5.51987751945178e-05
-0.000118533026006162
0.000247348916538346
0
0
0
0
0
0
0
0
0
0
0
0
0
0
0
0
0
0
0
0
0
0
0
0
0
0
0
0
0
0
0
0
0
0
0
0
0
0
0
0
0
0
0
0
0
0
0
0
0
0
0
0
0
0
0
0
0
0
0
0
0
0
0
0
0
0
0
0
0
0
0
0
0
0
0
0
0
0
0
0
0
0
0
0
0
0
0
0
0
0
0
0
0
0
0
0
0
0
0
0
0
0
0
0
0
0
0
0
0
0.0442275162011497
0.00643582647125404
0.00163250463462954
0.000935328123364606
0.00286456878166339
0.000689140936398609
0.00121219384092795
0.00397731512101589
-0.000739982106009527
0.00176695428007439
0.000205947333239347
0.00034171034636628
0.000816546699536352
0.000648298425575826
2.70388485694687e-05
0.000486355990668767
0.000745935754373915
0.000386151921547344
0.000390009302401702
-3.01239540055903e-06
-1.84930891465549e-05
-0.000161743266815323
9.14429007667315e-05
0.000144139797951556
-5.33479576506159e-05
0.000709155368362897
0.000177360412988942
0.000364473129368151
-0.00014949922716843
0.000215210467791861
-9.57937347769239e-05
0.000948543338507148
0.000701865381411166
0.000542037563279833
-5.66277353470189e-05
-5.42833117804594e-05
0.000100980797140414
3.29574415062017e-05
-5.88741894030713e-05
-0.000133741525646631
0.000278096623594691
0
0
0
0
0
0
0
0
0
0
0
0
0
0
0
0
0
0
0
0
0
0
0
0
0
0
0
0
0
0
0
0
0
0
0
0
0
0
0
0
0
0
0
0
0
0
0
0
0
0
0
0
0
0
0
0
0
0
0
0
0
0
0
0
0
0
0
0
0
0
0
0
0
0
0
0
0
0
0
0
0
0
0
0
0
0
0
0
0
0
0
0
0
0
0
0
0
0
0
0
0
0
0
0
0
0
0
0
0
0.0443012484234497
0.00646802040824098
0.00163625208084563
0.000935194612410125
0.00286767598611038
0.000692509486701064
0.00121813933757754
0.00398587851253018
-0.000743712947246047
0.00177085104232862
0.000202287966012925
0.000345439509428347
0.00082977795695483
0.000660556077352222
2.77168535912765e-05
0.000497696354052624
0.00076268130422264
0.000393053966096131
0.000398680635241343
-2.40257430842628e-06
-1.9951219213673e-05
-0.000165722349239459
9.3702274644459e-05
0.0001497785327954
-5.94227295987198e-05
0.000727528683348556
0.000181784705426294
0.000373154460818596
-0.000153377852342443
0.000224743940559211
-9.35769563374023e-05
0.000981712018771316
0.000724598326763811
0.000562806205258904
-5.86760379643543e-05
-5.45768799708982e-05
0.000109859146374194
3.72292961779272e-05
-6.22180822855887e-05
-0.00014901826651631
0.000308705539869138
0
0
0
0
0
0
0
0
0
0
0
0
0
0
0
0
0
0
0
0
0
0
0
0
0
0
0
0
0
0
0
0
0
0
0
0
0
0
0
0
0
0
0
0
0
0
0
0
0
0
0
0
0
0
0
0
0
0
0
0
0
0
0
0
0
0
0
0
0
0
0
0
0
0
0
0
0
0
0
0
0
0
0
0
0
0
0
0
0
0
0
0
0
0
0
0
0
0
0
0
0
0
0
0
0
0
0
0
0
0.0443806791891293
0.00650060419872345
0.00164010025078817
0.000934860924471483
0.00287105510776713
0.000696407376741852
0.00122343076033665
0.0039948888170534
-0.000745907425087276
0.00177485683541767
0.000198340305307954
0.000348755799492334
0.000841430117196435
0.000672938240400094
2.86120884145124e-05
0.000509100566407319
0.000779089890906241
0.000399164284869052
0.000406682123688952
-2.00865725648058e-06
-2.16308262366478e-05
-0.000170706467867491
9.56069657917747e-05
0.000155170574670882
-6.57586458701405e-05
0.000745807941910429
0.000186004196442983
0.0003816541625275
-0.000157412079525414
0.000234236982159283
-8.91772121055082e-05
0.00101530586375478
0.000747059240231902
0.000585459214201632
-6.04493662050673e-05
-5.49055110351989e-05
0.000117952251127759
4.13640520278377e-05
-6.4709887005848e-05
-0.000163689130595911
0.000339161747634157
0
0
0
0
0
0
0
0
0
0
0
0
0
0
0
0
0
0
0
0
0
0
0
0
0
0
0
0
0
0
0
0
0
0
0
0
0
0
0
0
0
0
0
0
0
0
0
0
0
0
0
0
0
0
0
0
0
0
0
0
0
0
0
0
0
0
0
0
0
0
0
0
0
0
0
0
0
0
0
0
0
0
0
0
0
0
0
0
0
0
0
0
0
0
0
0
0
0
0
0
0
0
0
0
0
0
0
0
0
0.0444642523552697
0.00653671354284057
0.00164402476862272
0.000933914762233718
0.00287430907754064
0.000700002056420083
0.00122866282258626
0.00400351395611319
-0.000747954932876426
0.00178024532138165
0.000195166459857593
0.00035225801540555
0.000852672008495365
0.000685696545469853
2.96477210955481e-05
0.000520179605041959
0.000795602022285621
0.000405219525389933
0.000413964049976877
-2.25223701149926e-06
-2.33431442670337e-05
-0.000176326864851709
9.63324866574241e-05
0.000160320454655008
-7.23199698054479e-05
0.000763940153211808
0.000190025097979003
0.000389695120815684
-0.000161829103362812
0.000243720939527787
-8.4559406068463e-05
0.00105137253321172
0.000769761984078397
0.00060730312275159
-6.28467928961921e-05
-5.49830010088778e-05
0.000126435531805016
4.48661963256314e-05
-6.72369208513917e-05
-0.000177775538327804
0.000369925109390302
0.000246800156332749
0
0
0
0
0
0
0
0
0
0
0
0
0
0
0
0
0
0
0
0
0
0
0
0
0
0
0
0
0
0
0
0
0
0
0
0
0
0
0
0
0
0
0
0
0
0
0
0
0
0
0
0
0
0
0
0
0
0
0
0
0
0
0
0
0
0
0
0
0
0
0
0
0
0
0
0
0
0
0
0
0
0
0
0
0
0
0
0
0
0
0
0
0
0
0
0
0
0
0
0
0
0
0
0
0
0
0
0
0.0445481111416896
0.0065734952601222
0.00164642839521255
0.000932141987644236
0.0028778992676291
0.00070339439679706
0.00123350378187998
0.00401127725345901
-0.000751207892843406
0.00178562697037317
0.00018722349979194
0.000354600997456489
0.000864127100430493
0.000698356553377023
3.0654391669885e-05
0.000532369362393821
0.000811883125132417
0.000410298892749809
0.000421130932423407
-2.97149291379498e-06
-2.55190987084163e-05
-0.000182074301923766
9.71939594550478e-05
0.000165069141433865
-7.87946882902519e-05
0.000782016968402813
0.000194564022380598
0.000397801568703199
-0.000166403311640098
0.000252982385509162
-7.95316863948449e-05
0.00108747208521991
0.000792542862886367
0.000628961774205292
-6.54135349162002e-05
-5.55124041673406e-05
0.000135482585283525
4.85934209187473e-05
-7.00961472540018e-05
-0.000191873572876559
0.000398005453085067
0.000265609516350025
1.79258049507731e-05
0
0
0
0
0
0
0
0
0
0
0
0
0
0
0
0
0
0
0
0
0
0
0
0
0
0
0
0
0
0
0
0
0
0
0
0
0
0
0
0
0
0
0
0
0
0
0
0
0
0
0
0
0
0
0
0
0
0
0
0
0
0
0
0
0
0
0
0
0
0
0
0
0
0
0
0
0
0
0
0
0
0
0
0
0
0
0
0
0
0
0
0
0
0
0
0
0
0
0
0
0
0
0
0
0
0
0
0.0446343172673616
0.00660965058475854
0.00165054426272064
0.000930726230633521
0.0028809862103411
0.000706550633634777
0.00123819778780195
0.00401876368485669
-0.000755320526574747
0.00179040334845196
0.000179588569745004
0.000354871114043048
0.000875617799872218
0.000711377288774908
3.17417997523931e-05
0.000543864227850788
0.000828110924273765
0.000415455418731558
0.00042782191258504
-3.74981462460926e-06
-2.79897136434649e-05
-0.000188155081133846
9.79721327059705e-05
0.000170123738026994
-8.54516495695917e-05
0.00080001139682994
0.000198946784276679
0.000405647995484783
-0.000170826065762816
0.000262041831089156
-7.40761129254141e-05
0.00112374432932043
0.000815199241391894
0.000651504737432717
-6.8214341915804e-05
-5.55744621662986e-05
0.000145045176668529
5.23166916713586e-05
-7.2641937756377e-05
-0.000205480414285264
0.000426095884656246
0.000283092774970698
1.83316546825901e-05
0
0
0
0
0
0
0
0
0
0
0
0
0
0
0
0
0
0
0
0
0
0
0
0
0
0
0
0
0
0
0
0
0
0
0
0
0
0
0
0
0
0
0
0
0
0
0
0
0
0
0
0
0
0
0
0
0
0
0
0
0
0
0
0
0
0
0
0
0
0
0
0
0
0
0
0
0
0
0
0
0
0
0
0
0
0
0
0
0
0
0
0
0
0
0
0
0
0
0
0
0
0
0
0
0
0
0
0.0447234413831422
0.00664694224876415
0.00165450166457506
0.000929607498995495
0.00288350443144965
0.000709535867884142
0.00124304934405838
0.00402601552868489
-0.000759888993537859
0.00179473215116149
0.000171817197747775
0.000354704169951116
0.000886476749151834
0.000723988187095859
3.28384801751325e-05
0.000555679868092191
0.000845563886970373
0.000421969063653759
0.000435063664922877
-4.76258136304497e-06
-3.00187623095889e-05
-0.000192941734020203
9.91977430888727e-05
0.000175134067726933
-9.1771936293485e-05
0.000817513547137176
0.000203089126043774
0.000413211837883451
-0.000175108831201851
0.000271300560529666
-6.89403641209194e-05
0.0011597700194593
0.000837910491418301
0.000673979589020523
-7.13153821175357e-05
-5.59071647542641e-05
0.000153781050667605
5.50493037570751e-05
-7.52936700907336e-05
-0.000219377124819778
0.000453721206981178
0.000300521846408357
1.82846062029631e-05
7.23050546682711e-05
0
0
0
0
0
0
0
0
0
0
0
0
0
0
0
0
0
0
0
0
0
0
0
0
0
0
0
0
0
0
0
0
0
0
0
0
0
0
0
0
0
0
0
0
0
0
0
0
0
0
0
0
0
0
0
0
0
0
0
0
0
0
0
0
0
0
0
0
0
0
0
0
0
0
0
0
0
0
0
0
0
0
0
0
0
0
0
0
0
0
0
0
0
0
0
0
0
0
0
0
0
0
0
0
0
0
0.0448216994522223
0.00668624760984639
0.00166030386016726
0.000928058610657595
0.00288698448388728
0.000711697669906043
0.00124771996366516
0.00403618524178828
-0.000764236924515844
0.00179786252560825
0.000163133356036481
0.000353617768508959
0.000897102096456387
0.000737067156093475
3.46144168130199e-05
0.000568442480757918
0.000864264701695386
0.000427378166052097
0.000441925629954894
-4.50403976629684e-06
-3.18472934088235e-05
-0.000197442255074528
9.96675972395283e-05
0.00017947241797969
-9.79647973974275e-05
0.000836992123404788
0.000207205658401531
0.000420960358980857
-0.000179654732194852
0.000280065324029847
-6.28873349956339e-05
0.00119588266594555
0.000860195629688438
0.00069646721990063
-7.43560410789859e-05
-5.67344613738866e-05
0.000162203418158916
5.67258735753977e-05
-7.85518845555453e-05
-0.000232796799257704
0.000481156790915607
0.000316987738181943
1.81929385444498e-05
8.83987958626725e-05
0
0
0
0
0
0
0
0
0
0
0
0
0
0
0
0
0
0
0
0
0
0
0
0
0
0
0
0
0
0
0
0
0
0
0
0
0
0
0
0
0
0
0
0
0
0
0
0
0
0
0
0
0
0
0
0
0
0
0
0
0
0
0
0
0
0
0
0
0
0
0
0
0
0
0
0
0
0
0
0
0
0
0
0
0
0
0
0
0
0
0
0
0
0
0
0
0
0
0
0
0
0
0
0
0
0
0.0449237154631721
0.00672981249384837
0.00166667133695628
0.000928514781351505
0.00289044253190868
0.000715472117741349
0.00125270509797601
0.00404634028862999
-0.000769274306503223
0.00180059601297306
0.00015341721680454
0.000351983023109294
0.000907061054380158
0.000750213527490472
3.7401811532259e-05
0.000582555080470523
0.000883874808395559
0.000433604014915799
0.000447810005415644
-4.67560774295911e-06
-3.30663488518847e-05
-0.000202247820766458
9.9675565262293e-05
0.00018257398315304
-0.000105036350764978
0.000856520861679231
0.000213015532842859
0.000429405593308465
-0.000183384347019995
0.000289211672919534
-5.71547957674813e-05
0.00123271026398597
0.000882479661672654
0.000718949557615571
-7.73750418818886e-05
-5.75630313131084e-05
0.000170844333502022
5.82594026145522e-05
-8.18206835498684e-05
-0.000246645352993022
0.000509156290908126
0.000333410085969674
1.73720025187414e-05
0.000104496067678298
0
0
0
0
0
0
0
0
0
0
0
0
0
0
0
0
0
0
0
0
0
0
0
0
0
0
0
0
0
0
0
0
0
0
0
0
0
0
0
0
0
0
0
0
0
0
0
0
0
0
0
0
0
0
0
0
0
0
0
0
0
0
0
0
0
0
0
0
0
0
0
0
0
0
0
0
0
0
0
0
0
0
0
0
0
0
0
0
0
0
0
0
0
0
0
0
0
0
0
0
0
0
0
0
0
0
0.0450295885057626
0.00677574956344912
0.00167518514926608
0.000929200947725404
0.00289542005126005
0.000719139122289315
0.0012593210318432
0.00405754525377238
-0.000774327681861211
0.00180264218334501
0.000143162702342284
0.000349772810000115
0.000916487173950232
0.00076243008114518
4.00565396631042e-05
0.000596237809711076
0.000904039056606945
0.000440111660968851
0.000454520464170254
-6.808406038783e-06
-3.48573893144488e-05
-0.000206165705766917
9.9265159397043e-05
0.000185784754482334
-0.000111588541000834
0.000876764451251563
0.000218917885884559
0.000439460159932866
-0.000186362743663149
0.000299793211703965
-5.02728179542975e-05
0.00126916300610977
0.000905710524982785
0.000741311720247283
-8.0790834546451e-05
-5.84979560313378e-05
0.000179435964909072
6.04724562161719e-05
-8.52194438383604e-05
-0.000261213029876888
0.000535885187089776
0.000350138562353516
1.6553877958607e-05
0.000119604677420657
0
0
0
0
0
0
0
0
0
0
0
0
0
0
0
0
0
0
0
0
0
0
0
0
0
0
0
0
0
0
0
0
0
0
0
0
0
0
0
0
0
0
0
0
0
0
0
0
0
0
0
0
0
0
0
0
0
0
0
0
0
0
0
0
0
0
0
0
0
0
0
0
0
0
0
0
0
0
0
0
0
0
0
0
0
0
0
0
0
0
0
0
0
0
0
0
0
0
0
0
0
0
0
0
0
0
0.045136930947212
0.00682298866528121
0.00168457178232134
0.000930156480786483
0.00290024780819545
0.000722901260597149
0.00126563728184647
0.00406894011859564
-0.000779424581634554
0.00180460335287286
0.000132244073297348
0.000347212606216684
0.000925420429077666
0.000774198166085145
4.19309446520748e-05
0.00060970240763589
0.000924088121535766
0.000446328276004861
0.000461611443056116
-8.37396835557763e-06
-3.79379646880435e-05
-0.000210506694815979
9.88980032761209e-05
0.000188646588585401
-0.000118195565910613
0.000896668663131085
0.000224535474636319
0.000449416433798642
-0.000189095083311368
0.000311711969158514
-4.23988032349604e-05
0.00130637115298051
0.00092894439530641
0.000763991196686186
-8.38782211489572e-05
-5.96243117143011e-05
0.000187944958593855
6.26169406210344e-05
-8.86595951230413e-05
-0.00027589119379606
0.000562295535720782
0.000366035036188635
1.57572766137521e-05
0.000134459656370964
0
0
0
0
0
0
0
0
0
0
0
0
0
0
0
0
0
0
0
0
0
0
0
0
0
0
0
0
0
0
0
0
0
0
0
0
0
0
0
0
0
0
0
0
0
0
0
0
0
0
0
0
0
0
0
0
0
0
0
0
0
0
0
0
0
0
0
0
0
0
0
0
0
0
0
0
0
0
0
0
0
0
0
0
0
0
0
0
0
0
0
0
0
0
0
0
0
0
0
0
0
0
0
0
0
0
0.0452481987849769
0.00687114221040972
0.00169380014180746
0.000930906368486402
0.00290495937465003
0.000726388733423893
0.00127142982516461
0.00408050721053714
-0.00078450285300567
0.00180624796749969
0.000121213703168648
0.000344247206048199
0.00093409265424418
0.000784935403779912
4.3297758579408e-05
0.000622531974699832
0.000943978247586868
0.000453007585029821
0.000469169677705762
-9.9403534798845e-06
-4.08439639057239e-05
-0.000216692762754964
9.78245701477391e-05
0.00019119872279981
-0.000125102085831784
0.000916313239026523
0.000229841770694654
0.000458968463930717
-0.000192007317392715
0.000323267636804795
-3.4554872152651e-05
0.00134441916890826
0.000952860220494603
0.000787272101379033
-8.62112699566436e-05
-6.09552930609764e-05
0.000196085427545731
6.46974614184981e-05
-9.20692568033418e-05
-0.000290116320836347
0.000588961575837713
0.000381249357776586
1.40197311125573e-05
0.000149030084397207
0
0
0
0
0
0
0
0
0
0
0
0
0
0
0
0
0
0
0
0
0
0
0
0
0
0
0
0
0
0
0
0
0
0
0
0
0
0
0
0
0
0
0
0
0
0
0
0
0
0
0
0
0
0
0
0
0
0
0
0
0
0
0
0
0
0
0
0
0
0
0
0
0
0
0
0
0
0
0
0
0
0
0
0
0
0
0
0
0
0
0
0
0
0
0
0
0
0
0
0
0
0
0
0
0
0
0.0453624898742735
0.00691997350933482
0.00170311737480083
0.000931374433878982
0.00290941661305834
0.000728987892482249
0.00127704201475399
0.00409164714735233
-0.000790075992513476
0.00180850439479839
0.000109642819254736
0.000341010501576473
0.00094245521223834
0.000795214597345063
4.37053099834012e-05
0.000635600468049991
0.000964818832981884
0.000459846044161116
0.000476412177387159
-1.05161130917536e-05
-4.37893174253779e-05
-0.000223067904605883
9.84697939031312e-05
0.000194182315992132
-0.000132563471507909
0.000935657432836194
0.000235341591240566
0.000469063519828137
-0.000194637577448264
0.000335046221741625
-2.67203376957672e-05
0.00138296370500909
0.000977772653697198
0.000811401751858007
-8.78205302395365e-05
-6.20513983948639e-05
0.000204078636784714
6.64670597176133e-05
-9.55115808320753e-05
-0.000304214759212452
0.000616501288838361
0.000396742370675174
1.18351624625001e-05
0.000162480903260379
0
0
0
0
0
0
0
0
0
0
0
0
0
0
0
0
0
0
0
0
0
0
0
0
0
0
0
0
0
0
0
0
0
0
0
0
0
0
0
0
0
0
0
0
0
0
0
0
0
0
0
0
0
0
0
0
0
0
0
0
0
0
0
0
0
0
0
0
0
0
0
0
0
0
0
0
0
0
0
0
0
0
0
0
0
0
0
0
0
0
0
0
0
0
0
0
0
0
0
0
0
0
0
0
0
0
0.0454810142975958
0.00697021419160402
0.00171197559061603
0.000931770868102457
0.00291453962305533
0.000731761681109694
0.00128191354867732
0.0041032193094762
-0.000795922848038166
0.00181016596087377
9.77888329268322e-05
0.000337075247216333
0.000950561998842894
0.000805104360646216
4.36207800818737e-05
0.000648628240079688
0.000985762851966255
0.000466521238205689
0.000483807891622557
-1.16813578423898e-05
-4.71639893494074e-05
-0.000229830612325452
9.93826144210893e-05
0.000196328180679843
-0.000139660263226101
0.000955290308464212
0.000240405564428935
0.000479856699764889
-0.000195447773166214
0.000347452433575839
-1.84316880014867e-05
0.00142387765955126
0.00100441563614651
0.00083547251428242
-8.94260356968153e-05
-6.31558777123322e-05
0.000213371164612798
6.85636639374505e-05
-9.91873300033195e-05
-0.000318419983386824
0.000643960543475446
0.000411955739626076
9.75316326631766e-06
0.000175738745396733
0
0
0
0
0
0
0
0
0
0
0
0
0
0
0
0
0
0
0
0
0
0
0
0
0
0
0
0
0
0
0
0
0
0
0
0
0
0
0
0
0
0
0
0
0
0
0
0
0
0
0
0
0
0
0
0
0
0
0
0
0
0
0
0
0
0
0
0
0
0
0
0
0
0
0
0
0
0
0
0
0
0
0
0
0
0
0
0
0
0
0
0
0
0
0
0
0
0
0
0
0
0
0
0
0
0
0.045601648633954
0.00702183050651984
0.0017213861792247
0.000931461686202153
0.00291938296704599
0.000734571326680936
0.0012865759479661
0.00411483175542367
-0.000801702711420514
0.00181197261897749
8.52088624538868e-05
0.00033407036785142
0.000958079549396173
0.000814725797068034
4.30479304997825e-05
0.000661354347850063
0.00100710769850372
0.000472773005972428
0.000490594804882647
-1.26477505654607e-05
-5.12932085562703e-05
-0.000237004968831661
0.000100064341722494
0.000198291670553175
-0.000146032842909736
0.00097490752660772
0.000245140402838289
0.000490377807739057
-0.000195840952161924
0.000360315150446942
-1.02414379752459e-05
0.00146502748533065
0.00103117708737711
0.000859809553394222
-9.1342712316371e-05
-6.44810663204575e-05
0.000222271483416878
7.0689425078175e-05
-0.000102558925354053
-0.000332746245786663
0.000671429634386909
0.00042736929317292
7.65204942359286e-06
0.000188867794635199
0
0
0
0
0
0
0
0
0
0
0
0
0
0
0
0
0
0
0
0
0
0
0
0
0
0
0
0
0
0
0
0
0
0
0
0
0
0
0
0
0
0
0
0
0
0
0
0
0
0
0
0
0
0
0
0
0
0
0
0
0
0
0
0
0
0
0
0
0
0
0
0
0
0
0
0
0
0
0
0
0
0
0
0
0
0
0
0
0
0
0
0
0
0
0
0
0
0
0
0
0
0
0
0
0
0
0.045727523628118
0.00707626982647107
0.00173196459020598
0.000931613438956194
0.00292448408265626
0.000737094927223617
0.00129139965326865
0.00412637692635045
-0.00080756384544943
0.00181468146757094
7.3198506746743e-05
0.000330316306621663
0.000966081331052383
0.000823510508216238
4.22902305988982e-05
0.000673114628975584
0.00102812885015748
0.00048105527975197
0.000497122675732153
-1.43044265306068e-05
-5.61282845298563e-05
-0.000244755618634186
0.000100340561737633
0.000199667164381564
-0.000152512598694276
0.000994136636639578
0.000249741679596546
0.000501021224966194
-0.000196441945054756
0.000373674989826515
-1.11629538524761e-06
0.00150624385648039
0.0010579384284847
0.000884205179168106
-9.25876737682428e-05
-6.63306654388113e-05
0.000230778829655206
7.21873831865359e-05
-0.000106006608672894
-0.000347541780296918
0.00069862903733766
0.000442877586713274
5.57725656414306e-06
0.000201828210108453
0
0
0
0
0
0
0
0
0
0
0
0
0
0
0
0
0
0
0
0
0
0
0
0
0
0
0
0
0
0
0
0
0
0
0
0
0
0
0
0
0
0
0
0
0
0
0
0
0
0
0
0
0
0
0
0
0
0
0
0
0
0
0
0
0
0
0
0
0
0
0
0
0
0
0
0
0
0
0
0
0
0
0
0
0
0
0
0
0
0
0
0
0
0
0
0
0
0
0
0
0
0
0
0
0
0
0.0458558740869444
0.00713240139521044
0.00174397753316408
0.000931824151628533
0.00292971910054397
0.00073912718245608
0.00129600077661242
0.00413763482011919
-0.000813882623567441
0.00181729878162276
6.09426401733312e-05
0.000326746823410184
0.000973737432608081
0.000832628171670203
4.12425818943728e-05
0.000684757536817179
0.00104891276530492
0.000488982894294181
0.000503431636654032
-1.56244755143008e-05
-6.01636917083256e-05
-0.000252876378700764
0.000100302028477339
0.000200705603723101
-0.000159268324923922
0.00101314629200271
0.000257111396215558
0.000511905665918942
-0.00019741577985632
0.0003868029366783
8.00364717745918e-06
0.00154743165834723
0.00108495108276307
0.000909001484342795
-9.38593086979171e-05
-6.6994370058402e-05
0.00023910400751612
7.35775487368186e-05
-0.000109642989362668
-0.000362503660609252
0.000725596955128229
0.000458340925767565
3.52115994210807e-06
0.000215056295503251
0
0
0
0
0
0
0
0
0
0
0
0
0
0
0
0
0
0
0
0
0
0
0
0
0
0
0
0
0
0
0
0
0
0
0
0
0
0
0
0
0
0
0
0
0
0
0
0
0
0
0
0
0
0
0
0
0
0
0
0
0
0
0
0
0
0
0
0
0
0
0
0
0
0
0
0
0
0
0
0
0
0
0
0
0
0
0
0
0
0
0
0
0
0
0
0
0
0
0
0
0
0
0
0
0
0
0.0459860346200998
0.00718909793833383
0.0017561823451111
0.000932346947199185
0.00293530778928999
0.000741233808804823
0.00130161279937591
0.00414875186097283
-0.000820025240990346
0.00181998339121342
4.97210299014726e-05
0.000323132963375263
0.0009814374636727
0.000841289383384827
4.01025046871201e-05
0.000696052003331324
0.00106962166695646
0.000496933800511848
0.000509431410231488
-1.77200192391912e-05
-6.45604947829352e-05
-0.000260778429518562
9.9964420190762e-05
0.000201750487325459
-0.00016577461443143
0.00103217144381572
0.000264763037010954
0.000522924993766282
-0.000198652940107133
0.000400059304161292
1.68637381047889e-05
0.00158857858649967
0.00111168620621456
0.000933542353862396
-9.49864510044219e-05
-6.71265803252396e-05
0.000247645020655867
7.47131508965457e-05
-0.000113482403845423
-0.000377037647588447
0.000752863011324191
0.000473829305648129
1.24149880531168e-06
0.000228250668541414
0
0
0
0
0
0
0
0
0
0
0
0
0
0
0
0
0
0
0
0
0
0
0
0
0
0
0
0
0
0
0
0
0
0
0
0
0
0
0
0
0
0
0
0
0
0
0
0
0
0
0
0
0
0
0
0
0
0
0
0
0
0
0
0
0
0
0
0
0
0
0
0
0
0
0
0
0
0
0
0
0
0
0
0
0
0
0
0
0
0
0
0
0
0
0
0
0
0
0
0
0
0
0
0
0
0
0.0461216150771979
0.00724706376899799
0.0017682101789111
0.000932803273681459
0.00294073620091484
0.00074319725378943
0.00130710815764452
0.00416135797875354
-0.000826356988766493
0.00182344554661178
3.86068195755311e-05
0.000321101038115996
0.000989429391951568
0.000850114985192658
3.91162077350662e-05
0.000707088827715889
0.00109179131792801
0.000504991086445218
0.000515815741481509
-2.01644468389144e-05
-7.00318588496289e-05
-0.000269530008001347
9.89734595488187e-05
0.000202236431325156
-0.000172956069419385
0.00105071597046733
0.000272662483326482
0.000534501195210587
-0.000201433853957666
0.000412743629335237
2.624442847251e-05
0.00162940081989025
0.00113855585989248
0.000958512486323526
-9.62779424890335e-05
-6.72771915114012e-05
0.000256827153333896
7.5981506641842e-05
-0.000117431572103206
-0.000391676390999401
0.00077981063122274
0.000489544100239346
-1.06395995489848e-06
0.000241029583900303
0
0
0
0
0
0
0
0
0
0
0
0
0
0
0
0
0
0
0
0
0
0
0
0
0
0
0
0
0
0
0
0
0
0
0
0
0
0
0
0
0
0
0
0
0
0
0
0
0
0
0
0
0
0
0
0
0
0
0
0
0
0
0
0
0
0
0
0
0
0
0
0
0
0
0
0
0
0
0
0
0
0
0
0
0
0
0
0
0
0
0
0
0
0
0
0
0
0
0
0
0
0
0
0
0
0
0.0462758032225213
0.00730609145408041
0.00178008038414968
0.00093309929900562
0.00294561221022413
0.000744166774033006
0.00131122893874378
0.00417463169661784
-0.00083299027345897
0.00182682997369902
2.76651607939092e-05
0.000318302340257755
0.000995628725767572
0.000857665343486462
3.69382273056696e-05
0.000721716929369512
0.00111528621879142
0.000516828971011131
0.000523389239617513
-2.32179674715382e-05
-7.53523667677427e-05
-0.000278544090629598
9.86705357882151e-05
0.000202653848572223
-0.000180038823401668
0.00107584954851132
0.000281638749804342
0.000545748443172346
-0.000204976765402384
0.000422780290274684
3.45363576802639e-05
0.00167102742804219
0.00116725527285521
0.000983219787928959
-9.83113486744434e-05
-6.83702584234931e-05
0.000265640857295858
7.59294607741989e-05
-0.000120336919544333
-0.000401015463181373
0.000811305160759866
0.000505728181271206
-4.02098268472945e-06
0.000253645573709338
0
0
0
0
0
0
0
0
0
0
0
0
0
0
0
0
0
0
0
0
0
0
0
0
0
0
0
0
0
0
0
0
0
0
0
0
0
0
0
0
0
0
0
0
0
0
0
0
0
0
0
0
0
0
0
0
0
0
0
0
0
0
0
0
0
0
0
0
0
0
0
0
0
0
0
0
0
0
0
0
0
0
0
0
0
0
0
0
0
0
0
0
0
0
0
0
0
0
0
0
0
0
0
0
0
0
0.0464339615429401
0.00735929237351246
0.0017936515684442
0.000933716749596959
0.00294989120288286
0.000744031736939645
0.00131510614942323
0.00418764895561167
-0.000840071817159984
0.00182844211471798
1.68951133626099e-05
0.000315863890489198
0.00100161826852638
0.000864476043040911
3.41804111615865e-05
0.00073594783659473
0.00113787158890749
0.000527286135130469
0.000528122780647189
-2.72089737498017e-05
-8.08778268282627e-05
-0.000287603087773673
9.73346594557965e-05
0.00020142848871174
-0.000188196543626817
0.0011006654739695
0.000284946295840685
0.000554981925085088
-0.000208371235706533
0.000432361811034585
4.14881429969758e-05
0.00171197592172478
0.00119499718473749
0.00100713449403571
-0.000100402977494636
-6.989438216453e-05
0.000273986423908681
7.57599400528761e-05
-0.000123780564043215
-0.000409687399098237
0.000844437199837077
0.000523266685681326
-6.69802543697855e-06
0.000265783803940796
0
0
0
0
0
0
0
0
0
0
0
0
0
0
0
0
0
0
0
0
0
0
0
0
0
0
0
0
0
0
0
0
0
0
0
0
0
0
0
0
0
0
0
0
0
0
0
0
0
0
0
0
0
0
0
0
0
0
0
0
0
0
0
0
0
0
0
0
0
0
0
0
0
0
0
0
0
0
0
0
0
0
0
0
0
0
0
0
0
0
0
0
0
0
0
0
0
0
0
0
0
0
0
0
0
0
0.0465970949877025
0.00741628461080164
0.00180687687567199
0.000935438918412198
0.0029538154397769
0.000743789711617818
0.00131812653204634
0.00420025778629926
-0.000847975251959533
0.0018292542887205
3.67361485370376e-06
0.000313962026306837
0.00100692261010391
0.000870778042449704
2.99372812207038e-05
0.000749123939860905
0.00115951488723933
0.000538877434780638
0.000532719489188558
-3.07654951901575e-05
-8.63586067903133e-05
-0.000296754315099451
9.58884554117463e-05
0.000199700753073812
-0.000196737366287122
0.00112491234121784
0.000287676009500143
0.000563476329344812
-0.000212647005260159
0.000441900945943935
4.77863666139077e-05
0.00175230260842125
0.00122215798303725
0.00102993807849715
-0.000102738278937664
-7.16359768848771e-05
0.000281380296772612
7.48468953624789e-05
-0.000127309811444104
-0.000419403650386535
0.000877982035453051
0.000540712508142392
-9.49142393945958e-06
0.000277524428023666
0
0
0
0
0
0
0
0
0
0
0
0
0
0
0
0
0
0
0
0
0
0
0
0
0
0
0
0
0
0
0
0
0
0
0
0
0
0
0
0
0
0
0
0
0
0
0
0
0
0
0
0
0
0
0
0
0
0
0
0
0
0
0
0
0
0
0
0
0
0
0
0
0
0
0
0
0
0
0
0
0
0
0
0
0
0
0
0
0
0
0
0
0
0
0
0
0
0
0
0
0
0
0
0
0
0
0.0467691874794563
0.00747546079530456
0.00182065346385398
0.000935040431728488
0.00295770303468837
0.000743233552345849
0.00132120207268018
0.00421242068645925
-0.000855533473545303
0.00183057275954973
-9.90938439034842e-06
0.000310514473183344
0.00101398077926192
0.00087908424079668
2.51947358993029e-05
0.000762683186633311
0.00118169544439735
0.000549467630590349
0.000536487341801029
-3.48928656306612e-05
-9.20854586020224e-05
-0.000306027115116443
9.53424489296496e-05
0.000197343382291252
-0.000205696859338771
0.00114862801968502
0.000289681367559013
0.000571841868033679
-0.000217358378713915
0.000450833899182387
5.39534488655947e-05
0.00179238522836892
0.00125015323557533
0.00105320518922604
-0.00010504494283577
-7.38685305017626e-05
0.000289850434004129
7.62152529846148e-05
-0.000129473094593339
-0.000429026302109944
0.000910541874715889
0.000557304987825931
-1.28812058746401e-05
0.000288776912183167
0
0
0
0
0
0
0
0
0
0
0
0
0
0
0
0
0
0
0
0
0
0
0
0
0
0
0
0
0
0
0
0
0
0
0
0
0
0
0
0
0
0
0
0
0
0
0
0
0
0
0
0
0
0
0
0
0
0
0
0
0
0
0
0
0
0
0
0
0
0
0
0
0
0
0
0
0
0
0
0
0
0
0
0
0
0
0
0
0
0
0
0
0
0
0
0
0
0
0
0
0
0
0
0
0
0
0.0469461199864569
0.00753806672261671
0.00183432513610731
0.000934239174259488
0.00296034048906146
0.000744696779876045
0.00132446675719571
0.00422559562479516
-0.000862280399987295
0.00183220812049218
-2.08357447657289e-05
0.000307574323530243
0.00102184414828981
0.000888142351847547
2.20906183640639e-05
0.000776682103377476
0.00120495609475684
0.00056147519067275
0.000540140528811443
-3.97979637712294e-05
-9.88953320976396e-05
-0.000315794132250056
9.46681789414112e-05
0.000194717165829784
-0.000215196011259477
0.00117185842161688
0.000291120746788882
0.000579953824671055
-0.000222786730772418
0.000459070110505896
5.88330387636368e-05
0.00183238692268922
0.00127907884933941
0.00107687009531904
-0.000106707214959901
-7.50961375150381e-05
0.00029786773132561
7.85474865903028e-05
-0.00012884813800406
-0.000437524616939667
0.000943501792932252
0.000575864951564279
-1.40481084589344e-05
0.000299778970939402
0
0
0
0
0
0
0
0
0
0
0
0
0
0
0
0
0
0
0
0
0
0
0
0
0
0
0
0
0
0
0
0
0
0
0
0
0
0
0
0
0
0
0
0
0
0
0
0
0
0
0
0
0
0
0
0
0
0
0
0
0
0
0
0
0
0
0
0
0
0
0
0
0
0
0
0
0
0
0
0
0
0
0
0
0
0
0
0
0
0
0
0
0
0
0
0
0
0
0
0
0
0
0
0
0
0
0.0471248426013522
0.00760260078998086
0.0018484102333394
0.000934347606075116
0.00296333963161083
0.00074511286991442
0.00132972923232226
0.00423947350749606
-0.00086867612518121
0.001833809295997
-3.19458989682663e-05
0.000305943280867643
0.00102984611610416
0.000897126754649485
1.88912182689991e-05
0.000791097087824599
0.00122813229265755
0.000573334720529591
0.00054396061591365
-4.48806556125561e-05
-0.000105865185067417
-0.000326390327050517
9.44634704649771e-05
0.000192175768530205
-0.000224435761960826
0.00119469049877789
0.000291964128979694
0.000588077132100895
-0.000227602936576613
0.000466766529540882
6.31787122300073e-05
0.0018723371628108
0.0013078650044154
0.00110081479406904
-0.000108371812756243
-7.63335488444297e-05
0.000306095988171878
8.04889236788673e-05
-0.000127940933863876
-0.000445042757365734
0.000977067285851867
0.000594704853168138
-1.40558181314545e-05
0.000311535841655158
0
0
0
0
0
0
0
0
0
0
0
0
0
0
0
0
0
0
0
0
0
0
0
0
0
0
0
0
0
0
0
0
0
0
0
0
0
0
0
0
0
0
0
0
0
0
0
0
0
0
0
0
0
0
0
0
0
0
0
0
0
0
0
0
0
0
0
0
0
0
0
0
0
0
0
0
0
0
0
0
0
0
0
0
0
0
0
0
0
0
0
0
0
0
0
0
0
0
0
0
0
0
0
0
0
0
0.0473085012835589
0.00766885320739324
0.00186530424548615
0.000935682844847492
0.00296897823494452
0.000747077539522747
0.00133451688756456
0.00425570103721421
-0.000875112721874648
0.00183624443165481
-4.18804538826994e-05
0.000304590272840653
0.00103932213476429
0.000905859888778093
1.54236646460393e-05
0.000805576602527291
0.00125208120447217
0.000585411033236151
0.000547801172538053
-4.93431525329487e-05
-0.000113050656331251
-0.000335693464645653
9.38747633458817e-05
0.000189938003644722
-0.000233497603821788
0.00121775594453916
0.000292839215022872
0.000596878237861062
-0.00023230047988347
0.000473842800842546
6.6769528259147e-05
0.001911623857038
0.00133595754236984
0.00112438255854627
-0.000109966053394036
-7.92536079021623e-05
0.000314375207921947
8.31871795162084e-05
-0.0001270928594655
-0.000451841194977616
0.0010131607475293
0.000614447468071105
-1.40770904148051e-05
0.000323930595117992
0
0
0
0
0
0
0
0
0
0
0
0
0
0
0
0
0
0
0
0
0
0
0
0
0
0
0
0
0
0
0
0
0
0
0
0
0
0
0
0
0
0
0
0
0
0
0
0
0
0
0
0
0
0
0
0
0
0
0
0
0
0
0
0
0
0
0
0
0
0
0
0
0
0
0
0
0
0
0
0
0
0
0
0
0
0
0
0
0
0
0
0
0
0
0
0
0
0
0
0
0
0
0
0
0
0
0.047493683940921
0.00773632247482699
0.00188285208871425
0.000939527959325942
0.00297725833533444
0.000749460970914801
0.00133919895146272
0.00427241103027094
-0.000881800701276834
0.00183833151362203
-5.16507607433813e-05
0.00030375039186841
0.00104906058235605
0.00091692949114236
1.23913453500955e-05
0.000819325669621094
0.0012767571461014
0.000598425386068378
0.000551692208141153
-5.45698680632673e-05
-0.00011994315608013
-0.000345359196688513
9.28542368607687e-05
0.000187192334703102
-0.000242531551186433
0.00124082721044602
0.000293476695337658
0.000605459707949289
-0.000236951353266717
0.000480786620241865
7.00771722884274e-05
0.00195063331611056
0.00136435424694884
0.0011476130417984
-0.00011175701397782
-8.20480266018843e-05
0.000321483084492611
8.5693639816477e-05
-0.000126015683116106
-0.000458458348189854
0.00104997282974086
0.000636051813264398
-1.33939271948701e-05
0.000336512375161501
0.000225508508433081
3.0748900257856e-06
1.82271759174444e-06
1.65281297218352e-05
-1.17204115687344e-05
0
0
0
0
0
0
0
0
0
0
0
0
0
0
0
0
0
0
0
0
0
0
0
0
0
0
0
0
0
0
0
0
0
0
0
0
0
0
0
0
0
0
0
0
0
0
0
0
0
0
0
0
0
0
0
0
0
0
0
0
0
0
0
0
0
0
0
0
0
0
0
0
0
0
0
0
0
0
0
0
0
0
0
0
0
0
0
0
0
0
0
0
0
0
0
0
0
0
0
0
0
0.0476820992973204
0.00780586431948425
0.00190289323116677
0.000944336288142955
0.00298759669882097
0.000751972979561406
0.00134571857498874
0.00429019130924734
-0.000889198012449428
0.0018404128619163
-6.1829839136208e-05
0.000303428707216094
0.00105928277660914
0.00092820026820866
1.22253857470645e-05
0.000833585597079481
0.00130056517167433
0.00061182719905392
0.000556019495456554
-5.97039208301086e-05
-0.00012785975388497
-0.000355510730628356
9.14665696514243e-05
0.000184814301746426
-0.000252146553286135
0.00126329241382898
0.000294041356798546
0.00061377716821432
-0.000241976772587034
0.00048760800933161
7.34849738992781e-05
0.00198952321889314
0.00139246713111275
0.00117021848785025
-0.000114326797891731
-8.51714937081402e-05
0.000328820783953722
8.70168367479991e-05
-0.000125381647747841
-0.000465333228858736
0.00108691499770727
0.000657879020362503
-1.23089343546636e-05
0.000349128263307922
0.000234503671802993
4.24181044571805e-06
7.55860777434795e-07
3.07170378854781e-05
-2.09008409986452e-05
-1.68892745482741e-05
0
0
0
0
0
0
0
0
0
0
0
0
0
0
0
0
0
0
0
0
0
0
0
0
0
0
0
0
0
0
0
0
0
0
0
0
0
0
0
0
0
0
0
0
0
0
0
0
0
0
0
0
0
0
0
0
0
0
0
0
0
0
0
0
0
0
0
0
0
0
0
0
0
0
0
0
0
0
0
0
0
0
0
0
0
0
0
0
0
0
0
0
0
0
0
0
0
0
0
0
0.0478745285563309
0.00787722302951867
0.00192511339034672
0.000952550611824341
0.00299934527722764
0.000757513603634682
0.00135324905734697
0.00430820745698616
-0.00089668520989081
0.00184197960296988
-7.24319650862216e-05
0.000302364804586436
0.0010704787029555
0.000940879255482535
1.2676821362641e-05
0.000850596006870112
0.00132440728977659
0.000623780336167822
0.000560240447508014
-6.47729637365233e-05
-0.000136227557038388
-0.00036708346052054
9.04661186397546e-05
0.000182264254069695
-0.000261147466789667
0.00128504860534342
0.000294528410677074
0.000622127815039957
-0.000246813928291026
0.000494046256000655
7.73448673880095e-05
0.00202923248511719
0.00142046085998306
0.00119246303415471
-0.00011739005405849
-8.90791125382238e-05
0.000335735650708062
8.82626410081929e-05
-0.000126567778492705
-0.000471613326466959
0.00112460102747905
0.000679923711508446
-1.04247414966446e-05
0.000364241674674239
0.000244350460391039
5.49221893398752e-06
1.0850610219626e-06
4.64615193113941e-05
-3.05429105734838e-05
-2.58112811115866e-05
-1.79970593460658e-05
-1.10510396286841e-05
3.51826246515964e-06
-6.91096885558304e-06
3.85996584215237e-05
0
0
0
0
0
0
0
0
0
0
0
0
0
0
0
0
0
0
0
0
0
0
0
0
0
0
0
0
0
0
0
0
0
0
0
0
0
0
0
0
0
0
0
0
0
0
0
0
0
0
0
0
0
0
0
0
0
0
0
0
0
0
0
0
0
0
0
0
0
0
0
0
0
0
0
0
0
0
0
0
0
0
0
0
0
0
0
0
0
0
0
0
0
0
0
0.0479340011191937
0.00792494644426751
0.00195249217713084
0.000966360795327386
0.00301062344952754
0.000762484987101978
0.00136921409238212
0.00433651611217052
-0.00089469291535687
0.00185009779717323
-7.01347238771245e-05
0.00030705170247376
0.0010841184701284
0.000957609261271683
2.02953692566344e-05
0.00087164375750272
0.00134089831642128
0.000639155104960792
0.000569646720371469
-6.66850651669931e-05
-0.000138325996286491
-0.000377037181160397
9.5758477149822e-05
0.000185531599774963
-0.000268108119123163
0.0012908142979664
0.000294714790833462
0.000613445128045086
-0.000250553895261021
0.000491247512658676
8.3647509478611e-05
0.00204853120763914
0.00141215705780738
0.00121498198867583
-0.000117133170863926
-8.77311448887105e-05
0.000348054761501527
9.18800846540295e-05
-0.000125343917305667
-0.000469427936172129
0.00112467458443642
0.000676770192556698
3.65207350187507e-07
0.000382949234127952
0.000260359100739498
1.08998603428893e-05
2.90629753704145e-06
4.09652381332658e-05
-3.49375244602787e-05
-3.48943202892883e-05
-2.0056817878893e-05
-1.85029179177871e-05
1.44386658232551e-06
-1.04923735889428e-05
7.793299433539e-05
0
0
0
0
0
0
0
0
0
0
0
0
0
0
0
0
0
0
0
0
0
0
0
0
0
0
0
0
0
0
0
0
0
0
0
0
0
0
0
0
0
0
0
0
0
0
0
0
0
0
0
0
0
0
0
0
0
0
0
0
0
0
0
0
0
0
0
0
0
0
0
0
0
0
0
0
0
0
0
0
0
0
0
0
0
0
0
0
0
0
0
0
0
0
0
0.0479983632345054
0.0079578376578543
0.00197803495579163
0.000981411809480169
0.00302329891422376
0.00076938723071875
0.0013855090524891
0.00436762164001148
-0.000890840423272725
0.00185926410832456
-6.75420453987046e-05
0.000315505891503714
0.00109794160509433
0.000974117574634568
2.82923512808153e-05
0.000894660116647658
0.00135890073877162
0.000654987678334174
0.000580072140980711
-6.85905757477906e-05
-0.00014032588115643
-0.000386595471130156
0.000100640771686869
0.000188559981249001
-0.000274297055099846
0.00129622614181002
0.000292611607488033
0.00060489437535234
-0.000256648490874423
0.000488645367041125
8.8030200163944e-05
0.00206775507416413
0.00140126613148684
0.00123330597079927
-0.000116104007255636
-8.52224341472105e-05
0.000361271944672522
9.54423494782483e-05
-0.000124328275495875
-0.000467309926903934
0.00112431423524527
0.000668443104930553
8.0040135948029e-06
0.00040773134296085
0.000278010078858279
1.89852995443741e-05
5.69226807046373e-06
3.55231037841599e-05
-4.06183462862692e-05
-4.23973537288836e-05
-2.20950732378654e-05
-2.37404473708538e-05
-8.09349103997534e-07
-1.50409691153728e-05
0.000118317126414353
0
0
0
0
0
0
0
0
0
0
0
0
0
0
0
0
0
0
0
0
0
0
0
0
0
0
0
0
0
0
0
0
0
0
0
0
0
0
0
0
0
0
0
0
0
0
0
0
0
0
0
0
0
0
0
0
0
0
0
0
0
0
0
0
0
0
0
0
0
0
0
0
0
0
0
0
0
0
0
0
0
0
0
0
0
0
0
0
0
0
0
0
0
0
0
0.0480670464530362
0.00799321963448784
0.00200162080284677
0.000996314794269793
0.0030362568781295
0.000776692586153308
0.00140275944365716
0.00439845576432366
-0.000887053981774654
0.00186907194344033
-6.43570630773102e-05
0.000324280356691956
0.00111169475883854
0.000990344380805499
3.62153462105055e-05
0.000917808137487638
0.00137869020839705
0.000672879322509297
0.000591007677508909
-6.91946271344455e-05
-0.000142606554139052
-0.000396581261798437
0.000105622505218134
0.000190709478630848
-0.000280730438570526
0.00130131683700046
0.000290235670537463
0.000596245083847609
-0.000261011172597115
0.000485272854812974
9.23710564271914e-05
0.00208645463798082
0.00139035085027165
0.00125070025258078
-0.00011618395470473
-8.32137059847763e-05
0.000374149100002364
9.83938991773428e-05
-0.000123674513885943
-0.000465476907364841
0.00112371202375549
0.00065981207612483
1.44108075689663e-05
0.000431523921778564
0.000296054349178266
2.79618951479606e-05
9.33024473644712e-06
3.00533644541184e-05
-4.62652216462934e-05
-5.08409821823118e-05
-2.48673722950136e-05
-2.95101627766775e-05
-3.17237276057885e-06
-1.99343214210995e-05
0.000158293869006036
0
0
0
0
0
0
0
0
0
0
0
0
0
0
0
0
0
0
0
0
0
0
0
0
0
0
0
0
0
0
0
0
0
0
0
0
0
0
0
0
0
0
0
0
0
0
0
0
0
0
0
0
0
0
0
0
0
0
0
0
0
0
0
0
0
0
0
0
0
0
0
0
0
0
0
0
0
0
0
0
0
0
0
0
0
0
0
0
0
0
0
0
0
0
0
0.0481391914913987
0.0080314114259179
0.00202597322543705
0.00100924950748977
0.00304950430345069
0.000785066331598503
0.00142065444289261
0.00443117695860731
-0.000883512019359449
0.00187909621271363
-6.03337976385067e-05
0.000334146947641431
0.00112603409424175
0.00100589079183255
4.43170767238254e-05
0.000941034672024703
0.00139951750048001
0.000692203097572024
0.000603814286319246
-6.92260407174095e-05
-0.000144785687294951
-0.000407220092871797
0.000110547605808372
0.000192912782025395
-0.000287525737114344
0.00130710093432023
0.000287854045555712
0.000587268704168691
-0.000265283022974666
0.000482983682236687
9.57691994532142e-05
0.00210506486718463
0.00137894372704356
0.00126842458813467
-0.000116526563540161
-8.17884196206845e-05
0.000386332555102887
0.000100697902758034
-0.00012386659855949
-0.000464532063083275
0.00112305707184629
0.000651150990987279
2.23189678578348e-05
0.000454876434986781
0.0003133528095836
3.66178815636335e-05
1.34572508382459e-05
2.53904871632179e-05
-5.19232707286052e-05
-5.90280852018107e-05
-2.82444501431539e-05
-3.49957906547884e-05
-5.88027289187587e-06
-2.50638043279933e-05
0.000197969988571847
0
0
0
0
0
0
0
0
0
0
0
0
0
0
0
0
0
0
0
0
0
0
0
0
0
0
0
0
0
0
0
0
0
0
0
0
0
0
0
0
0
0
0
0
0
0
0
0
0
0
0
0
0
0
0
0
0
0
0
0
0
0
0
0
0
0
0
0
0
0
0
0
0
0
0
0
0
0
0
0
0
0
0
0
0
0
0
0
0
0
0
0
0
0
0
0.0482120992615858
0.0080711019118255
0.00205092697596837
0.00102220100343924
0.00306170776580895
0.000793492474814317
0.00143945465115829
0.00446436377173537
-0.000878748233439233
0.00188910143542205
-5.62106430597661e-05
0.000344506673679247
0.00114146751320596
0.00102226861021756
5.22732918633875e-05
0.000964873934474479
0.00142045612493076
0.000711930296140741
0.000616918855340362
-6.87988228149867e-05
-0.000146698501335958
-0.000418044469474518
0.000114735624303647
0.000195128310124369
-0.000294220238722655
0.00131308360685448
0.000285510156575154
0.000578158008842644
-0.000269506490652612
0.000481003508893575
9.94864486824373e-05
0.00212336539920568
0.00136751398698983
0.0012858692276649
-0.000117050699704234
-8.06630627093243e-05
0.000398269089128452
0.000102679086457216
-0.000124137380665098
-0.000463639973655057
0.00112251896665541
0.000642614527052126
3.00811282498931e-05
0.000478805157597739
0.000330450606706924
4.49875113537474e-05
1.7181605853986e-05
2.08172792588935e-05
-5.71906598354833e-05
-6.7198699444781e-05
-3.15308446645866e-05
-4.0861422219895e-05
-8.30683159777328e-06
-3.04091445403444e-05
0.00023743930872698
0
0
0
0
0
0
0
0
0
0
0
0
0
0
0
0
0
0
0
0
0
0
0
0
0
0
0
0
0
0
0
0
0
0
0
0
0
0
0
0
0
0
0
0
0
0
0
0
0
0
0
0
0
0
0
0
0
0
0
0
0
0
0
0
0
0
0
0
0
0
0
0
0
0
0
0
0
0
0
0
0
0
0
0
0
0
0
0
0
0
0
0
0
0
0
0.0482892529274031
0.00811238794415089
0.00207882934890463
0.00103608606124135
0.00307458579824716
0.000801054178768907
0.00145880483401006
0.00449902511142775
-0.000873197684051573
0.00190135730066631
-5.22522833077886e-05
0.000355434341693431
0.00115836913785606
0.00104006572497774
6.05669799736775e-05
0.000988307994614547
0.00144138426425825
0.000731640732710158
0.000630797754080571
-6.74547555928812e-05
-0.000147579038219446
-0.000427821119300639
0.000118695404194364
0.000196520249285037
-0.000300768380356271
0.00131911734117986
0.000283867091924736
0.000569399247369228
-0.00027347673314616
0.00047911869194009
0.000103006802608525
0.00214205508856146
0.00135566962337305
0.00130325433793781
-0.000118110126857005
-7.96788862576553e-05
0.000410393346370026
0.000104500227858446
-0.000125168577208651
-0.000462363981865026
0.00112226019987066
0.00063446585526873
3.78867697813088e-05
0.000502538273050033
0.000348683566421255
5.34331121521376e-05
2.09574765355625e-05
1.57180226687273e-05
-6.20924989284426e-05
-7.37530942358629e-05
-3.44285530298412e-05
-4.66087941308112e-05
-1.13199361039783e-05
-3.50977617373811e-05
0.00027665263622437
0
0
0
0
0
0
0
0
0
0
0
0
0
0
0
0
0
0
0
0
0
0
0
0
0
0
0
0
0
0
0
0
0
0
0
0
0
0
0
0
0
0
0
0
0
0
0
0
0
0
0
0
0
0
0
0
0
0
0
0
0
0
0
0
0
0
0
0
0
0
0
0
0
0
0
0
0
0
0
0
0
0
0
0
0
0
0
0
0
0
0
0
0
0
0
0.0483752189463751
0.00815646851793736
0.0021073458490228
0.00105108795930872
0.00308841483122327
0.000810275582976027
0.00148389184356869
0.00453496378109635
-0.00086683074980409
0.00191371325521819
-4.70769073086314e-05
0.000367000028281518
0.00117468307171546
0.00105909035173284
7.03060619114189e-05
0.00101188190434451
0.00145792086494947
0.000750342291288406
0.000646511658112925
-6.59271722399022e-05
-0.000148976398967185
-0.000436933682209039
0.00012464686287464
0.000197446301803019
-0.000308228377289513
0.00132502832992513
0.000281151414884069
0.000560305936489857
-0.000278563334811447
0.000476653821896541
0.000105681258011611
0.00215970168530885
0.001342784741515
0.00131945473498559
-0.000119659041424924
-7.85883874657845e-05
0.000421855602377004
0.000106328912407296
-0.00012577149481123
-0.000461749807665921
0.00112368189540702
0.000625212892443467
4.54805824423027e-05
0.00052594284827249
0.000366363919396211
6.00949946829923e-05
2.5503561733882e-05
1.09011054806185e-05
-6.8654419178887e-05
-8.03271296962588e-05
-3.66324514156804e-05
-5.25346785865663e-05
-1.45719540008991e-05
-4.02128871090447e-05
0.000315496005214829
0.00013800850496433
0
0
0
0
0
0
0
0
0
0
0
0
0
0
0
0
0
0
0
0
0
0
0
0
0
0
0
0
0
0
0
0
0
0
0
0
0
0
0
0
0
0
0
0
0
0
0
0
0
0
0
0
0
0
0
0
0
0
0
0
0
0
0
0
0
0
0
0
0
0
0
0
0
0
0
0
0
0
0
0
0
0
0
0
0
0
0
0
0
0
0
0
0
0
0.0484737256294669
0.00819773180377536
0.00213672752340444
0.00106631573350815
0.00310281034446633
0.000820033224490874
0.00150941404009005
0.00457113151061714
-0.00085985189019853
0.00192640472168799
-4.13221772937327e-05
0.000380758306193847
0.00119258490633967
0.00107881255419307
8.00954216376961e-05
0.00103809507062713
0.00147507384775076
0.000753008409354435
0.000664208837192799
-6.39055415396756e-05
-0.000151221179118909
-0.000447788906564752
0.000130784777365417
0.000199216553694571
-0.000316700872421952
0.00133109559812109
0.000278539940093991
0.000551077924294633
-0.000283915396304665
0.000473842068833629
0.000108405192612835
0.00217691344908614
0.00132539430640751
0.00133277462458123
-0.000125163902933528
-7.91820630086581e-05
0.000433041694929389
0.00010777445514329
-0.000128040691661203
-0.000463609282458827
0.00112371222631096
0.0006163394283354
4.37266606255083e-05
0.000546171286902383
0.000383776966353134
6.65970125577027e-05
2.87380695266671e-05
5.57257520347369e-06
-7.63368243762624e-05
-8.88281186234773e-05
-3.86532491702543e-05
-5.74702484238345e-05
-1.75902413240179e-05
-4.53980902938275e-05
0.000354142647444311
0.000154733485434897
6.68544216914764e-06
0
0
0
0
0
0
0
0
0
0
0
0
0
0
0
0
0
0
0
0
0
0
0
0
0
0
0
0
0
0
0
0
0
0
0
0
0
0
0
0
0
0
0
0
0
0
0
0
0
0
0
0
0
0
0
0
0
0
0
0
0
0
0
0
0
0
0
0
0
0
0
0
0
0
0
0
0
0
0
0
0
0
0
0
0
0
0
0
0
0
0
0
0
0.0485702674224631
0.00824144790739759
0.00216670810363069
0.00108275947452656
0.00311761796347701
0.000830516744911748
0.00153590777805987
0.00460632950842285
-0.000854118963166317
0.00193981839003582
-3.52531402604703e-05
0.000395209582751032
0.00121130719215436
0.00109835029201314
8.99001813090367e-05
0.00106563100240338
0.00149331044278709
0.000756276150810564
0.000677854936502439
-6.11343666484639e-05
-0.000153270748992889
-0.00045883740169964
0.000137169286085186
0.000201462147494764
-0.000324218505484557
0.00133853350482995
0.000276606828909961
0.000541781140629209
-0.000289088811508091
0.00047110824689148
0.000112231712713289
0.00219485113271812
0.00130780543496239
0.00134602078398836
-0.000130856915570043
-8.08506882715868e-05
0.00044392919622105
0.000110279064558377
-0.000130465193444653
-0.000465983923994594
0.00112242906373824
0.000605727469360111
4.23733489432308e-05
0.000565386713059148
0.000401518819806135
7.31451224104652e-05
3.19307157137722e-05
-2.70507951370899e-07
-8.41969508153536e-05
-9.75132775038325e-05
-4.69504893779704e-05
-6.2274145478191e-05
-1.883870860696e-05
-4.99271118470161e-05
0.000392711302124358
0.000168664264832242
5.11032675432351e-06
0
0
0
0
0
0
0
0
0
0
0
0
0
0
0
0
0
0
0
0
0
0
0
0
0
0
0
0
0
0
0
0
0
0
0
0
0
0
0
0
0
0
0
0
0
0
0
0
0
0
0
0
0
0
0
0
0
0
0
0
0
0
0
0
0
0
0
0
0
0
0
0
0
0
0
0
0
0
0
0
0
0
0
0
0
0
0
0
0
0
0
0
0
0.048668498106647
0.008283043197144
0.0021971628913684
0.00109904387139677
0.00313413461313365
0.00084162462080863
0.00156327881565383
0.00464257397924312
-0.000849621097703528
0.00195140385138359
-2.8417694792102e-05
0.000409705981573744
0.00123080044046879
0.00111846300895343
9.93011719229282e-05
0.00109409578016024
0.00151347642916473
0.000759856084980402
0.000691831339722988
-6.19712304101524e-05
-0.000154415775831112
-0.000469612594689507
0.00014341186304887
0.00020429586034656
-0.000331166561765391
0.00134699006950485
0.000276037183792594
0.000533277565301059
-0.000294442373969061
0.000468826920172621
0.00011644043293343
0.00221404874310874
0.0012918114253067
0.00135945545406255
-0.000136558919256284
-8.24581418029398e-05
0.00045364531255042
0.000112527636056702
-0.000132506145326537
-0.000468502039256734
0.00112083160207475
0.000593545182016183
3.91242748991538e-05
0.000584918735962749
0.000418782469061491
8.04072678606126e-05
3.5316081107255e-05
-5.8802511649251e-06
-9.06613446137529e-05
-0.000105293063826829
-5.49408807430491e-05
-7.32453114563007e-05
-1.98552799362416e-05
-5.21984275281138e-05
0.000432072960964643
0.000182564400017605
9.02326570280977e-07
0.000206209274579185
0
0
0
0
0
0
0
0
0
0
0
0
0
0
0
0
0
0
0
0
0
0
0
0
0
0
0
0
0
0
0
0
0
0
0
0
0
0
0
0
0
0
0
0
0
0
0
0
0
0
0
0
0
0
0
0
0
0
0
0
0
0
0
0
0
0
0
0
0
0
0
0
0
0
0
0
0
0
0
0
0
0
0
0
0
0
0
0
0
0
0
0
0.0487720719649092
0.00832554433631516
0.00222489380532161
0.00111614663187298
0.00315171613684587
0.000853687452726189
0.00159149207500217
0.00467969126734679
-0.00084412217856793
0.00196146593853781
-2.36273714147253e-05
0.000423868718320012
0.00125002562027542
0.00113851094001638
0.000108084432670173
0.00112180417951206
0.00153403550441082
0.000764523394491421
0.00070652424402557
-6.12482292210537e-05
-0.000157189718803258
-0.000477388067810236
0.000150853228463785
0.000206799036804317
-0.000338335286654558
0.00135524011046821
0.000275425681718463
0.000524413974425342
-0.000297238113078657
0.00046651678008887
0.000121461592904609
0.00223389274444536
0.0012775802029479
0.00137394017940756
-0.000141928245865103
-8.40980751482187e-05
0.000462945849783892
0.000113222222941166
-0.000134762791936784
-0.000471242538711742
0.00111910040867306
0.000580268295282083
3.42370306777156e-05
0.000603137689574408
0.000435709775132993
8.74347814207192e-05
3.83177797702111e-05
-1.107952342452e-05
-9.66223461078623e-05
-0.000113171879340765
-6.31144161877922e-05
-8.40030023913882e-05
-2.61652474702955e-05
-5.47612680658571e-05
0.000471990963222195
0.000196498126873266
-3.31782675386037e-06
0.000253556136243983
0
0
0
0
0
0
0
0
0
0
0
0
0
0
0
0
0
0
0
0
0
0
0
0
0
0
0
0
0
0
0
0
0
0
0
0
0
0
0
0
0
0
0
0
0
0
0
0
0
0
0
0
0
0
0
0
0
0
0
0
0
0
0
0
0
0
0
0
0
0
0
0
0
0
0
0
0
0
0
0
0
0
0
0
0
0
0
0
0
0
0
0
0.0488743776884513
0.00837414119959997
0.00225373959883682
0.00113261703124618
0.00317002454054326
0.000867442532221012
0.00162181568323047
0.00471871374507112
-0.000838720886792365
0.00196388397984035
-2.3830027605424e-05
0.000436630329274985
0.0012690524494987
0.00115864872500497
0.00011689464342924
0.00114957778892784
0.00155467085508835
0.00077016734732045
0.00072328076688516
-5.913334741704e-05
-0.000157876273095803
-0.000483471458036351
0.000162601711984456
0.000211013092472745
-0.000344353007548929
0.0013577635682136
0.000270927147723039
0.000513852025937051
-0.000302893902259321
0.000465584799917526
0.000126330257469168
0.00225326290299972
0.00126465165673812
0.00139057159001554
-0.000146546925251468
-8.60110529482217e-05
0.000472977066389671
0.000110675268812743
-0.000137306755905269
-0.000473949572807638
0.00111761270797298
0.000567991841735799
2.95424326332705e-05
0.0006206614325985
0.000452721852761946
9.44425873678979e-05
4.21482246135349e-05
-1.5418549966749e-05
-0.000101404875579054
-0.000120581217313579
-6.72356963908632e-05
-9.39781283630296e-05
-3.19595103900435e-05
-5.838359379599e-05
0.00050975155230644
0.000210428286470912
-7.59095172448946e-06
0.000301488891719264
0
0
0
0
0
0
0
0
0
0
0
0
0
0
0
0
0
0
0
0
0
0
0
0
0
0
0
0
0
0
0
0
0
0
0
0
0
0
0
0
0
0
0
0
0
0
0
0
0
0
0
0
0
0
0
0
0
0
0
0
0
0
0
0
0
0
0
0
0
0
0
0
0
0
0
0
0
0
0
0
0
0
0
0
0
0
0
0
0
0
0
0
0.0489165111014412
0.00842545262507866
0.00228134348343496
0.00114932364679262
0.00315602475102898
0.000883921961930131
0.00165857411338455
0.00476132550668723
-0.000831464460716979
0.00196932017502281
-2.28495081437315e-05
0.000429792597798226
0.00127506234311214
0.00117864251514184
0.000124642296230283
0.00117746011029668
0.00156771371324573
0.000770962179954946
0.000734242695640388
-5.21819619684599e-05
-0.000154145107745187
-0.000485975592463656
0.000157108005763795
0.000218897848119122
-0.00034826846565354
0.00136226006056951
0.000268611430718925
0.00050486902380613
-0.000306660040456655
0.000466516642596882
0.000135255314443965
0.00227248663211631
0.00125477459674236
0.00140984022175611
-0.000146684311935418
-8.50953331992243e-05
0.00048495385095587
0.000112064563679099
-0.000138073061199542
-0.000476581966181723
0.00111597346226643
0.000557875695207507
2.62133519880739e-05
0.000639976705932549
0.000463510246529822
8.92366452584633e-05
4.44705291560672e-05
-1.67333516344557e-05
-0.000103595707833467
-0.000126758329824155
-7.00868857988404e-05
-9.70546401636006e-05
-3.5422229547294e-05
-6.18267724917313e-05
0.000490124093478463
0.000219322541256886
-1.18789441848515e-05
0.000350602129701119
0
0
0
0
0
0
0
0
0
0
0
0
0
0
0
0
0
0
0
0
0
0
0
0
0
0
0
0
0
0
0
0
0
0
0
0
0
0
0
0
0
0
0
0
0
0
0
0
0
0
0
0
0
0
0
0
0
0
0
0
0
0
0
0
0
0
0
0
0
0
0
0
0
0
0
0
0
0
0
0
0
0
0
0
0
0
0
0
0
0
0
0
0.0489594205652526
0.00845847541171119
0.00230983805989231
0.00116532015016059
0.00314186325146063
0.000890233395067184
0.00169636793334132
0.00480825495263419
-0.000823458541455819
0.00197513885127781
-2.08628123690773e-05
0.000423963531658546
0.00127528583288535
0.00119576986759472
0.000132352445748815
0.00120492929775428
0.00158079433496847
0.000769956817694053
0.000744084609895729
-4.73526160834254e-05
-0.000148817941897503
-0.000487109864153032
0.000152709284165789
0.000223031456561497
-0.000350829297050833
0.00136816652897445
0.000266737717518629
0.00049660956334229
-0.000309940091923055
0.000468224545996052
0.00014468539607919
0.00229388903870676
0.00124453516517838
0.00143099574550977
-0.000146324251014012
-8.25586212942998e-05
0.000497560105288318
0.000113731930180337
-0.000136412325816847
-0.000478245166063064
0.00111487127640071
0.000548015431199096
2.3536939407052e-05
0.000659498948928509
0.000474866280021577
8.25905135072842e-05
4.27256118542615e-05
-1.85913187249115e-05
-0.000103564223157218
-0.000130973924395716
-7.26135214183268e-05
-9.94898527127968e-05
-3.81504128803709e-05
-6.4498562291954e-05
0.000471020487846943
0.000209931471345093
-1.78011160216939e-05
0.00039988033839228
0
0
0
0
0
0
0
0
0
0
0
0
0
0
0
0
0
0
0
0
0
0
0
0
0
0
0
0
0
0
0
0
0
0
0
0
0
0
0
0
0
0
0
0
0
0
0
0
0
0
0
0
0
0
0
0
0
0
0
0
0
0
0
0
0
0
0
0
0
0
0
0
0
0
0
0
0
0
0
0
0
0
0
0
0
0
0
0
0
0
0
0
0.0490040596224487
0.00849177147011536
0.00233259636613395
0.00118161498248599
0.00312794125021217
0.000896841700622555
0.00173161056485699
0.00485663045273589
-0.000813982243300067
0.00198114405871487
-1.87395883127916e-05
0.00041857996966189
0.00127613110424263
0.00121159815411971
0.000138140460187552
0.00123226899754825
0.00159396196502151
0.000769084974426997
0.000754146209505366
-4.26691607663441e-05
-0.000143999607497598
-0.000487916941671171
0.000149263028231627
0.000227817107267443
-0.000355739907952577
0.00137551614783231
0.00026551010122629
0.000488180872545058
-0.000313275212418151
0.000470334998226848
0.00015448854735598
0.00231581261829034
0.00123605970787523
0.00145187287660214
-0.000145369677614764
-7.98462719646371e-05
0.000511424390764488
0.000115646803450557
-0.000134820467189504
-0.000479122797833379
0.00111382962591189
0.000537566474966728
2.0854832865051e-05
0.000678859933676057
0.000486109522667258
7.52578954186646e-05
3.97844573007206e-05
-2.21115367591111e-05
-0.000102253784625131
-0.000135248815756846
-7.47244608456791e-05
-0.000101833123810323
-4.04101570054942e-05
-6.75630225113533e-05
0.00045164698798369
0.00020056889978923
-2.95892479384173e-05
0.000448565695618882
0
0
0
0
0
0
0
0
0
0
0
0
0
0
0
0
0
0
0
0
0
0
0
0
0
0
0
0
0
0
0
0
0
0
0
0
0
0
0
0
0
0
0
0
0
0
0
0
0
0
0
0
0
0
0
0
0
0
0
0
0
0
0
0
0
0
0
0
0
0
0
0
0
0
0
0
0
0
0
0
0
0
0
0
0
0
0
0
0
0
0
0
0.0490524674649371
0.00852751810709873
0.0023554524532549
0.00119541481743241
0.003113968383101
0.000903600589339567
0.00176757318999462
0.00490499503053885
-0.000805049254505188
0.0019886433481952
-1.69172640980881e-05
0.000413071828089917
0.00127689763669766
0.00122806669004458
0.000143910550804059
0.00125905364407474
0.00160694770706067
0.000768239651395033
0.000764209368146859
-3.76908544132726e-05
-0.000139514333981208
-0.000488856506957892
0.000146051598379986
0.000233142375459997
-0.000359716554403743
0.00138173210197962
0.000265612967860367
0.000480411509908688
-0.000317002625069389
0.000472222403353618
0.000164827969094542
0.00233808527022933
0.00122885262089994
0.00147457857121492
-0.000144554098519799
-7.7162731451194e-05
0.000525262080684077
0.000119632370910974
-0.000133154346503975
-0.000480443101762494
0.00111331744195938
0.000527031180749441
1.70449542691254e-05
0.000698112265896805
0.000497733448493311
6.75573149145844e-05
3.57755013203647e-05
-2.65902946993833e-05
-0.000102216158663595
-0.00013745221841712
-7.70676792110337e-05
-0.000103762856287068
-4.22194342924254e-05
-6.99508114176369e-05
0.000431137156711727
0.000190800697668589
-4.11652147195278e-05
0.000494598685226227
0
0
0
0
0
0
0
0
0
0
0
0
0
0
0
0
0
0
0
0
0
0
0
0
0
0
0
0
0
0
0
0
0
0
0
0
0
0
0
0
0
0
0
0
0
0
0
0
0
0
0
0
0
0
0
0
0
0
0
0
0
0
0
0
0
0
0
0
0
0
0
0
0
0
0
0
0
0
0
0
0
0
0
0
0
0
0
0
0
0
0
0
0.0491056606993504
0.00856550889497583
0.0023788126912933
0.00120878991392348
0.00309818717289527
0.000910625828807257
0.00180428208869395
0.00495443214879323
-0.000797184785807394
0.00199535784386743
-1.56551312036143e-05
0.000407137304661302
0.00127742873241641
0.00124432849397789
0.000149470997051927
0.00128476083990976
0.0016182259062782
0.000766646357540447
0.000773608242544789
-3.3156680486569e-05
-0.000135946595585553
-0.000490416144662222
0.000143395933411551
0.000238682900386847
-0.000363161227346952
0.00138996851623513
0.0002653856408041
0.000473900582265661
-0.000319970062749567
0.000473945260336028
0.00017481396636355
0.00236031190144052
0.00122132067415291
0.00149772102141172
-0.000142705003049798
-7.46288862765543e-05
0.000538878012149329
0.000123963086425921
-0.000128951777793805
-0.000480498880427811
0.00111253636567374
0.000516748521608751
1.31583205185375e-05
0.000716559710712382
0.000509213306303507
6.00756911584014e-05
3.12454509639153e-05
-3.21991836277426e-05
-0.000103180470073758
-0.000140947255131157
-7.93038647171216e-05
-0.000105744926571816
-4.43122319398823e-05
-7.177624141132e-05
0.000411305646137961
0.000182581748081688
-5.15095673776089e-05
0.000540919579619375
0
0
0
0
0
0
0
0
0
0
0
0
0
0
0
0
0
0
0
0
0
0
0
0
0
0
0
0
0
0
0
0
0
0
0
0
0
0
0
0
0
0
0
0
0
0
0
0
0
0
0
0
0
0
0
0
0
0
0
0
0
0
0
0
0
0
0
0
0
0
0
0
0
0
0
0
0
0
0
0
0
0
0
0
0
0
0
0
0
0
0
0
0.0491679940254847
0.00860838838434724
0.00240299107869105
0.00122240135588453
0.00308202792921138
0.00091724720631526
0.00184366899379338
0.00500505744633837
-0.000787218847787833
0.00200077241238461
-1.55275877288405e-05
0.000400654480098948
0.00127874071285651
0.00126079282193486
0.000156438638259576
0.00131093348395203
0.00162831722730182
0.000763402739322693
0.000782314319135815
-2.93307205012394e-05
-0.000132796609401612
-0.000492726068501283
0.000140017733008421
0.00024509019455967
-0.000365372831261105
0.00139826610656583
0.000266080234581065
0.000465685643800416
-0.000322560849490034
0.000476254083751813
0.000185366272217566
0.00238226449245523
0.0012146789520581
0.00152062679768412
-0.00014015893763178
-7.22826562044912e-05
0.000551924395041482
0.000127782726500324
-0.000125023613304078
-0.000479648076866326
0.00111454346602796
0.000505901412246768
1.01291405933504e-05
0.000735801353658405
0.000519516396110541
5.23300679060783e-05
2.58091643257356e-05
-3.84999288766946e-05
-0.000105009304069593
-0.000145416974490212
-8.27917712451847e-05
-0.000107775089488747
-4.69313369859763e-05
-7.4488643599443e-05
0.00039144661472469
0.000174544536223536
-5.32457179656249e-05
0.0005921940081488
0
0
0
0
0
0
0
0
0
0
0
0
0
0
0
0
0
0
0
0
0
0
0
0
0
0
0
0
0
0
0
0
0
0
0
0
0
0
0
0
0
0
0
0
0
0
0
0
0
0
0
0
0
0
0
0
0
0
0
0
0
0
0
0
0
0
0
0
0
0
0
0
0
0
0
0
0
0
0
0
0
0
0
0
0
0
0
0
0
0
0
0
0.0491304359454948
0.00860797109052374
0.00242739702001357
0.00124221328854573
0.00307010423674816
0.000920732843036377
0.00186074517786139
0.00499515216764514
-0.000773616663664178
0.00200820261198832
-1.00974623153432e-05
0.00039701972220966
0.00127736381296831
0.00124492577034498
0.000152694247779297
0.0012885980523127
0.00161973320497415
0.000767136004859531
0.000801588814387415
-1.83321431185399e-05
-0.000125262345378414
-0.000491230008624377
0.000139657894053092
0.000257196473788147
-0.000359812450057998
0.00138053844263038
0.000268441829472922
0.000465588413703894
-0.000313337788853209
0.000481465617016023
0.000186935563328396
0.00237322578370416
0.0012077431165905
0.0015108296105459
-0.000136988525936524
-6.20774472891801e-05
0.000571328617627774
0.000135553529059697
-0.000119491726589936
-0.000472310062381961
0.0011048477416315
0.000499588529936393
1.37982274667552e-05
0.000758721217367825
0.000508085388993876
4.50880898311292e-05
2.15238810497258e-05
-3.89042048672613e-05
-0.000103176725221964
-0.000141994350671603
-8.09696059747018e-05
-0.000104181955720604
-4.40625047623493e-05
-6.95640569630452e-05
0.000379722846905156
0.0001692266709693
-5.19201120297027e-05
0.000553775624903881
0
0
0
0
0
0
0
0
0
0
0
0
0
0
0
0
0
0
0
0
0
0
0
0
0
0
0
0
0
0
0
0
0
0
0
0
0
0
0
0
0
0
0
0
0
0
0
0
0
0
0
0
0
0
0
0
0
0
0
0
0
0
0
0
0
0
0
0
0
0
0
0
0
0
0
0
0
0
0
0
0
0
0
0
0
0
0
0
0
0
0
0
0.0490947335787905
0.00859269750359036
0.00244566736013871
0.00126230773783829
0.00305952986098261
0.0009250909943238
0.00187740139779974
0.00498196240383386
-0.000768580921049945
0.00201626635162773
-4.10879430281358e-06
0.000394238682299254
0.001276225252097
0.0012287009791367
0.000144096284640246
0.00126462874657281
0.00160393737795269
0.000768375277118053
0.000821820027522428
-6.20825520927799e-06
-0.000116935017037576
-0.000489301757817243
0.000139690447852487
0.00026976191603061
-0.000353571378668214
0.00136378120266353
0.000266615494103216
0.000465737763495224
-0.000302912819563968
0.000488832830664389
0.000189077775120908
0.00236304869701809
0.00119610739592214
0.00150113223520413
-0.000138594970223527
-5.19703048565979e-05
0.000592252447230333
0.00014477329603198
-0.00011357869781498
-0.000464939577350919
0.0010960580901446
0.0004918653657155
1.82384939208403e-05
0.000782559943227405
0.000497200554738058
3.48084661507981e-05
1.71442684800399e-05
-3.91351366061292e-05
-0.000100504578768441
-0.000136988942443721
-7.74310146547223e-05
-0.000100095426313858
-4.06977386630159e-05
-6.37776027901843e-05
0.000369282473068201
0.000165490171694752
-5.0185751850369e-05
0.000515874180803384
0
0
0
0
0
0
0
0
0
0
0
0
0
0
0
0
0
0
0
0
0
0
0
0
0
0
0
0
0
0
0
0
0
0
0
0
0
0
0
0
0
0
0
0
0
0
0
0
0
0
0
0
0
0
0
0
0
0
0
0
0
0
0
0
0
0
0
0
0
0
0
0
0
0
0
0
0
0
0
0
0
0
0
0
0
0
0
0
0
0
0
0
0.0490592374615103
0.00857871607440513
0.00246205622186741
0.00128180408647153
0.00304941553724552
0.000929948825017693
0.00189435193802657
0.00496859372552475
-0.000765946544205174
0.00202395203071072
2.04814581268885e-06
0.000391786547767391
0.00127413225839084
0.0012124147357329
0.000135102189224716
0.00124011722641356
0.0015880745648377
0.00076868356729102
0.000842084376147523
5.27811186833857e-06
-0.000109476415464544
-0.000487507403555918
0.000139645003891763
0.0002823040937406
-0.000347451824522334
0.00134701008007039
0.000264709731577839
0.000465307568386337
-0.000292362882488812
0.000496616407269499
0.000190276687560547
0.00235352313572595
0.0011846293755719
0.00149072696263836
-0.000140012381538402
-4.23630394016566e-05
0.000613121970195115
0.000154375146256048
-0.000107290163559235
-0.000457734884832412
0.00108771853925637
0.000484732540445355
2.32941003313301e-05
0.000806746350239651
0.000486809164700137
2.46555608001812e-05
1.26216129899867e-05
-3.97353861518109e-05
-9.78957416085035e-05
-0.000131872234395406
-7.36776636967732e-05
-9.60863042623723e-05
-3.77552897863247e-05
-5.85262635584069e-05
0.000359085473028662
0.000161958362302933
-4.74333118878924e-05
0.000478333797558549
0
0
0
0
0
0
0
0
0
0
0
0
0
0
0
0
0
0
0
0
0
0
0
0
0
0
0
0
0
0
0
0
0
0
0
0
0
0
0
0
0
0
0
0
0
0
0
0
0
0
0
0
0
0
0
0
0
0
0
0
0
0
0
0
0
0
0
0
0
0
0
0
0
0
0
0
0
0
0
0
0
0
0
0
0
0
0
0
0
0
0
0
0.0490248187087357
0.00856500903498194
0.00247869544976706
0.00130072655640728
0.00303941404164479
0.000935441378516955
0.00191174757962238
0.00495549616456622
-0.000763148924969428
0.00203074899345577
7.72162216671898e-06
0.000389114942574905
0.00127247217386169
0.00119587617230827
0.000125733985256569
0.00121641020610435
0.001572353985196
0.000769108228970465
0.000861850116939827
1.68259158432342e-05
-0.000102175440832258
-0.000484850995332077
0.000139857622920833
0.000294792725973565
-0.000341396165262431
0.00133037708955734
0.000262756620088888
0.000464401326200525
-0.000282537186113828
0.00050458214534546
0.000192166223061993
0.00234474415082719
0.00117344512154633
0.00148038567682893
-0.000141973258326209
-3.18072450666812e-05
0.000634031638584041
0.000164069307314994
-0.000100915700159883
-0.000450698168940281
0.00107906804100815
0.000477330649884986
2.83331494568072e-05
0.000830939801961238
0.000476753220388713
1.47351522229292e-05
8.76068649169114e-06
-4.05280321101775e-05
-9.52253808255165e-05
-0.000126711651924455
-6.97567905019918e-05
-9.22763765845241e-05
-3.50561914518282e-05
-5.3177617371844e-05
0.000348279439150627
0.000158945555411502
-4.40024176360519e-05
0.000441651951804978
0
0
0
0
0
0
0
0
0
0
0
0
0
0
0
0
0
0
0
0
0
0
0
0
0
0
0
0
0
0
0
0
0
0
0
0
0
0
0
0
0
0
0
0
0
0
0
0
0
0
0
0
0
0
0
0
0
0
0
0
0
0
0
0
0
0
0
0
0
0
0
0
0
0
0
0
0
0
0
0
0
0
0
0
0
0
0
0
0
0
0
0
0.0489961226822235
0.00855346422077529
0.00249574194896234
0.00131963990882377
0.00303008698115108
0.000942404902877078
0.00193001748964415
0.00494238543023423
-0.000760354285528097
0.00203749433384265
1.26575944645533e-05
0.000385015640350806
0.00127052949667954
0.00118058145121015
0.000116066934003302
0.00119219785091927
0.00155674099910012
0.000770026956278068
0.000881831611089517
2.73966764435608e-05
-9.58304498004092e-05
-0.000482852926070623
0.000139527024955387
0.000307980142058263
-0.00033560757631924
0.00131399921104482
0.00026060065291593
0.000463540934457791
-0.000272680691786956
0.000512000052489797
0.000193460341678086
0.00233634658266168
0.00116319186799579
0.00147009206936906
-0.000143817341710464
-2.19629126388182e-05
0.000657260655467741
0.000174130335043152
-9.39847421197983e-05
-0.000443827747247048
0.0010700163390922
0.000469385608319836
3.25774930042164e-05
0.00085492397505226
0.000466384406926426
6.44397774592221e-06
5.47249980384153e-06
-4.089853147641e-05
-9.34322081380055e-05
-0.00012190308522017
-6.58200152830098e-05
-8.85565526081276e-05
-3.29758669392572e-05
-4.88725618292273e-05
0.000336896370790133
0.000155079483222372
-3.97545980268373e-05
0.000406191636157795
0
0
0
0
0
0
0
0
0
0
0
0
0
0
0
0
0
0
0
0
0
0
0
0
0
0
0
0
0
0
0
0
0
0
0
0
0
0
0
0
0
0
0
0
0
0
0
0
0
0
0
0
0
0
0
0
0
0
0
0
0
0
0
0
0
0
0
0
0
0
0
0
0
0
0
0
0
0
0
0
0
0
0
0
0
0
0
0
0
0
0
0
0.0489713053309031
0.00854496800950794
0.00251395916942136
0.0013387367874268
0.00302094074522307
0.000948649173572097
0.0019488367739908
0.00492978615068922
-0.000756845453596082
0.00204455821467414
1.79686009069888e-05
0.000381002306029035
0.00126711403631431
0.00116486737286163
0.000107076481721446
0.00116817617416387
0.00154071110247389
0.000771859990066116
0.000901373325616733
3.7790631410066e-05
-9.05188073919415e-05
-0.00048113483808764
0.000139159783696049
0.000320861576664093
-0.000329485741894192
0.00129742752324761
0.000258278281162487
0.000462666399472912
-0.000262696590316892
0.000519533691145226
0.000193503701206284
0.00232789346360737
0.00115344376488249
0.00146393797033061
-0.000144922341734782
-1.20040353400957e-05
0.0006807014909242
0.000186408900658213
-8.68107041462769e-05
-0.000437191226403821
0.00106237772083553
0.000462908728902104
3.63739075335138e-05
0.000877915102844889
0.000455606298163964
-2.27612271396301e-06
2.61032456423591e-06
-4.12008941357341e-05
-9.06097913779079e-05
-0.000117212723922649
-6.07996721325451e-05
-8.44688727714435e-05
-3.14048314285755e-05
-4.51213985028873e-05
0.000324496604919059
0.000151038171360869
-3.62931753470865e-05
0.000370629207499803
0
0
0
0
0
0
0
0
0
0
0
0
0
0
0
0
0
0
0
0
0
0
0
0
0
0
0
0
0
0
0
0
0
0
0
0
0
0
0
0
0
0
0
0
0
0
0
0
0
0
0
0
0
0
0
0
0
0
0
0
0
0
0
0
0
0
0
0
0
0
0
0
0
0
0
0
0
0
0
0
0
0
0
0
0
0
0
0
0
0
0
0
0.0489516823043604
0.00853876474225651
0.00253608631904
0.00135945490329845
0.00301234695862987
0.000954968389474704
0.00196871575019005
0.00491751703568903
-0.000753290207396529
0.00205180520291559
2.33858528878003e-05
0.000376872657863797
0.00126283640011226
0.00114783008754322
9.77681644438648e-05
0.00114544221301775
0.0015242365416102
0.000772680466769007
0.000920733309567085
4.93182753605236e-05
-8.46674192196454e-05
-0.000480235448749456
0.000138357593228675
0.000333283870077042
-0.000324213054014652
0.00128054979360272
0.000255632343528017
0.0004614830446041
-0.000253240006393123
0.000526759342615046
0.000193614200450868
0.00231897170070809
0.00114291849585232
0.00145772312711632
-0.00014378377169815
-1.52391369692668e-06
0.000704192129296232
0.000198309874680482
-7.88222580156662e-05
-0.000430711448158792
0.00105458745015696
0.00045717563715385
4.16409720065188e-05
0.000900682470142224
0.000444697062614778
-1.05271219664013e-05
-2.39243955354653e-07
-4.12298990858864e-05
-8.71706870016449e-05
-0.00011245339310478
-5.64681493955246e-05
-8.0479510550677e-05
-2.97712850633146e-05
-4.21379051143176e-05
0.00031142567613876
0.000145716870952124
-3.34048992912502e-05
0.000334015102205042
0
0
0
0
0
0
0
0
0
0
0
0
0
0
0
0
0
0
0
0
0
0
0
0
0
0
0
0
0
0
0
0
0
0
0
0
0
0
0
0
0
0
0
0
0
0
0
0
0
0
0
0
0
0
0
0
0
0
0
0
0
0
0
0
0
0
0
0
0
0
0
0
0
0
0
0
0
0
0
0
0
0
0
0
0
0
0
0
0
0
0
0
0.0489386245583439
0.00853839821401749
0.00255991655746467
0.00138352610428297
0.00300527142646585
0.00096180852427379
0.00198855760619159
0.00490648252349927
-0.000749638473104151
0.00205867135823992
2.82155542554598e-05
0.000372464823201597
0.00125845796538359
0.00112978834287053
8.71654895532296e-05
0.00112236347564643
0.00150883819422607
0.000772608195023767
0.000940233911765345
6.12850065225218e-05
-7.72648678674194e-05
-0.000478595614693858
0.000136839250310339
0.000344982571513725
-0.000319497815969145
0.00126308602114264
0.000252616685437663
0.000460418420558476
-0.000243880674062243
0.000533571581957821
0.000193847121163759
0.00231019613521701
0.0011318999281173
0.00145149220139786
-0.000142454004100223
1.30430164238697e-05
0.000728815710531771
0.000209983567643504
-7.12736782343631e-05
-0.000424632078359507
0.00104612473664313
0.000451604177361376
4.70313955860387e-05
0.000923884084788527
0.000433605228980988
-1.89102172745674e-05
-2.62388345811321e-06
-4.19298774078002e-05
-8.40953046782473e-05
-0.000107295925755987
-5.17901548067918e-05
-7.72070368147924e-05
-2.6886689310345e-05
-3.8868104664708e-05
0.000297783747865461
0.000139761472117085
-3.16854619094706e-05
0.000296972561740477
0
0
0
0
0
0
0
0
0
0
0
0
0
0
0
0
0
0
0
0
0
0
0
0
0
0
0
0
0
0
0
0
0
0
0
0
0
0
0
0
0
0
0
0
0
0
0
0
0
0
0
0
0
0
0
0
0
0
0
0
0
0
0
0
0
0
0
0
0
0
0
0
0
0
0
0
0
0
0
0
0
0
0
0
0
0
0
0
0
0
0
0
0.0489276741709772
0.00854132787876092
0.00258639986472822
0.00140872759803361
0.0029996995178019
0.000969250399209611
0.00200856150234959
0.00489526389076128
-0.00074592755356212
0.00206553864049555
3.27762398878978e-05
0.000367626116152747
0.00125403350239283
0.00111188422569954
7.59435125007075e-05
0.00109889619929855
0.00149354017058055
0.00077305713179594
0.000959028338346414
7.28612836158842e-05
-6.95932135606449e-05
-0.000476538387294226
0.000135629608065061
0.000356374663378927
-0.000315083204078578
0.00124537876369219
0.000249096218967139
0.000459230394789578
-0.000234939867639308
0.000540179831349598
0.000193525741261699
0.00230112270678752
0.00112077882301709
0.00144476792165508
-0.000141768752319023
2.75634889035424e-05
0.00075691591154526
0.000222235539887318
-6.39450701211979e-05
-0.000419088786634042
0.00103746747912912
0.00044543395520628
5.21652225585561e-05
0.000947052513528493
0.00042265207215235
-2.71999502857033e-05
-4.79655681749494e-06
-4.18453941586812e-05
-8.15385679977321e-05
-0.000102366017428484
-4.71830169428938e-05
-7.34633279370356e-05
-2.45055599571098e-05
-3.49187052773476e-05
0.000284544991761632
0.000133236505474111
-3.00709178504236e-05
0.000259407604703675
0
0
0
0
0
0
0
0
0
0
0
0
0
0
0
0
0
0
0
0
0
0
0
0
0
0
0
0
0
0
0
0
0
0
0
0
0
0
0
0
0
0
0
0
0
0
0
0
0
0
0
0
0
0
0
0
0
0
0
0
0
0
0
0
0
0
0
0
0
0
0
0
0
0
0
0
0
0
0
0
0
0
0
0
0
0
0
0
0
0
0
0
0.0489187399967232
0.00854515788082303
0.0026138231756966
0.00143491885291171
0.00299422619025784
0.000976711175243244
0.00202856208442446
0.00488405561413555
-0.000742541468670379
0.00207159643625896
3.66831203570575e-05
0.000362735020165428
0.00124964383352507
0.00109386536874021
6.47868849250994e-05
0.00107430945387113
0.00147763529393667
0.000773227773292404
0.000977828671575575
8.40648229152733e-05
-6.27433245353286e-05
-0.000475606077015323
0.000134244197633131
0.000367802642844521
-0.000310584028198848
0.00122763405965634
0.000245063136157115
0.00045734504881208
-0.000226135864620076
0.000546596828248796
0.000193059909451572
0.0022916550111438
0.00110925108858848
0.00143807579802963
-0.000141360914005564
4.14824456414228e-05
0.000785245619623613
0.000236381803900322
-5.62348716895472e-05
-0.000413758452757577
0.00102838351043556
0.000438860858921136
5.68067450507002e-05
0.000969862688542097
0.000411977507124641
-3.52857626646053e-05
-6.44422568773837e-06
-4.0866335274125e-05
-7.87147315564505e-05
-9.71931280593915e-05
-4.28865867838971e-05
-7.01433598831596e-05
-2.22779691800886e-05
-3.17374295160104e-05
0.000270670637993383
0.000126689502032209
-2.8339546161406e-05
0
0
0
0
0
0
0
0
0
0
0
0
0
0
0
0
0
0
0
0
0
0
0
0
0
0
0
0
0
0
0
0
0
0
0
0
0
0
0
0
0
0
0
0
0
0
0
0
0
0
0
0
0
0
0
0
0
0
0
0
0
0
0
0
0
0
0
0
0
0
0
0
0
0
0
0
0
0
0
0
0
0
0
0
0
0
0
0
0
0
0
0
0
0.0489161091760925
0.008552023367236
0.00264226969307819
0.00146244447863487
0.00299033895403875
0.000984696531840737
0.00204841703229352
0.00487272336999798
-0.000739205636986862
0.00207782206562428
3.93858362742688e-05
0.000356935081866654
0.0012447120176062
0.00107533156427654
5.32890338507672e-05
0.00104950338085095
0.00146030489690963
0.000772746052915515
0.000995709541135503
9.47742390463126e-05
-5.66498101332169e-05
-0.000476051018210796
0.000131369554623193
0.000378370259178856
-0.000306199454365518
0.00120965337905381
0.000240661490707169
0.000454879018942114
-0.000218691109395339
0.000552249611740044
0.00019219042505074
0.00228171662286985
0.00109693181595273
0.00143058822190542
-0.000141741459070056
5.44812492550947e-05
0.000812980406933282
0.000251410522151925
-4.42338026785194e-05
-0.000408800962858561
0.0010188986940794
0.000431643323757687
6.06940100121211e-05
0.000991951148817986
0.00040053511299651
-4.27643456852525e-05
-7.90070820123929e-06
-3.95225556053264e-05
-7.49085641076899e-05
-9.1957365326154e-05
-3.9099687319244e-05
-6.75803467576205e-05
-2.07180093564442e-05
-2.82820842743851e-05
0.000256303484703928
0.000119649887575702
-2.66447057133147e-05
0
0
0
0
0
0
0
0
0
0
0
0
0
0
0
0
0
0
0
0
0
0
0
0
0
0
0
0
0
0
0
0
0
0
0
0
0
0
0
0
0
0
0
0
0
0
0
0
0
0
0
0
0
0
0
0
0
0
0
0
0
0
0
0
0
0
0
0
0
0
0
0
0
0
0
0
0
0
0
0
0
0
0
0
0
0
0
0
0
0
0
0
0
0.048916201904402
0.00856375258215661
0.00267274916886413
0.00149072187932631
0.00298763229701467
0.000994109276418037
0.00206957139101321
0.00486154870911158
-0.000735899316690439
0.00208401027778088
4.23312284438275e-05
0.000350167374123921
0.00123932710901066
0.00105637277660007
4.16116692511079e-05
0.00102451812844429
0.00144263773773461
0.000770975351729956
0.00101292165208526
0.000105124263498691
-5.06270675162366e-05
-0.000477051187880505
0.000127553405521634
0.00038845248038612
-0.000302508415765229
0.00119150349920381
0.000235906472459318
0.000452578851716058
-0.000211544901201711
0.000557211858259503
0.000190816960340343
0.00227145150473625
0.00108427395717766
0.00142246697511696
-0.000142746099221683
6.6867156032402e-05
0.000840073590731821
0.000266366715525502
-3.13787861748923e-05
-0.000400111050978764
0.00100915622635503
0.000424067652522594
6.40291756174808e-05
0.00101377757288945
0.00038861323787103
-5.08071668834161e-05
-8.27143692966505e-06
-3.77112848308299e-05
-7.09539363774837e-05
-8.64051530668789e-05
-3.54634901669355e-05
-6.58197609855204e-05
-1.96368675809841e-05
-2.54486650840863e-05
0.000242271620996756
0.000112299253324504
-2.5130056017891e-05
0
0
0
0
0
0
0
0
0
0
0
0
0
0
0
0
0
0
0
0
0
0
0
0
0
0
0
0
0
0
0
0
0
0
0
0
0
0
0
0
0
0
0
0
0
0
0
0
0
0
0
0
0
0
0
0
0
0
0
0
0
0
0
0
0
0
0
0
0
0
0
0
0
0
0
0
0
0
0
0
0
0
0
0
0
0
0
0
0
0
0
0
0
0.0489202269416468
0.00857809825337148
0.00270698876473776
0.00152102560153555
0.00298604199918022
0.0010044392950536
0.00209166360725551
0.00485185300615918
-0.000732548989880546
0.00209006955848932
4.51033892530397e-05
0.000343314281495202
0.00123289613481663
0.00103699014310578
2.93356876674738e-05
0.000999192658173957
0.00142492450387677
0.000769000855321271
0.00102908312124866
0.000114619288066436
-4.44764912387309e-05
-0.000478102876262181
0.000123330175714172
0.000399345570888831
-0.00029941796928838
0.0011731231374137
0.000231016515714756
0.000451070920193019
-0.000203645925218141
0.000561941530110618
0.000188660720650753
0.0022609805552728
0.00107111149122481
0.00141386982971093
-0.000144582163656738
7.88919078794372e-05
0.000866580475950547
0.000280346719070993
-1.85551793829014e-05
-0.000390908751373488
0.00100211890039822
0.000416745121457457
6.68521282554433e-05
0.00103510201476699
0.000376227911000965
-5.94524245539535e-05
-9.42183625073232e-06
-3.50946196289351e-05
-6.63924657819241e-05
-8.09260414015072e-05
-3.23691571683804e-05
-6.4564496161034e-05
-1.85130006303968e-05
-2.30233183451241e-05
0.000227577974067136
0.000105098084973919
-2.42839566863594e-05
0
0
0
0
0
0
0
0
0
0
0
0
0
0
0
0
0
0
0
0
0
0
0
0
0
0
0
0
0
0
0
0
0
0
0
0
0
0
0
0
0
0
0
0
0
0
0
0
0
0
0
0
0
0
0
0
0
0
0
0
0
0
0
0
0
0
0
0
0
0
0
0
0
0
0
0
0
0
0
0
0
0
0
0
0
0
0
0
0
0
0
0
0
0.0489281947721745
0.00859478526483224
0.00274303343659112
0.00155406488913291
0.00298599877191855
0.00101547375975879
0.00211454624048088
0.00484286184294905
-0.000728740720291246
0.00209626511191615
4.77363638133197e-05
0.000336275100778185
0.00122602843857929
0.00101652358061003
1.66449687205668e-05
0.000973269072508941
0.0014065353042927
0.000766814074252762
0.0010457640022803
0.000126566560854967
-3.97061083413461e-05
-0.000478942799784186
0.000118910536295098
0.000411468567677422
-0.000297398900217673
0.00115459000071505
0.000225540170886123
0.000449257794363298
-0.000195799002252728
0.000566758446075609
0.000187057849813463
0.00225151426381027
0.00105752650509749
0.0014047274773304
-0.000147077327633776
9.01700076823029e-05
0.000892556644672537
0.000293620482471409
-6.72953266071268e-06
-0.000382693906637832
0.000994979430037213
0.000413411979146753
6.8874810671669e-05
0.0010558329012768
0.000363120670612204
-6.81060490600778e-05
-1.11033955303069e-05
-3.34285292297642e-05
-6.20168761448006e-05
-7.58275580455457e-05
-2.94726990365881e-05
-6.32060691963256e-05
-1.77448887460697e-05
-2.09110322339558e-05
0.000212189723927118
9.79578226331652e-05
0
0
0
0
0
0
0
0
0
0
0
0
0
0
0
0
0
0
0
0
0
0
0
0
0
0
0
0
0
0
0
0
0
0
0
0
0
0
0
0
0
0
0
0
0
0
0
0
0
0
0
0
0
0
0
0
0
0
0
0
0
0
0
0
0
0
0
0
0
0
0
0
0
0
0
0
0
0
0
0
0
0
0
0
0
0
0
0
0
0
0
0
0
0
0.048941444472306
0.00861326963735299
0.00278101866699583
0.00158883142237327
0.00298708724138249
0.00102705533634716
0.00213760630436828
0.00483438031630343
-0.000724838531731393
0.00210263887592534
4.98094392811355e-05
0.00032904488786302
0.00121906464268722
0.000995676116448503
2.73121202798384e-06
0.000946530711107795
0.00138757103957583
0.000764195577390026
0.00106218560623885
0.000138122101757387
-3.4753179800541e-05
-0.000479565688533404
0.00011684301184095
0.000423568040114
-0.000295764509693814
0.00113638794878036
0.000222304549151896
0.000447162311825506
-0.000188276277122855
0.000571369682710948
0.000187381840342644
0.00224267945294969
0.00104576588764808
0.00139531275491971
-0.000150007906850941
0.000100956697691165
0.000917939759615992
0.000306587823450007
4.38120808622629e-06
-0.000373828343499397
0.000989435748849172
0.000411281520295453
7.24513442782949e-05
0.00107661872863574
0.000349766612801507
-7.73600996437752e-05
-1.27676331429655e-05
-3.20159841609908e-05
-5.82966083496418e-05
-7.0927080450428e-05
-2.7166046987684e-05
-6.22198413385329e-05
-1.75920286245192e-05
-1.94238271169804e-05
0.000196156290990584
9.0172296486433e-05
0
0
0
0
0
0
0
0
0
0
0
0
0
0
0
0
0
0
0
0
0
0
0
0
0
0
0
0
0
0
0
0
0
0
0
0
0
0
0
0
0
0
0
0
0
0
0
0
0
0
0
0
0
0
0
0
0
0
0
0
0
0
0
0
0
0
0
0
0
0
0
0
0
0
0
0
0
0
0
0
0
0
0
0
0
0
0
0
0
0
0
0
0
0
0.0489565996159674
0.0086356499759289
0.00282048137800027
0.00162509305796834
0.00298983227720172
0.00103983852033109
0.00216119646939218
0.00482630570655754
-0.00072079243257156
0.0021091492965015
5.26227799886246e-05
0.000321559728323825
0.00121199468690791
0.000974750921574556
-1.13638745756843e-05
0.000919048076013293
0.00136828497353386
0.000761225552259536
0.00107844168449623
0.000149519729630492
-3.00863667739722e-05
-0.000480048565254687
0.000114808394835943
0.000437109657334917
-0.000294081116291514
0.00111793472357312
0.000218590359876214
0.000446594584155676
-0.000181235591889314
0.0005756588615779
0.000187416104047139
0.00223525227010526
0.00103446853342324
0.00138730292976326
-0.000153168475539182
0.000111224860172878
0.000942871124432801
0.00031886254543973
1.49653913559446e-05
-0.000365629435300286
0.000984256512652453
0.000409867239097176
7.67539040660661e-05
0.0010988846094321
0.000336034631354544
-8.68945178421381e-05
-1.48058125750014e-05
-3.01247585573457e-05
-5.45711530397353e-05
-6.66855147449344e-05
-2.46025260650523e-05
-6.15290136669819e-05
-1.76234649228288e-05
-1.84974322825826e-05
0.000179738916592048
0
0
0
0
0
0
0
0
0
0
0
0
0
0
0
0
0
0
0
0
0
0
0
0
0
0
0
0
0
0
0
0
0
0
0
0
0
0
0
0
0
0
0
0
0
0
0
0
0
0
0
0
0
0
0
0
0
0
0
0
0
0
0
0
0
0
0
0
0
0
0
0
0
0
0
0
0
0
0
0
0
0
0
0
0
0
0
0
0
0
0
0
0
0
0
0.0489728657271749
0.00865890033844587
0.0028610759079797
0.0016627808038121
0.00299334971531
0.00105335392457427
0.00218566263753834
0.00481869649887419
-0.000716253716977884
0.00211565291929781
5.54283311124709e-05
0.000314149315449094
0.00120485805876071
0.000953585247608523
-2.5517777473724e-05
0.000891375476595612
0.00134922656795969
0.000759321252340572
0.00109494809130499
0.000160592213337206
-2.55669396457792e-05
-0.000480713773998159
0.000112666658295877
0.000450393228270426
-0.000292094590302713
0.0010996349843071
0.000214479934558715
0.000445316636088984
-0.000174531775208
0.000579634849652101
0.000187268847520378
0.00222772670696262
0.00102329051972275
0.00137908450848463
-0.000156509344460836
0.000121150467621523
0.000967386317416232
0.000330838268857143
2.50744119183494e-05
-0.000357834051377916
0.000978979267683983
0.000408285089810325
8.07423041879941e-05
0.00112106381990699
0.000323367624457544
-9.66018018692102e-05
-1.71387917961833e-05
-2.84750084111817e-05
-5.01034736897778e-05
-6.2388431412229e-05
-2.25293614490222e-05
-6.06621217307251e-05
-1.76789639835602e-05
-1.76137260968919e-05
0.000163362902277333
0
0
0
0
0
0
0
0
0
0
0
0
0
0
0
0
0
0
0
0
0
0
0
0
0
0
0
0
0
0
0
0
0
0
0
0
0
0
0
0
0
0
0
0
0
0
0
0
0
0
0
0
0
0
0
0
0
0
0
0
0
0
0
0
0
0
0
0
0
0
0
0
0
0
0
0
0
0
0
0
0
0
0
0
0
0
0
0
0
0
0
0
0
0
0
0.04899046706865
0.00868309652519413
0.00290256161525651
0.00170155825170201
0.00299890610959699
0.00106799166337828
0.00221139439324654
0.00481296018111993
-0.000710711103944821
0.00212256425314495
5.83716085145109e-05
0.000306868155472948
0.0011974979669505
0.000932090588943517
-3.99622599149665e-05
0.000863570220686362
0.0013300017849369
0.000757117426017449
0.00111143781813872
0.000171304865708796
-2.15934451631106e-05
-0.000481644644647297
0.000110218044237761
0.000463359225391199
-0.000290570133830563
0.00108143644289011
0.000210211034014798
0.00044376896080297
-0.000168612235453409
0.000582973529442284
0.000186764336151899
0.00222003901725388
0.00101210729531008
0.00137091007409079
-0.000160215666319834
0.000130897923566968
0.000991567250853903
0.000342447722497836
3.50231716145277e-05
-0.000350614994297515
0.000973204805011454
0.000406294819523783
8.51180486593051e-05
0.0011430052337107
0.000310847116512228
-0.00010446399234183
-1.99616258321599e-05
-2.71883275596007e-05
-4.59699346181434e-05
-5.76306304438991e-05
-2.04670503697155e-05
-6.03995004666362e-05
-1.76758494793231e-05
-1.69457221606853e-05
0.000147371134755497
0
0
0
0
0
0
0
0
0
0
0
0
0
0
0
0
0
0
0
0
0
0
0
0
0
0
0
0
0
0
0
0
0
0
0
0
0
0
0
0
0
0
0
0
0
0
0
0
0
0
0
0
0
0
0
0
0
0
0
0
0
0
0
0
0
0
0
0
0
0
0
0
0
0
0
0
0
0
0
0
0
0
0
0
0
0
0
0
0
0
0
0
0
0
0
0.0490103870555837
0.00870805057811084
0.00294422833497721
0.00174063997283667
0.00300496287178455
0.00108437757679421
0.00223771909030565
0.00480798674189353
-0.000704004201838662
0.00212999839757174
6.11988392231447e-05
0.00029945953410039
0.00119017054042609
0.000910371994098328
-5.43635140318003e-05
0.000835660937357415
0.00131070003854597
0.00075476275756796
0.00112757004287435
0.000181647887475746
-1.81599911855499e-05
-0.000483128875475558
0.000107446078168854
0.000475822683279354
-0.000290151643543615
0.00106272031383585
0.000205739840939062
0.000442100908636463
-0.000163155549425714
0.000585754360808476
0.000185521923428563
0.00221221139411599
0.00100083056335448
0.00136269330426136
-0.000163750818194928
0.000140156729041846
0.00101555365927775
0.000354072715209308
4.46406131768265e-05
-0.000343566271224435
0.000967010553752247
0.000403943732925516
8.89587026327822e-05
0.00116474636650762
0.000297941350226332
-0.00011246626288556
-2.25060573956863e-05
-2.63996377995178e-05
-4.21915667516764e-05
-5.32244232813897e-05
-1.82490818316581e-05
-6.01435865584866e-05
-1.79589093136137e-05
-1.63897398874303e-05
0.000130875686477615
0
0
0
0
0
0
0
0
0
0
0
0
0
0
0
0
0
0
0
0
0
0
0
0
0
0
0
0
0
0
0
0
0
0
0
0
0
0
0
0
0
0
0
0
0
0
0
0
0
0
0
0
0
0
0
0
0
0
0
0
0
0
0
0
0
0
0
0
0
0
0
0
0
0
0
0
0
0
0
0
0
0
0
0
0
0
0
0
0
0
0
0
0
0
0
0.0490489989225952
0.00873590623915752
0.0029859033951229
0.00178014324850975
0.003011517818524
0.00110072931528712
0.00226507511510351
0.004803859012581
-0.000697151212365741
0.00213729522596035
6.34599215759516e-05
0.000291058947554189
0.00118166886683233
0.000889428772726713
-6.61231747871221e-05
0.000815378115118363
0.00129345089394924
0.000752398987611459
0.00114351318600465
0.000193384072629883
-9.89088588016984e-06
-0.000482868604442019
0.000103924656659611
0.000487810720661987
-0.000290561006879651
0.00104302148349163
0.0001996474324029
0.000439976506047251
-0.000156761534174171
0.000587512202366824
0.000182636820252921
0.00220294543290267
0.000988376475178919
0.00135382749115079
-0.000168305040506561
0.000148565118213144
0.00103810079253585
0.000364297299053661
5.48943365267498e-05
-0.000337559483936051
0.000960605067608074
0.000399859171118045
9.22539937422009e-05
0.00118578262740431
0.000283689705077939
-0.000121820356080924
-2.4868162891218e-05
-2.71372501819687e-05
-4.00674426850471e-05
-4.91234904190693e-05
-1.69968080198402e-05
-5.59589696103541e-05
-1.71189732994614e-05
-1.56155851708705e-05
0.000114378311030174
0
0
0
0
0
0
0
0
0
0
0
0
0
0
0
0
0
0
0
0
0
0
0
0
0
0
0
0
0
0
0
0
0
0
0
0
0
0
0
0
0
0
0
0
0
0
0
0
0
0
0
0
0
0
0
0
0
0
0
0
0
0
0
0
0
0
0
0
0
0
0
0
0
0
0
0
0
0
0
0
0
0
0
0
0
0
0
0
0
0
0
0
0
0
0
0.0490885639970148
0.00876895091024063
0.00302915174968298
0.00181980048167564
0.00301842076281691
0.00111734649837581
0.00229266157716292
0.0048006919278761
-0.000689977905767378
0.00214478925060848
6.56610088601959e-05
0.000282392551082291
0.00117267816184567
0.000867905533330949
-7.8075473652071e-05
0.000795496951163174
0.00127744437374096
0.000750166775395312
0.00115939746677247
0.000204942528676984
-8.88012629910866e-07
-0.00048002885958578
0.000101356686503445
0.000499692463653351
-0.000291050245530186
0.00102304496140073
0.000193201595324504
0.000437090944301614
-0.000150507909640132
0.000589933228401731
0.000179610222089251
0.00219325749187447
0.000975665213763796
0.00134432502416359
-0.00017320437173444
0.000156457236338262
0.00106061880279424
0.000374028700571234
6.46608051889768e-05
-0.000331763160459871
0.000953709517717583
0.000395422785673261
9.48071957528202e-05
0.00120676898660728
0.000269106618583318
-0.000131856272683074
-2.76906893570522e-05
-2.7992007876973e-05
-3.86285712367172e-05
-4.56626087950823e-05
-1.57211709876551e-05
-5.22105376821226e-05
-1.61103711888847e-05
-1.4942353332294e-05
9.76064076887188e-05
0
0
0
0
0
0
0
0
0
0
0
0
0
0
0
0
0
0
0
0
0
0
0
0
0
0
0
0
0
0
0
0
0
0
0
0
0
0
0
0
0
0
0
0
0
0
0
0
0
0
0
0
0
0
0
0
0
0
0
0
0
0
0
0
0
0
0
0
0
0
0
0
0
0
0
0
0
0
0
0
0
0
0
0
0
0
0
0
0
0
0
0
0
0
0
0.0491282389046846
0.0088022240462157
0.00307403406188302
0.00185976427676881
0.00302542077495498
0.00113407922454776
0.00232065697534765
0.00479816038091637
-0.000682454343009375
0.00215275657329244
6.81588741967582e-05
0.000273903088226822
0.00116370570329436
0.000846205912447842
-9.02796026141445e-05
0.000775602670087098
0.00126169281853413
0.000748420585661869
0.00117535898031058
0.000216477736077908
7.9466889930865e-06
-0.000477447126444273
9.90441751681103e-05
0.000511607650572469
-0.000291597547094611
0.00100306121797538
0.00018657747751091
0.000433994455162129
-0.000144713049457166
0.000592492158730946
0.000176748087613038
0.00218357676374907
0.000962862907226945
0.00133479959641727
-0.000178328436936659
0.000164215512370092
0.00108297367610359
0.000383952628356296
7.43687131658663e-05
-0.000325817674239625
0.00094691514943904
0.000390827574168351
9.73376462831185e-05
0.00122768986373022
0.000254611190825461
-0.0001420091114688
-3.05668107808077e-05
-2.87678940383854e-05
-3.70200872580465e-05
-4.25577854168917e-05
-1.46892585893618e-05
-4.85450240688994e-05
-1.51841808396966e-05
-1.4060250840415e-05
8.07879069065978e-05
0
0
0
0
0
0
0
0
0
0
0
0
0
0
0
0
0
0
0
0
0
0
0
0
0
0
0
0
0
0
0
0
0
0
0
0
0
0
0
0
0
0
0
0
0
0
0
0
0
0
0
0
0
0
0
0
0
0
0
0
0
0
0
0
0
0
0
0
0
0
0
0
0
0
0
0
0
0
0
0
0
0
0
0
0
0
0
0
0
0
0
0
0
0
0
0.049157099362956
0.00883542435446044
0.00311979394975533
0.00190198688401672
0.00303211382915082
0.0011515172507743
0.00234734855795377
0.00479646725927786
-0.000674055899869426
0.00216217099656077
7.21908390024458e-05
0.000266636747516027
0.00115630110941112
0.000825475727549748
-0.000101633240158123
0.000756677542040285
0.00124708817414507
0.000747967147870688
0.00119292474939404
0.000228693768766173
1.54267973598312e-05
-0.000474806271893611
9.75687523133464e-05
0.000524160022106761
-0.000292871774295759
0.000983599818064513
0.000180592300522512
0.000431505279453053
-0.000138055892800426
0.000592415830134222
0.000173592164746427
0.0021750801612826
0.000951061651080466
0.00132658212816865
-0.000183077696098931
0.000171835645386314
0.001105079379108
0.000394933529476498
8.55448259262929e-05
-0.000318596415286443
0.000942624385058887
0.000388328406884046
0.000100588266174066
0.00124992948761255
0.000242496488560565
-0.000151135218610191
-3.11904289910682e-05
-2.76723938955524e-05
-3.60332207109811e-05
-3.79808452973436e-05
-1.19823767275489e-05
-4.36428307263394e-05
-1.38699367441698e-05
-1.26016555029907e-05
6.59345146010652e-05
0
0
0
0
0
0
0
0
0
0
0
0
0
0
0
0
0
0
0
0
0
0
0
0
0
0
0
0
0
0
0
0
0
0
0
0
0
0
0
0
0
0
0
0
0
0
0
0
0
0
0
0
0
0
0
0
0
0
0
0
0
0
0
0
0
0
0
0
0
0
0
0
0
0
0
0
0
0
0
0
0
0
0
0
0
0
0
0
0
0
0
0
0
0
0
0.049192737971742
0.00887110991501304
0.00316602065818744
0.00194424797285131
0.0030391527605894
0.00116926964840421
0.00237415731778487
0.00479512905306397
-0.000665284621441134
0.00217183273498654
7.66899376581677e-05
0.000260789016258555
0.00115013119687005
0.000806673839797352
-0.000112560955272445
0.000737943429205104
0.00123219741718944
0.000747416233551721
0.00121070946265129
0.000240675787002062
2.25258517334952e-05
-0.000472135011964633
9.5665006703717e-05
0.000535790592428406
-0.000294343873716147
0.000963656587597549
0.000173691389228858
0.000428504944815269
-0.000131964069016699
0.000591733333083897
0.000170980846772109
0.00216688161300046
0.000939504846795105
0.00131798162037384
-0.000187948752373858
0.000178788509609875
0.00112722360698871
0.000406070887041859
9.67978394388367e-05
-0.000311247257888707
0.000939022862217964
0.00038554487264377
0.000104203987283274
0.00127157319893121
0.000230846373493039
-0.000160295855537862
-3.19552830830089e-05
-2.59216566306855e-05
-3.33386960791336e-05
-3.34654922392827e-05
-9.05487769159608e-06
-3.87365426615733e-05
-1.29340472001874e-05
-1.16259453563218e-05
5.09160625124121e-05
0
0
0
0
0
0
0
0
0
0
0
0
0
0
0
0
0
0
0
0
0
0
0
0
0
0
0
0
0
0
0
0
0
0
0
0
0
0
0
0
0
0
0
0
0
0
0
0
0
0
0
0
0
0
0
0
0
0
0
0
0
0
0
0
0
0
0
0
0
0
0
0
0
0
0
0
0
0
0
0
0
0
0
0
0
0
0
0
0
0
0
0
0
0
0
0.049253862310799
0.00891315329814051
0.00321309477184236
0.0019880034696051
0.00304619607673577
0.00118609067977082
0.0024008620330682
0.00479365293450063
-0.00065577011112797
0.00218328005495881
8.48184980085447e-05
0.000254674266447709
0.00114394120187574
0.000788181745148518
-0.000123988726076418
0.000718562472225872
0.00121664631270913
0.000745726608471709
0.00122721284352558
0.000251588488046488
2.84383428290394e-05
-0.000470259937082058
9.35596426933784e-05
0.000546756852308159
-0.000297201878486058
0.00094278788523723
0.000165758352204188
0.000424152298202689
-0.000126779252660522
0.000589732400101017
0.00016682022099775
0.00215920600506409
0.000930366607280891
0.00130974085713846
-0.000193731120409279
0.000184661011357285
0.00115016211156167
0.000417095642480903
0.000107951611868716
-0.000304458089935111
0.000936073902255121
0.000382954575053444
0.000109293863765613
0.00129375763115834
0.000218307915136181
-0.000169443454959777
-3.30453773221978e-05
-2.31062100214801e-05
-3.02588308894392e-05
-2.74974434591631e-05
-6.34485917643843e-06
-3.34792365189432e-05
-1.3030125435353e-05
-1.11622898389093e-05
3.56398882326647e-05
0
0
0
0
0
0
0
0
0
0
0
0
0
0
0
0
0
0
0
0
0
0
0
0
0
0
0
0
0
0
0
0
0
0
0
0
0
0
0
0
0
0
0
0
0
0
0
0
0
0
0
0
0
0
0
0
0
0
0
0
0
0
0
0
0
0
0
0
0
0
0
0
0
0
0
0
0
0
0
0
0
0
0
0
0
0
0
0
0
0
0
0
0
0
0
0.0493268571684497
0.00897569215998221
0.00326505573876292
0.00203163691829126
0.00305464741752383
0.00120313470346871
0.00242728489551305
0.00479192794287836
-0.000646405218282997
0.00219517856428094
9.35178411351833e-05
0.000249670800750701
0.00113749562297045
0.000769855461049306
-0.000135157556798863
0.000699508200868203
0.00120076643962869
0.000743347886299522
0.00124256439056596
0.000261573707671315
3.36004958573375e-05
-0.000469429629455887
9.09197791735219e-05
0.000557552731195896
-0.000300595950288801
0.000920694011973529
0.00015707104391516
0.000419268781399839
-0.000122602958878101
0.000587070844946605
0.000161868442290788
0.00215101303426047
0.000922288125716411
0.00130254710644697
-0.000200238792631306
0.000189367905666
0.00117158660375147
0.000427258371524596
0.000117717734667141
-0.000297940410650882
0.000932424404325966
0.000380103236033016
0.000113398355367038
0.00131491391673491
0.000204552378720555
-0.000179543006927444
-3.48362458907007e-05
-2.20108445308381e-05
-2.62916065622932e-05
-2.25012712241408e-05
-3.76196061272923e-06
-2.86976244701744e-05
-1.25633056617868e-05
-1.17207732148209e-05
1.99562410177197e-05
0
0
0
0
0
0
0
0
0
0
0
0
0
0
0
0
0
0
0
0
0
0
0
0
0
0
0
0
0
0
0
0
0
0
0
0
0
0
0
0
0
0
0
0
0
0
0
0
0
0
0
0
0
0
0
0
0
0
0
0
0
0
0
0
0
0
0
0
0
0
0
0
0
0
0
0
0
0
0
0
0
0
0
0
0
0
0
0
0
0
0
0
0
0
0
0.0493847805837968
0.00901474244387869
0.00328558742655464
0.0020692776941508
0.00306265470206314
0.00121797913517711
0.0024542077848448
0.00479382626741371
-0.0006364369736148
0.00220755620170071
0.000100978327172911
0.000245485929732454
0.00113240353855897
0.000752929282829182
-0.000144944138490634
0.000681547035713162
0.00118615229769783
0.000741777868630562
0.0012586219662897
0.000272223921164056
3.96288596703537e-05
-0.000467207706780573
8.99494585409128e-05
0.000569183700640202
-0.000303968709986651
0.00089883809114286
0.000149297445629943
0.000416650898241158
-0.000115673098620434
0.00058551240547766
0.000157418260320058
0.00214370617427279
0.000916030330865358
0.00129812417416681
-0.00020441924374618
0.000194983726944625
0.00119384563726596
0.000438329708228168
0.000130442857444209
-0.000290660690167418
0.000929334757425391
0.000378070628314899
0.00011864769613252
0.0013371927279985
0.000192278370709525
-0.00018884441713109
-3.61640732026123e-05
-2.04785661136895e-05
-2.165474728806e-05
-1.95673963101216e-05
-5.53945019408347e-07
-2.24817645882513e-05
-9.88611556806063e-06
-9.2008156199396e-06
7.30527190151299e-06
0
0
0
0
0
0
0
0
0
0
0
0
0
0
0
0
0
0
0
0
0
0
0
0
0
0
0
0
0
0
0
0
0
0
0
0
0
0
0
0
0
0
0
0
0
0
0
0
0
0
0
0
0
0
0
0
0
0
0
0
0
0
0
0
0
0
0
0
0
0
0
0
0
0
0
0
0
0
0
0
0
0
0
0
0
0
0
0
0
0
0
0
0
0
0
0.0494262207028811
0.00902732931238041
0.0032633394577699
0.00204813909067334
0.00305926492793285
0.00123233407986976
0.00247706991332747
0.00479573780191095
-0.000623253797516024
0.00222116462687978
0.000109378940737943
0.00023911357135019
0.00112828079491532
0.000737636647863786
-0.000152259782357912
0.000665713631562629
0.00117331384226006
0.000742294814551671
0.00127627804852759
0.000284473320641286
4.7829516851295e-05
-0.000462817048662143
9.12421611325176e-05
0.000582917389540957
-0.000306092195125161
0.000877118668310296
0.000142187853334364
0.000415824520945421
-0.000106624206526753
0.000586028338669985
0.000154607392871748
0.00213751557031254
0.000911412647674431
0.00129661533783873
-0.000204928896022915
0.000203243176516915
0.00121759964544462
0.000451562284002119
0.000145548099337055
-0.000278058147687169
0.000929590421622319
0.000377555555125882
0.000126306000817881
0.00136180114464928
0.000182670909511486
-0.000195412277897699
-3.60087111576158e-05
-1.68603241474978e-05
-1.5832329630725e-05
-1.40759186018661e-05
0
0
0
0
0
0
0
0
0
0
0
0
0
0
0
0
0
0
0
0
0
0
0
0
0
0
0
0
0
0
0
0
0
0
0
0
0
0
0
0
0
0
0
0
0
0
0
0
0
0
0
0
0
0
0
0
0
0
0
0
0
0
0
0
0
0
0
0
0
0
0
0
0
0
0
0
0
0
0
0
0
0
0
0
0
0
0
0
0
0
0
0
0
0
0
0
0
0
0
0
0.0494701885116821
0.00904121947293788
0.00324092714407571
0.00202653948608316
0.00305538182541616
0.00124667085161705
0.00249972014773094
0.00479760028885735
-0.000609951793841321
0.00223524717824872
0.000117711774041889
0.000232614112009719
0.00112408007081502
0.000722562525123059
-0.000159349834256392
0.000649813483406965
0.00116067828681174
0.000743094955736844
0.0012940356001001
0.000296682668042844
5.62252270880549e-05
-0.000458130104127083
9.27934428975695e-05
0.000597381410445802
-0.000308048897290471
0.000855596296276767
0.000135072455400264
0.000414960569062111
-9.78385891222523e-05
0.000586786113349618
0.000151850421370962
0.00213126501324891
0.000906803274812421
0.0012952101393284
-0.000205555975054962
0.000211880000195259
0.00124137447303905
0.000464721656681802
0.000160391840104789
-0.000266142147620451
0.000931345703936632
0.000378134990784937
0.000134355770477235
0.00138703044161887
0.000173476121795752
-0.000201741664304232
-3.63073586779249e-05
-1.36693095560873e-05
-9.49727253627101e-06
-8.76174552840416e-06
0
0
0
0
0
0
0
0
0
0
0
0
0
0
0
0
0
0
0
0
0
0
0
0
0
0
0
0
0
0
0
0
0
0
0
0
0
0
0
0
0
0
0
0
0
0
0
0
0
0
0
0
0
0
0
0
0
0
0
0
0
0
0
0
0
0
0
0
0
0
0
0
0
0
0
0
0
0
0
0
0
0
0
0
0
0
0
0
0
0
0
0
0
0
0
0
0
0
0
0
0.049519016062891
0.00905743824230381
0.00322045111125561
0.00200533554871286
0.00305153755025817
0.00126109560849422
0.00252283783331855
0.00479938058855345
-0.0005966424575659
0.00224993857077191
0.000129099488449398
0.000226029717820507
0.0011196173230907
0.000707494249874214
-0.000166353100387275
0.000633671165372016
0.0011479157838769
0.000744443592330712
0.00131186905411047
0.000308681036019454
6.44217914904106e-05
-0.000452925531192357
9.49102792882684e-05
0.000612310976821204
-0.00030816514101099
0.000835823494584473
0.000128721924949122
0.000414032977566728
-8.89842023823005e-05
0.000587417175712165
0.000149690149785514
0.00212485308028793
0.000901551043482167
0.00129363363850488
-0.000205878558018119
0.000220537644899888
0.00126555157667469
0.000477757400860709
0.000174887201854787
-0.000254772386172247
0.000932321340123344
0.000381419718860266
0.000145037363727789
0.00141320306400898
0.000165887505601583
0
0
0
0
0
0
0
0
0
0
0
0
0
0
0
0
0
0
0
0
0
0
0
0
0
0
0
0
0
0
0
0
0
0
0
0
0
0
0
0
0
0
0
0
0
0
0
0
0
0
0
0
0
0
0
0
0
0
0
0
0
0
0
0
0
0
0
0
0
0
0
0
0
0
0
0
0
0
0
0
0
0
0
0
0
0
0
0
0
0
0
0
0
0
0
0
0
0
0
0
0
0
0
0
0
0.0495718016940799
0.00907822446619803
0.00320194479516262
0.00198603712219247
0.0030487529869931
0.00127666086016989
0.00254762383038902
0.00480186181493048
-0.000583606445466114
0.00226474127641638
0.000140578291536378
0.000220323565699679
0.00111480102204976
0.000692227380050308
-0.000173299157000726
0.000617550056488155
0.00113502402920821
0.000746201565069797
0.00133092237329324
0.000320750243079341
7.23455621215742e-05
-0.0004476407870852
9.78805436137325e-05
0.000627731081187763
-0.000308271414595837
0.000817513176237408
0.000123061853332926
0.000413456773066035
-8.02886078268191e-05
0.000588389151184224
0.000148438280077876
0.00211974778938452
0.000896394269887809
0.00129153526239336
-0.000206297431047186
0.000229880362705224
0.00129075309429975
0.000492213618670406
0.00018980478276367
-0.000243552315941421
0.000933168021760405
0.000383612680246595
0.000158027377676404
0.0014419430823637
0
0
0
0
0
0
0
0
0
0
0
0
0
0
0
0
0
0
0
0
0
0
0
0
0
0
0
0
0
0
0
0
0
0
0
0
0
0
0
0
0
0
0
0
0
0
0
0
0
0
0
0
0
0
0
0
0
0
0
0
0
0
0
0
0
0
0
0
0
0
0
0
0
0
0
0
0
0
0
0
0
0
0
0
0
0
0
0
0
0
0
0
0
0
0
0
0
0
0
0
0
0
0
0
0
0
0.0496313591819323
0.00910004122597939
0.00318438200748534
0.00196897847031095
0.00305044456501528
0.00129796209540079
0.00258168776437718
0.00481756918047358
-0.000568313301765234
0.0022793683170278
0.000152918982371717
0.00021474706474861
0.00110982081055455
0.000676631055461126
-0.0001804985276003
0.000601744532538353
0.00112216520727151
0.000748212328458188
0.00134946138625646
0.000332510525032131
7.98802045704925e-05
-0.000443069880020231
0.000100517010848706
0.000642798001618212
-0.000308796124131189
0.000798773306907235
0.000116972868758507
0.000412702004919129
-7.17602314041969e-05
0.000589285948136318
0.000147173255107565
0.002115203767169
0.000891385764768657
0.00128909711547038
-0.000207233835212017
0.000238818733889897
0.00131553302914481
0.000506045674867343
0.000204588097558688
-0.000232425019214591
0.000933911942892947
0.000385360463009446
0.000169704822114283
0.00147045519939577
0
0
0
0
0
0
0
0
0
0
0
0
0
0
0
0
0
0
0
0
0
0
0
0
0
0
0
0
0
0
0
0
0
0
0
0
0
0
0
0
0
0
0
0
0
0
0
0
0
0
0
0
0
0
0
0
0
0
0
0
0
0
0
0
0
0
0
0
0
0
0
0
0
0
0
0
0
0
0
0
0
0
0
0
0
0
0
0
0
0
0
0
0
0
0
0
0
0
0
0
0
0
0
0
0
0
0.0496902927921664
0.00911774183437318
0.00316663387767653
0.00195188934261984
0.00305108373948114
0.00131666448179051
0.00261217218529594
0.00482751547569557
-0.000560223839640365
0.00229219201767634
0.000164989877315576
0.000208626663965194
0.00110488417054174
0.000661366514587945
-0.000187780003288386
0.000586041135243001
0.00110892146826261
0.000751080944418098
0.00136933188070848
0.000344484730208992
8.80304976332822e-05
-0.000437834771870625
0.000103241596364591
0.00065797290480403
-0.000309051123732197
0.000780568559063906
0.000111571698365631
0.000412982716678153
-6.29336985978458e-05
0.000590307156360082
0.000145950329314954
0.00211086017340258
0.000886687942814697
0.00128694349781326
-0.000208016055838047
0.000248485201504719
0.00134065819813972
0.000519783173923938
0.000219274421864446
-0.000221034242334717
0.000935507879975228
0.000387680244773218
0.000181734317070237
0.00149911411900319
0
0
0
0
0
0
0
0
0
0
0
0
0
0
0
0
0
0
0
0
0
0
0
0
0
0
0
0
0
0
0
0
0
0
0
0
0
0
0
0
0
0
0
0
0
0
0
0
0
0
0
0
0
0
0
0
0
0
0
0
0
0
0
0
0
0
0
0
0
0
0
0
0
0
0
0
0
0
0
0
0
0
0
0
0
0
0
0
0
0
0
0
0
0
0
0
0
0
0
0
0
0
0
0
0
0
0.0497590435457697
0.00913676312106701
0.00314885280532571
0.00193494144042422
0.00305199829078399
0.00133609964094209
0.00264329402707521
0.00483765802181544
-0.000552368690924398
0.00230500641795102
0.000176320146452177
0.000201890046032456
0.0010999127132982
0.000645795529115614
-0.000195990755535438
0.00056989477751508
0.00109546099005553
0.000753827343319372
0.00138928261572847
0.000356399151059291
9.55856582486874e-05
-0.000432879084328945
0.000105799793347093
0.000672513372696885
-0.00030968773363611
0.000763007233415294
0.000106988826131434
0.000414178572040447
-5.39370935082269e-05
0.000591054456284677
0.000144532728267235
0.00210639381706151
0.000881881332986013
0.00128435947193139
-0.000209122796691931
0.000257989976068219
0.00136558619740115
0.000533301516571212
0.000233483801008386
-0.000210504621587985
0.000936258882674249
0.000389800887728351
0.000193685528879599
0.00152721681223036
0
0
0
0
0
0
0
0
0
0
0
0
0
0
0
0
0
0
0
0
0
0
0
0
0
0
0
0
0
0
0
0
0
0
0
0
0
0
0
0
0
0
0
0
0
0
0
0
0
0
0
0
0
0
0
0
0
0
0
0
0
0
0
0
0
0
0
0
0
0
0
0
0
0
0
0
0
0
0
0
0
0
0
0
0
0
0
0
0
0
0
0
0
0
0
0
0
0
0
0
0
0
0
0
0
0
0.0498282716440558
0.00915861490668239
0.00313153356787775
0.00191812568662731
0.0030532877517139
0.00135602823206649
0.00267484869087011
0.00484815740763469
-0.000544415077077949
0.00231791281349902
0.000187867514178545
0.000195039849809866
0.00109474653565611
0.000630242183575162
-0.00020417487565484
0.000553688984893398
0.00108192113195294
0.000756411395672128
0.00140914533875901
0.000368252357368475
0.000102939626139575
-0.000428210083143709
0.000108190225037422
0.000686982812062816
-0.000310612137591728
0.000745251430913626
0.00010297466826617
0.000416616764377627
-4.38564265830346e-05
0.000592227199878055
0.000143719873376795
0.0021021144923204
0.00087711657447132
0.00128175448589182
-0.000210148248292973
0.000267504323152982
0.00139035913210334
0.000546613815201045
0.000247561525129
-0.00020013064701182
0.000936846616368325
0.000391490912639839
0.000205435414785874
0.00155560729504971
0
0
0
0
0
0
0
0
0
0
0
0
0
0
0
0
0
0
0
0
0
0
0
0
0
0
0
0
0
0
0
0
0
0
0
0
0
0
0
0
0
0
0
0
0
0
0
0
0
0
0
0
0
0
0
0
0
0
0
0
0
0
0
0
0
0
0
0
0
0
0
0
0
0
0
0
0
0
0
0
0
0
0
0
0
0
0
0
0
0
0
0
0
0
0
0
0
0
0
0
0
0
0
0
0
0
0.0498984448915718
0.00918070074641354
0.00311502994424638
0.00190128177237877
0.00305450904587236
0.00137595605037526
0.00270658138926204
0.00485870312419156
-0.00053643340562276
0.00233074869160469
0.00019976234755697
0.000188610490094404
0.00108994856837126
0.000614817989228643
-0.000212359275462864
0.000537538153925009
0.00106887194650754
0.000759037106301548
0.00142902575237942
0.000380018376121317
0.000110158805876502
-0.000423744461380394
0.000110661871129865
0.000701511622426824
-0.0003114045516585
0.00072776490537259
9.90492820572707e-05
0.000419288350031769
-3.29850918620066e-05
0.000593993731111377
0.000143016472323152
0.00209866745586573
0.000872394256541874
0.00127909282174365
-0.000211332017126296
0.000277077073259872
0.00141530725739874
0.000559755382265587
0.000261158488415095
-0.000190055757535621
0.000937231872047046
0.000393616045898177
0.000216824554613392
0.00158409639754771
0
0
0
0
0
0
0
0
0
0
0
0
0
0
0
0
0
0
0
0
0
0
0
0
0
0
0
0
0
0
0
0
0
0
0
0
0
0
0
0
0
0
0
0
0
0
0
0
0
0
0
0
0
0
0
0
0
0
0
0
0
0
0
0
0
0
0
0
0
0
0
0
0
0
0
0
0
0
0
0
0
0
0
0
0
0
0
0
0
0
0
0
0
0
0
0
0
0
0
0
0
0
0
0
0
0
0.0499738123838611
0.00920309413158978
0.00309859243684257
0.00188528003883566
0.00305575760315533
0.00139585414700395
0.00273838160507509
0.0048695587265016
-0.000528464146267088
0.00234351212414622
0.000211301263619554
0.000182938100325588
0.00108512904741557
0.000600387320744404
-0.00022031193017955
0.000521523937361012
0.00105580553190271
0.000761990610104487
0.00144888650332292
0.000392331047095815
0.000117076144581437
-0.000419510794491101
0.000112996494723513
0.000715737114265498
-0.000312577781917349
0.000709968780501961
9.46887385842266e-05
0.000421741154589129
-2.23717487441367e-05
0.000595699905946708
0.000142264476371786
0.00209498412581965
0.0008678676979956
0.00127634251192149
-0.000212594783880416
0.000286477080156921
0.0014399792916365
0.000572545424224061
0.00027407882711736
-0.000180681823431803
0.000937213286611746
0.000395651966902689
0.000228015122214298
0.00161200769005823
0
0
0
0
0
0
0
0
0
0
0
0
0
0
0
0
0
0
0
0
0
0
0
0
0
0
0
0
0
0
0
0
0
0
0
0
0
0
0
0
0
0
0
0
0
0
0
0
0
0
0
0
0
0
0
0
0
0
0
0
0
0
0
0
0
0
0
0
0
0
0
0
0
0
0
0
0
0
0
0
0
0
0
0
0
0
0
0
0
0
0
0
0
0
0
0
0
0
0
0
0
0
0
0
0
0
0.0500427925827826
0.00922528333867756
0.00308130799973348
0.00186710269593912
0.00305498225816084
0.00141505030595803
0.0027702286136853
0.00487478233383811
-0.000525286842187125
0.00235420395636884
0.00022299985498734
0.000177314894370003
0.00108147447907793
0.000586720285427528
-0.000229242417957965
0.000505661911228399
0.00104289477448902
0.000765379666187431
0.00147018026356585
0.000404992569125578
0.000124386660050651
-0.000416347331328739
0.000114767016748056
0.000730290891845086
-0.000314818836104537
0.000691939021745675
8.96737770750086e-05
0.000424153989788707
-1.11874472809584e-05
0.000594572986503778
0.000138613063599278
0.00209062672553985
0.000859144887578421
0.00127312033521585
-0.000214269109091528
0.000295998591634287
0.00146438404169132
0.000585504792548328
0.000284573008178143
-0.000171985136621588
0.000937498502007945
0.000397324512833967
0.000236507672517005
0.00163691398728853
0
0
0
0
0
0
0
0
0
0
0
0
0
0
0
0
0
0
0
0
0
0
0
0
0
0
0
0
0
0
0
0
0
0
0
0
0
0
0
0
0
0
0
0
0
0
0
0
0
0
0
0
0
0
0
0
0
0
0
0
0
0
0
0
0
0
0
0
0
0
0
0
0
0
0
0
0
0
0
0
0
0
0
0
0
0
0
0
0
0
0
0
0
0
0
0
0
0
0
0
0
0
0
0
0
0
0.0501122256314875
0.0092459280616191
0.00306393451211459
0.00184874607002172
0.00305377568468307
0.00143374868394524
0.00280194795926019
0.004880290440686
-0.000523727675634057
0.00236360778421482
0.000234207866056994
0.000171799549064424
0.0010779853806308
0.000573953344043087
-0.000237785511456168
0.00049041374437509
0.00103006323935175
0.000768931218342032
0.00149161283948808
0.000418388357572362
0.000131683765063296
-0.000413149772663162
0.00011608114359273
0.000744900963930316
-0.000316929117101099
0.000673813449328745
8.55431688463632e-05
0.000427214856267821
1.28344285284727e-06
0.000594227720655382
0.000134836084977483
0.00208693290659503
0.000851740713804756
0.00126925007758472
-0.000215265390670255
0.000305708048366057
0.00148891952351646
0.000598320216130323
0.000295183777786682
-0.000164326280610195
0.000937391769055431
0.000398959576228149
0.000244744277341604
0.00166083215317803
0
0
0
0
0
0
0
0
0
0
0
0
0
0
0
0
0
0
0
0
0
0
0
0
0
0
0
0
0
0
0
0
0
0
0
0
0
0
0
0
0
0
0
0
0
0
0
0
0
0
0
0
0
0
0
0
0
0
0
0
0
0
0
0
0
0
0
0
0
0
0
0
0
0
0
0
0
0
0
0
0
0
0
0
0
0
0
0
0
0
0
0
0
0
0
0
0
0
0
0
0
0
0
0
0
0
0.0501830990508582
0.00926661183893362
0.00304584778144201
0.00183051284592382
0.00305231970211965
0.00145219258470055
0.00283368638110631
0.00488582005922069
-0.000521795694218596
0.00237227773795651
0.000244950212277062
0.000166089025099458
0.00107465015341934
0.000561497329209291
-0.000245650419776216
0.000475892741296809
0.00101753311842249
0.000772685027254113
0.00151314859589317
0.0004318230138937
0.00013964719920548
-0.000410054514124334
0.00011791856563184
0.000759962082510836
-0.000318665833344009
0.000655892704805203
8.17202094693965e-05
0.000430282918677853
1.37019598614558e-05
0.000593885587993496
0.000131564858655636
0.00208314660709838
0.000844433585169531
0.00126574911817762
-0.000216667362699061
0.000315844911636274
0.00151348529492468
0.000611160153627565
0.000305603014087048
-0.000156953090217596
0.000936669765408432
0.000400635641051941
0.000253381000109674
0.00168462346775611
0
0
0
0
0
0
0
0
0
0
0
0
0
0
0
0
0
0
0
0
0
0
0
0
0
0
0
0
0
0
0
0
0
0
0
0
0
0
0
0
0
0
0
0
0
0
0
0
0
0
0
0
0
0
0
0
0
0
0
0
0
0
0
0
0
0
0
0
0
0
0
0
0
0
0
0
0
0
0
0
0
0
0
0
0
0
0
0
0
0
0
0
0
0
0
0
0
0
0
0
0
0
0
0
0
0
0.050256426126088
0.00928810285820086
0.00302666364025838
0.00181093305571488
0.00305101567361759
0.00147024891302668
0.00286493239227
0.00489129736600494
-0.000519483323178527
0.00238283179623263
0.000254778736422102
0.000160449988824158
0.00107142734444512
0.000550108506216379
-0.000251926118988886
0.000464189844232564
0.00100862026669227
0.000776804853582251
0.00153466791500297
0.00044555950575051
0.000148566198254113
-0.00040281652561266
0.000119826492693652
0.000775083533228024
-0.00032044110668061
0.000637984993221322
7.77249074184313e-05
0.000432664244334901
2.58756872227037e-05
0.000593122184102086
0.000127811044376074
0.00207939000271296
0.000836390166247882
0.00126155680055152
-0.000217790282263044
0.000325939309895225
0.00154009109154798
0.0006245590935477
0.000316053952751415
-0.000149725570814447
0.000935504043063768
0.000401403303310524
0.000261773555453472
0.00170898146538192
0
0
0
0
0
0
0
0
0
0
0
0
0
0
0
0
0
0
0
0
0
0
0
0
0
0
0
0
0
0
0
0
0
0
0
0
0
0
0
0
0
0
0
0
0
0
0
0
0
0
0
0
0
0
0
0
0
0
0
0
0
0
0
0
0
0
0
0
0
0
0
0
0
0
0
0
0
0
0
0
0
0
0
0
0
0
0
0
0
0
0
0
0
0
0
0
0
0
0
0
0
0
0
0
0
0
0.0503302239178768
0.00931057159963654
0.00300779374979933
0.00179128497775057
0.00304949254207609
0.00148827519117564
0.00289605947090217
0.00489662529928587
-0.000517502510273887
0.00239373411479938
0.000265812757462201
0.000154663682474482
0.00106830409343615
0.000538936290696487
-0.00025753559013542
0.000454008359400456
0.00100172573728933
0.000783444680323802
0.00155670114309025
0.000459307675502609
0.000157680255872289
-0.000395264340963956
0.000123146829279428
0.000790153688311811
-0.000322256038375035
0.000620036288729792
7.37695666163347e-05
0.000434933990982782
3.76988867085485e-05
0.00059233355172315
0.000124091450090275
0.0020757174383208
0.000828386927932592
0.00125715585688281
-0.00021906729014445
0.000336201727152366
0.00156694430637196
0.00063861183442437
0.000326715297790503
-0.000142479260322014
0.000934316400045779
0.00040213542976508
0.000270355362048339
0.00173399026429225
0
0
0
0
0
0
0
0
0
0
0
0
0
0
0
0
0
0
0
0
0
0
0
0
0
0
0
0
0
0
0
0
0
0
0
0
0
0
0
0
0
0
0
0
0
0
0
0
0
0
0
0
0
0
0
0
0
0
0
0
0
0
0
0
0
0
0
0
0
0
0
0
0
0
0
0
0
0
0
0
0
0
0
0
0
0
0
0
0
0
0
0
0
0
0
0
0
0
0
0
0
0
0
0
0
0
0.0504052718762264
0.00933346588303378
0.0029896374891367
0.00177155858098693
0.00304732279254163
0.00150570729482752
0.00292791113965919
0.00490174520872773
-0.000515839011267463
0.00240449763498777
0.000277048457207677
0.000150144288812681
0.00106486793469054
0.000527721919045551
-0.000262902708244263
0.000444727926474966
0.000996666315068959
0.000792407280306449
0.00158142843453695
0.000473432159359594
0.000166769832585007
-0.000387465183393867
0.000126645682749444
0.000806175672463537
-0.000324267850199039
0.00060206758239201
6.96035567881417e-05
0.000437027857599886
4.93338137617232e-05
0.000590976686281526
0.000120197973287112
0.00207186778079215
0.000820308508158045
0.00125274503858771
-0.000220863703895035
0.000346101941624593
0.00159362417662448
0.000652242777805893
0.000337584444193828
-0.000135060075399413
0.000933139405101677
0.00040266692965721
0.000278622786110594
0.00175927843942535
0
0
0
0
0
0
0
0
0
0
0
0
0
0
0
0
0
0
0
0
0
0
0
0
0
0
0
0
0
0
0
0
0
0
0
0
0
0
0
0
0
0
0
0
0
0
0
0
0
0
0
0
0
0
0
0
0
0
0
0
0
0
0
0
0
0
0
0
0
0
0
0
0
0
0
0
0
0
0
0
0
0
0
0
0
0
0
0
0
0
0
0
0
0
0
0
0
0
0
0
0
0
0
0
0
0
0.050481722696617
0.00935695997395618
0.00297146584507155
0.00175224088954921
0.00304490948582927
0.00152244140444597
0.00295911971300348
0.00490761937353113
-0.000514487121887241
0.00241491086497369
0.000287674845532426
0.000145577171854717
0.00106203165706779
0.000515904282237033
-0.000268603186952121
0.000435542716075211
0.000991973706885118
0.000801846603399188
0.00160718754154453
0.000488583853518985
0.000175949623679538
-0.000379848523775305
0.000130263278606565
0.000822388444449447
-0.000325431016490364
0.00058395247126984
6.54131037989442e-05
0.000438917446174393
6.08667652186039e-05
0.000589681218449711
0.000115940660792637
0.00206791345277056
0.000812053247052622
0.00124841607172354
-0.000222304285638616
0.000355592829348576
0.00161996584809762
0.000665778749714721
0.000347883822097516
-0.000127442354679957
0.000932280578387547
0.000403461087694817
0.000286744549460138
0.00178454233824078
0
0
0
0
0
0
0
0
0
0
0
0
0
0
0
0
0
0
0
0
0
0
0
0
0
0
0
0
0
0
0
0
0
0
0
0
0
0
0
0
0
0
0
0
0
0
0
0
0
0
0
0
0
0
0
0
0
0
0
0
0
0
0
0
0
0
0
0
0
0
0
0
0
0
0
0
0
0
0
0
0
0
0
0
0
0
0
0
0
0
0
0
0
0
0
0
0
0
0
0
0
0
0
0
0
0
0.0505593449451125
0.00938101814796294
0.0029534223198125
0.00173288748330467
0.00304332958913648
0.00153910336799603
0.00298993261189276
0.00491297079648781
-0.000512798743510411
0.00242509471453279
0.000297985442791931
0.00014037922080886
0.00105903000534772
0.000504278046632447
-0.000274723263439344
0.000426420820613967
0.000987210119039562
0.000811325857566315
0.00163308269544426
0.000504325929783998
0.000185517780028728
-0.000371861083577615
0.00013379782762988
0.000838684633935723
-0.000326187205836415
0.000567838257724586
6.12054630090965e-05
0.000440820570000297
7.21655926129284e-05
0.000588414497168639
0.000111750167150312
0.0020637336753712
0.00080438075986054
0.00124410312983615
-0.00022358797560491
0.000365215775308293
0.00164602703608417
0.000678990829804348
0.000358311256506262
-0.000119827796327707
0.000932351500823762
0.000404641856067133
0.000294958996176863
0.00180969805178176
0
0
0
0
0
0
0
0
0
0
0
0
0
0
0
0
0
0
0
0
0
0
0
0
0
0
0
0
0
0
0
0
0
0
0
0
0
0
0
0
0
0
0
0
0
0
0
0
0
0
0
0
0
0
0
0
0
0
0
0
0
0
0
0
0
0
0
0
0
0
0
0
0
0
0
0
0
0
0
0
0
0
0
0
0
0
0
0
0
0
0
0
0
0
0
0
0
0
0
0
0
0
0
0
0
0
0.0506406415797467
0.00940709338073097
0.00293556047295097
0.00171355264380594
0.00304159063354311
0.00155603134503706
0.00302057521060619
0.00491778790612113
-0.000511704064198726
0.00243637645233484
0.00030799725956739
0.000134881205477224
0.00105551618619671
0.000492419844803408
-0.000281073665320889
0.000416521403247069
0.000982033569608766
0.000820492563246863
0.00165873773405029
0.000519815859763775
0.000195186138762856
-0.000364257387684996
0.000137949604865346
0.000855085383117194
-0.00032689234556383
0.000551650770456931
5.73887489347426e-05
0.000442532525790199
8.353553780988e-05
0.000586824151923289
0.000107449077132734
0.00205945695072976
0.000796225429101971
0.00124045653616418
-0.000225074384324416
0.000374667329045941
0.00167204660485413
0.000691986521515495
0.000368535915220399
-0.000112192960652068
0.000931998408043739
0.000405971461900326
0.000303168464243735
0.00183483444615268
0
0
0
0
0
0
0
0
0
0
0
0
0
0
0
0
0
0
0
0
0
0
0
0
0
0
0
0
0
0
0
0
0
0
0
0
0
0
0
0
0
0
0
0
0
0
0
0
0
0
0
0
0
0
0
0
0
0
0
0
0
0
0
0
0
0
0
0
0
0
0
0
0
0
0
0
0
0
0
0
0
0
0
0
0
0
0
0
0
0
0
0
0
0
0
0
0
0
0
0
0
0
0
0
0
0
0.0507225037684739
0.00943491121945348
0.00291865687149533
0.0016943137746014
0.00304003243619782
0.00157287951932244
0.00305152801788037
0.00492253190533674
-0.000511285264734701
0.00244701838289566
0.000319352855978997
0.000129145780035436
0.00105168313252914
0.000480017979628978
-0.000287536517988204
0.000406580595206128
0.000976154040135327
0.000829236032705611
0.00168410082532934
0.000535188458685681
0.000204785210308286
-0.000356325614263516
0.000142079663129686
0.000871793753480798
-0.000327546658229155
0.000535536309995795
5.35473727387366e-05
0.000444607782597402
9.48345609888056e-05
0.000585497984376718
0.000102993408759361
0.00205514973050282
0.000788063760751595
0.00123662854116086
-0.000226346930378121
0.000383976846232919
0.00169800104719494
0.000705032874492852
0.000378471900490203
-0.00010494703317904
0.000931553424245671
0.000406920884972455
0.000311461586448619
0.00185995520228781
0
0
0
0
0
0
0
0
0
0
0
0
0
0
0
0
0
0
0
0
0
0
0
0
0
0
0
0
0
0
0
0
0
0
0
0
0
0
0
0
0
0
0
0
0
0
0
0
0
0
0
0
0
0
0
0
0
0
0
0
0
0
0
0
0
0
0
0
0
0
0
0
0
0
0
0
0
0
0
0
0
0
0
0
0
0
0
0
0
0
0
0
0
0
0
0
0
0
0
0
0
0
0
0
0
0
0.0508078831267261
0.00946335922915241
0.00290253194322643
0.00167554159460464
0.00303857068294442
0.00158974500381101
0.00308264690539069
0.00492737247729239
-0.0005113807006454
0.00245695396590539
0.000329887853980314
0.000124247278115118
0.00104768603456039
0.000467456735562073
-0.000295033670187627
0.000396612158051092
0.00097025275623361
0.000837237618862151
0.00170869320883835
0.000550157045637702
0.000214021263725225
-0.000348683114481178
0.00014616830171666
0.000887952300730643
-0.000328721885946435
0.000519105695737764
4.97697799570745e-05
0.00044636426437778
0.000105726813079322
0.000583804054468846
9.85061683125014e-05
0.0020503852200633
0.000779669416739526
0.00123274757990126
-0.000227384565028665
0.000392791110784055
0.00172329947274598
0.000717377664044369
0.000388026553384403
-9.79391308784549e-05
0.000931679745430723
0.000408755711660384
0.000319754571859675
0.00188600197139463
0
0
0
0
0
0
0
0
0
0
0
0
0
0
0
0
0
0
0
0
0
0
0
0
0
0
0
0
0
0
0
0
0
0
0
0
0
0
0
0
0
0
0
0
0
0
0
0
0
0
0
0
0
0
0
0
0
0
0
0
0
0
0
0
0
0
0
0
0
0
0
0
0
0
0
0
0
0
0
0
0
0
0
0
0
0
0
0
0
0
0
0
0
0
0
0
0
0
0
0
0
0
0
0
0
0
0.0508960676519583
0.00949363305453074
0.00288663325134071
0.00165714913268017
0.00303759871351218
0.00160722328343094
0.00311358688702656
0.00493211839515405
-0.000511582753702372
0.00246644544671066
0.000340156850246958
0.000118704049789435
0.00104381126437728
0.000454617469056453
-0.000302518589218343
0.000385935280982773
0.000964429272085992
0.000845217933072357
0.00173238485183704
0.000564148233143349
0.000223111446237118
-0.000341312004177587
0.000149905688466932
0.000904062359883974
-0.000330163056182974
0.000502587908885857
4.58670460091362e-05
0.000448181225627173
0.000116421366039532
0.000581686466052752
9.3920739407985e-05
0.00204551885026594
0.000770833780336695
0.00122906379615213
-0.000227632165507514
0.000401583179044216
0.00174850152966506
0.000729493147669622
0.000397419467859845
-9.09057325475666e-05
0.000932189720158779
0.000412553390254781
0.00032999284486025
0.00191177818359
0
0
0
0
0
0
0
0
0
0
0
0
0
0
0
0
0
0
0
0
0
0
0
0
0
0
0
0
0
0
0
0
0
0
0
0
0
0
0
0
0
0
0
0
0
0
0
0
0
0
0
0
0
0
0
0
0
0
0
0
0
0
0
0
0
0
0
0
0
0
0
0
0
0
0
0
0
0
0
0
0
0
0
0
0
0
0
0
0
0
0
0
0
0
0
0
0
0
0
0
0
0
0
0
0
0
0.0509857434492693
0.0095250663957165
0.00287126884526248
0.00163918921271183
0.00303713967097066
0.00162539351780612
0.00314489305585065
0.00493697207260789
-0.00051193898919568
0.00247687607258837
0.000350414038165396
0.000112338706149734
0.0010391126070839
0.000443230298689858
-0.000310367338911856
0.00037494075098809
0.000957896187760436
0.000853172021092228
0.00175617993832686
0.000577303034077
0.000231960622751481
-0.000334207983676941
0.000153515315330907
0.000919976256534422
-0.00033120975430328
0.000486785630509701
4.27303872771937e-05
0.000450677356120593
0.00012722324840924
0.000580235900769086
9.20077489733024e-05
0.00204133016681049
0.000762270178457814
0.00122522500172291
-0.000227525231854121
0.000411279905701961
0.00177386872931699
0.0007415087422063
0.000406546201031958
-8.42856166414982e-05
0.000932517664336694
0.000415861167650261
0.000340195959078758
0.00193804654026684
0
0
0
0
0
0
0
0
0
0
0
0
0
0
0
0
0
0
0
0
0
0
0
0
0
0
0
0
0
0
0
0
0
0
0
0
0
0
0
0
0
0
0
0
0
0
0
0
0
0
0
0
0
0
0
0
0
0
0
0
0
0
0
0
0
0
0
0
0
0
0
0
0
0
0
0
0
0
0
0
0
0
0
0
0
0
0
0
0
0
0
0
0
0
0
0
0
0
0
0
0
0
0
0
0
0
0.0510794668395092
0.00955749210762934
0.00285627328981988
0.00162113864214593
0.00303698777551271
0.00164390775481148
0.00317649534602375
0.00494187765005505
-0.000512275096472856
0.00248694320323613
0.000361103112537963
0.000107129249439969
0.00103361108675115
0.000430992054465199
-0.000317053758032175
0.000363529797865219
0.000950941218981374
0.000860355380662143
0.00177961729416775
0.000590437531149726
0.000239924738268015
-0.000327458288370358
0.000156904923417932
0.000935685530077504
-0.00033284144341822
0.000470783739448749
3.91372407472437e-05
0.000453340590705705
0.000138260568683279
0.000578823588677312
9.01345459256798e-05
0.00203784874104442
0.00075396918068223
0.00122288269741558
-0.000226184162480045
0.000421801711166163
0.00180003036977503
0.000755147016270614
0.000415307463878719
-7.80364952472993e-05
0.000932444459822357
0.00041886686211314
0.000349851726403636
0.00196396345900257
0
0
0
0
0
0
0
0
0
0
0
0
0
0
0
0
0
0
0
0
0
0
0
0
0
0
0
0
0
0
0
0
0
0
0
0
0
0
0
0
0
0
0
0
0
0
0
0
0
0
0
0
0
0
0
0
0
0
0
0
0
0
0
0
0
0
0
0
0
0
0
0
0
0
0
0
0
0
0
0
0
0
0
0
0
0
0
0
0
0
0
0
0
0
0
0
0
0
0
0
0
0
0
0
0
0
0.0511783989229445
0.00959466688804565
0.00284149592019915
0.00160279511124565
0.00303620739584497
0.00166237891233235
0.00320815433542364
0.00494674078775394
-0.000512858084423117
0.00249707439981867
0.000371507078379928
0.000101978562949912
0.00102918776792463
0.000417774177833668
-0.000324769913673348
0.000351881775106132
0.000943503769943528
0.000867048637496664
0.00180239016601363
0.000603122452202379
0.000248146284529997
-0.000321455335174155
0.000160100864874991
0.000951427139965431
-0.000334495825350385
0.000454466242822154
3.4927867294315e-05
0.000455250607355178
0.000148404364118387
0.000576956450688892
8.81934225290697e-05
0.00203411546425408
0.000745431117043455
0.00122051894841079
-0.000223450600539041
0.000433690322864997
0.00182700955066606
0.000769479612866039
0.000425577239679925
-7.25052803982072e-05
0.000931767518789342
0.000421100445207762
0.000359003645513417
0.00198911842725279
0
0
0
0
0
0
0
0
0
0
0
0
0
0
0
0
0
0
0
0
0
0
0
0
0
0
0
0
0
0
0
0
0
0
0
0
0
0
0
0
0
0
0
0
0
0
0
0
0
0
0
0
0
0
0
0
0
0
0
0
0
0
0
0
0
0
0
0
0
0
0
0
0
0
0
0
0
0
0
0
0
0
0
0
0
0
0
0
0
0
0
0
0
0
0
0
0
0
0
0
0
0
0
0
0
0
0.0512826677964926
0.00963510723439655
0.00283007643687721
0.0015846918691133
0.0030350439210799
0.00168005721881952
0.00323990634842985
0.0049517880105405
-0.000513436409878292
0.00250698880200752
0.000382119022065808
9.64990322331063e-05
0.00102471796623603
0.000405423108936707
-0.000333800182481274
0.000339247396285927
0.000936747290030893
0.000874576498921576
0.0018247439310422
0.000614920157519537
0.000255752818492853
-0.000316108373654006
0.000162243082988861
0.000966790280061041
-0.000336451235887943
0.000437951276879787
3.02665172832112e-05
0.000456452253038446
0.000157612015824502
0.000574210688819525
8.58262349587532e-05
0.00203030017240856
0.000736428457677653
0.00121741120158316
-0.000220959184428055
0.000446745785880662
0.0018549994604802
0.000784499310060614
0.000436583643127537
-6.60692216884496e-05
0.000930465252283897
0.000422631979600486
0.000367251457768413
0.00201378738254816
0
0
0
0
0
0
0
0
0
0
0
0
0
0
0
0
0
0
0
0
0
0
0
0
0
0
0
0
0
0
0
0
0
0
0
0
0
0
0
0
0
0
0
0
0
0
0
0
0
0
0
0
0
0
0
0
0
0
0
0
0
0
0
0
0
0
0
0
0
0
0
0
0
0
0
0
0
0
0
0
0
0
0
0
0
0
0
0
0
0
0
0
0
0
0
0
0
0
0
0
0
0
0
0
0
0
0.0513893600595574
0.00967910735342502
0.00281990691992515
0.00156801875192168
0.00303404757914585
0.00169757517510126
0.00327138446079164
0.00495721647120513
-0.000512566503065316
0.00251752677917819
0.000392920838624766
9.09236381446749e-05
0.00101990144308849
0.00039285281385084
-0.000342692055049754
0.000325525652376846
0.000929199993348602
0.000882627585735884
0.00184786704122465
0.000626415885145811
0.000262389122028501
-0.000311108501037164
0.000164059316904736
0.000980811379436802
-0.000339477170759188
0.000420935148343897
2.52498340006407e-05
0.00045719325934152
0.000166542373253637
0.000571419264656823
8.32530709292623e-05
0.00202629133356047
0.000727390854330643
0.00121399909728588
-0.000219180216906711
0.000460017064740088
0.00188358546732861
0.000799813326630555
0.000447977843985885
-5.89727596153143e-05
0.000929835933453153
0.000424013971459054
0.000375168992474305
0.00203813445338578
0
0
0
0
0
0
0
0
0
0
0
0
0
0
0
0
0
0
0
0
0
0
0
0
0
0
0
0
0
0
0
0
0
0
0
0
0
0
0
0
0
0
0
0
0
0
0
0
0
0
0
0
0
0
0
0
0
0
0
0
0
0
0
0
0
0
0
0
0
0
0
0
0
0
0
0
0
0
0
0
0
0
0
0
0
0
0
0
0
0
0
0
0
0
0
0
0
0
0
0
0
0
0
0
0
0
0.0514977001413921
0.00972502189036411
0.00281148174561031
0.0015517030949586
0.00303361854945702
0.00171534591858091
0.00330281299263989
0.00496265863690012
-0.000510946975061775
0.00253052423173969
0.000404851231340363
8.55257082234614e-05
0.00101505170086639
0.000379956746781191
-0.000351829954307732
0.000311485136069478
0.000920698187833945
0.000889944984586618
0.00187190429956999
0.000638176157285459
0.00026872943281905
-0.000306433668315528
0.000165693402153943
0.000994622137617617
-0.000343263785977731
0.000403560137174336
2.00831801925152e-05
0.000458011414184377
0.000175133572494916
0.000568558823356495
8.07250702228633e-05
0.00202243526617532
0.000718319892696112
0.00121058568710058
-0.000217798774575327
0.000472384078711671
0.00191203062439418
0.000815273722621814
0.000459194376806794
-5.17851151708773e-05
0.000929651204253346
0.000425252366803379
0.000383175164935171
0.0020621309152418
0
0
0
0
0
0
0
0
0
0
0
0
0
0
0
0
0
0
0
0
0
0
0
0
0
0
0
0
0
0
0
0
0
0
0
0
0
0
0
0
0
0
0
0
0
0
0
0
0
0
0
0
0
0
0
0
0
0
0
0
0
0
0
0
0
0
0
0
0
0
0
0
0
0
0
0
0
0
0
0
0
0
0
0
0
0
0
0
0
0
0
0
0
0
0
0
0
0
0
0
0
0
0
0
0
0
0.0516069177417024
0.00977160753199359
0.00280359219860453
0.00153634026758662
0.0030335518588522
0.00173350314754655
0.0033344824397903
0.00496810211535819
-0.000509573129499911
0.00254371616703792
0.000417361867225631
8.04709345172553e-05
0.00101018233150656
0.000367019779587129
-0.000361132283039426
0.00029745123372086
0.000912037265480797
0.000896844882356614
0.00189553818533304
0.000650104557618374
0.000275081752507872
-0.000301941733997963
0.000167396139959973
0.00100836965804925
-0.000347022708376895
0.000386787843222154
1.58612921484507e-05
0.000459169533011553
0.000184384281114717
0.000565741345142948
7.8273302454797e-05
0.0020189219854031
0.000709522357902389
0.00120740650670402
-0.000216374788761271
0.000484570506036395
0.00194032830734952
0.000830627782611692
0.000470521760196126
-4.45212019735273e-05
0.000929545301458984
0.000426803377459495
0.000391377818554968
0.00208681006740749
0
0
0
0
0
0
0
0
0
0
0
0
0
0
0
0
0
0
0
0
0
0
0
0
0
0
0
0
0
0
0
0
0
0
0
0
0
0
0
0
0
0
0
0
0
0
0
0
0
0
0
0
0
0
0
0
0
0
0
0
0
0
0
0
0
0
0
0
0
0
0
0
0
0
0
0
0
0
0
0
0
0
0
0
0
0
0
0
0
0
0
0
0
0
0
0
0
0
0
0
0
0
0
0
0
0
0.051738612727574
0.00981900110190196
0.00279682722200155
0.00152185951489372
0.00303346836016436
0.00175103548551185
0.00336564677516811
0.00497297931125719
-0.000509194121405476
0.0025575175992481
0.000430426397287191
7.7774884035654e-05
0.00100625365331161
0.000353500963255006
-0.00037093193585218
0.000284526042500312
0.000903105098702645
0.000905619687211134
0.00192557979185891
0.000667888159110416
0.000282492435631806
-0.000296141528929614
0.000170988130338139
0.00102426023648255
-0.000350173550753202
0.00037059967411177
1.64472662540088e-05
0.00046481827220423
0.0001956665075205
0.000563161565663425
7.60389573952019e-05
0.00201529817880248
0.000701240521873834
0.00120556032917721
-0.000215402965294326
0.000496732641945892
0.00196784008964289
0.000844372881356931
0.000481379072225549
-3.70388391256272e-05
0.000930857480265762
0.000429084141907973
0.000399501148939741
0.00211459419827126
0
0
0
0
0
0
0
0
0
0
0
0
0
0
0
0
0
0
0
0
0
0
0
0
0
0
0
0
0
0
0
0
0
0
0
0
0
0
0
0
0
0
0
0
0
0
0
0
0
0
0
0
0
0
0
0
0
0
0
0
0
0
0
0
0
0
0
0
0
0
0
0
0
0
0
0
0
0
0
0
0
0
0
0
0
0
0
0
0
0
0
0
0
0
0
0
0
0
0
0
0
0
0
0
0
0
0.0518764960248216
0.00987684681507058
0.00279066990526781
0.00150888472825046
0.00303506294017452
0.001769816405459
0.00339686812559198
0.00497769882252896
-0.000509347600181457
0.00257096494870528
0.000444673235923573
7.56949054612712e-05
0.001004871965365
0.000341006986303231
-0.000381188139128668
0.00027145200959406
0.000894455341678522
0.000914053484558982
0.00195587054906561
0.000687013277234026
0.000291233920514065
-0.000290429904947726
0.000175490969810995
0.00104051949636265
-0.000353326630951976
0.000354317657904874
1.72669945896201e-05
0.000471197880594458
0.000207536834227549
0.000560913916733932
7.371668141331e-05
0.00201202643325495
0.000692909217280674
0.00120395404065113
-0.000214611334937515
0.000508252378389364
0.0019953299197145
0.000857356630470222
0.000490646536658561
-2.992822232337e-05
0.000932626258400631
0.000432002418306688
0.00040784391043388
0.00214256368468495
0
0
0
0
0
0
0
0
0
0
0
0
0
0
0
0
0
0
0
0
0
0
0
0
0
0
0
0
0
0
0
0
0
0
0
0
0
0
0
0
0
0
0
0
0
0
0
0
0
0
0
0
0
0
0
0
0
0
0
0
0
0
0
0
0
0
0
0
0
0
0
0
0
0
0
0
0
0
0
0
0
0
0
0
0
0
0
0
0
0
0
0
0
0
0
0
0
0
0
0
0
0
0
0
0
0
0.0520189827188808
0.00994024958818168
0.00278879590761078
0.00149629656819723
0.00303842339046461
0.00179073260758004
0.00343009057168607
0.00498264300213341
-0.000509684290961583
0.00258412693030682
0.000458847718472886
7.40343492508286e-05
0.00100412095678959
0.000331243708560029
-0.000390367124010881
0.000257967493155322
0.000886136762654717
0.000922660784990116
0.00198586237849131
0.000705725882880438
0.000299517647968222
-0.000285064264522642
0.000179665116965423
0.00105736582811732
-0.00035656991057136
0.000337709038415763
1.76367637790572e-05
0.000477283278103278
0.000218433629273275
0.000557963262393011
7.10789701834177e-05
0.00200850028548794
0.000685136176520648
0.00120201990660656
-0.000214313683217843
0.000519251065472867
0.00202230976975903
0.000870279902197401
0.00049967113321991
-2.30406001703666e-05
0.000934637822949975
0.000435092022152616
0.000416301992782572
0.00217033584135713
0
0
0
0
0
0
0
0
0
0
0
0
0
0
0
0
0
0
0
0
0
0
0
0
0
0
0
0
0
0
0
0
0
0
0
0
0
0
0
0
0
0
0
0
0
0
0
0
0
0
0
0
0
0
0
0
0
0
0
0
0
0
0
0
0
0
0
0
0
0
0
0
0
0
0
0
0
0
0
0
0
0
0
0
0
0
0
0
0
0
0
0
0
0
0
0
0
0
0
0
0
0
0
0
0
0
0.052177115765902
0.0100073466059214
0.00279013053313403
0.00148427192777089
0.00304250497797707
0.00181392520160473
0.0034685611392247
0.00499546479676743
-0.000509869145128238
0.00259706662921041
0.000472713289868938
7.18128191985823e-05
0.00100263470943295
0.000321456081450764
-0.000399166420824644
0.000244505915738996
0.000877466279385427
0.000931268806353689
0.00201568554771382
0.000724083433040598
0.000307319073515384
-0.00028056883916367
0.000183451762102387
0.00107465414964508
-0.00035708485635525
0.000321075995897366
1.70784546968349e-05
0.000482750435482671
0.000228921932468374
0.000553986963332873
6.77540841809507e-05
0.00200462081783869
0.000677108041463924
0.00119993539912978
-0.000214548111076885
0.000529527982766044
0.0020484691239427
0.000882741577093233
0.000508635588821886
-1.65042013946015e-05
0.000936017323021091
0.000438253606859688
0.000424543926278646
0.00219782377081685
0
0
0
0
0
0
0
0
0
0
0
0
0
0
0
0
0
0
0
0
0
0
0
0
0
0
0
0
0
0
0
0
0
0
0
0
0
0
0
0
0
0
0
0
0
0
0
0
0
0
0
0
0
0
0
0
0
0
0
0
0
0
0
0
0
0
0
0
0
0
0
0
0
0
0
0
0
0
0
0
0
0
0
0
0
0
0
0
0
0
0
0
0
0
0
0
0
0
0
0
0
0
0
0
0
0
0.0523361199616347
0.0100793708777032
0.00279362438171788
0.00147442746006321
0.00304783097673806
0.00183767753796846
0.00350847551128241
0.00501034129029744
-0.000507519609981433
0.00261015359922411
0.000486534764886939
6.94532808601737e-05
0.0010012182132603
0.000311428428662848
-0.000407794112970679
0.000232231864621967
0.000869234429533142
0.000939756065193098
0.00204550675826406
0.000742366567898471
0.000315024513454549
-0.000276263882768383
0.000187125752811118
0.0010918844741693
-0.00035769346055043
0.000305262126467161
1.66357180918146e-05
0.000487962863836245
0.000239289551173074
0.000550303206727842
6.43916714298581e-05
0.00200114126729514
0.000669388992732267
0.00119840533342504
-0.000214563595446053
0.000540040021620861
0.00207517277765638
0.00089522726058156
0.000517595651758813
-9.92824279042102e-06
0.000937102424383343
0.000440876153068119
0.000432655555182275
0.00222511114858154
0
0
0
0
0
0
0
0
0
0
0
0
0
0
0
0
0
0
0
0
0
0
0
0
0
0
0
0
0
0
0
0
0
0
0
0
0
0
0
0
0
0
0
0
0
0
0
0
0
0
0
0
0
0
0
0
0
0
0
0
0
0
0
0
0
0
0
0
0
0
0
0
0
0
0
0
0
0
0
0
0
0
0
0
0
0
0
0
0
0
0
0
0
0
0
0
0
0
0
0
0
0
0
0
0
0
0.0524957953063277
0.010152145503181
0.0028000207980182
0.00146624158329823
0.00305497389667393
0.00186242512925946
0.00354876650293396
0.00502630920751653
-0.000503845173024446
0.0026246143798061
0.000500190309090887
6.69939149204589e-05
0.000999809597558269
0.000301296138953623
-0.000416634047052862
0.00022018553840566
0.000862233710734517
0.000948763375908055
0.0020752150518953
0.000760855153432327
0.000322647344255887
-0.000272039631268064
0.000190624929187172
0.00110887642057759
-0.000358425558747321
0.000289365748932961
1.65868457878435e-05
0.000493152952294494
0.000249292230388812
0.000546462248598366
6.12346462312735e-05
0.00199768639665056
0.00066183556409574
0.00119699531069817
-0.00021426571424982
0.000550725302745927
0.00210214893341968
0.000908270204784166
0.000527132849818811
-2.71099545664754e-06
0.000938255318557881
0.000443214950858281
0.000440190516271784
0.00225228667169237
0
0
0
0
0
0
0
0
0
0
0
0
0
0
0
0
0
0
0
0
0
0
0
0
0
0
0
0
0
0
0
0
0
0
0
0
0
0
0
0
0
0
0
0
0
0
0
0
0
0
0
0
0
0
0
0
0
0
0
0
0
0
0
0
0
0
0
0
0
0
0
0
0
0
0
0
0
0
0
0
0
0
0
0
0
0
0
0
0
0
0
0
0
0
0
0
0
0
0
0
0
0
0
0
0
0
0.052635192890931
0.0102228637215872
0.00280411679274176
0.00145896742987467
0.00305526847612413
0.00187821125554018
0.00358357728429903
0.00504257467974266
-0.000506404833383209
0.00263476476406821
0.00051490551576128
6.51558213417234e-05
0.000998807259085715
0.000291574093270061
-0.000424859665311696
0.000208089133971064
0.000852700281701064
0.000946762935808093
0.00209975579482085
0.000778997433950712
0.000330704784257742
-0.000267482010305022
0.000194743545217547
0.00112640720423866
-0.000358290447557842
0.00027400166006319
1.68165847480186e-05
0.000498804974622456
0.000260135849485432
0.000543817295894138
5.87173483094694e-05
0.00199534923719493
0.000655563486670626
0.00119660456914775
-0.000213392455978537
0.00056224318769116
0.0021301534920475
0.000922713629830111
0.000538742760007274
3.62250414006385e-06
0.000939164156744709
0.000445742027107981
0.000448311051510961
0.00228073711944026
0
0
0
0
0
0
0
0
0
0
0
0
0
0
0
0
0
0
0
0
0
0
0
0
0
0
0
0
0
0
0
0
0
0
0
0
0
0
0
0
0
0
0
0
0
0
0
0
0
0
0
0
0
0
0
0
0
0
0
0
0
0
0
0
0
0
0
0
0
0
0
0
0
0
0
0
0
0
0
0
0
0
0
0
0
0
0
0
0
0
0
0
0
0
0
0
0
0
0
0
0
0
0
0
0
0
0.0526062029429026
0.0101751636413257
0.00279652433909243
0.00143796011226353
0.00305696530692698
0.00185033309999974
0.00356443125218335
0.0050201794643702
-0.000509810334204523
0.00261277927750875
0.000506646568213381
6.68253371644638e-05
0.00100182800295657
0.000285128039509904
-0.000430336218928527
0.000198686004693173
0.000843570608502578
0.00093154783595826
0.002066662824291
0.000770594518372459
0.000338501265870941
-0.00026026029676669
0.000200629284533691
0.00114676000083747
-0.000355135201457695
0.000262012364575565
1.92620940888611e-05
0.000507607557056706
0.000273263125472956
0.000543647992347793
6.0635905989333e-05
0.00199610656770016
0.000653039470848103
0.00120176088753638
-0.000208185076977874
0.000576179605617304
0.00216116410850237
0.000940851467865741
0.000555317356760257
1.70482262367755e-05
0.000935711855327111
0.000447731224481337
0.000457096129171404
0.00231291051458059
0
0
0
0
0
0
0
0
0
0
0
0
0
0
0
0
0
0
0
0
0
0
0
0
0
0
0
0
0
0
0
0
0
0
0
0
0
0
0
0
0
0
0
0
0
0
0
0
0
0
0
0
0
0
0
0
0
0
0
0
0
0
0
0
0
0
0
0
0
0
0
0
0
0
0
0
0
0
0
0
0
0
0
0
0
0
0
0
0
0
0
0
0
0
0
0
0
0
0
0
0
0
0
0
0
0
0.0525801824292391
0.0101012030770573
0.00276954133393203
0.00141518712706034
0.0030563514584414
0.00182316681773958
0.00353807894739331
0.00498896506754749
-0.000520709176029122
0.00259054833100423
0.000492912295626082
6.47110721936003e-05
0.0010055068984793
0.000279140359388029
-0.000435637379228551
0.000189547671373131
0.000834687499674404
0.000916300638298821
0.00203128480573235
0.000752313184012051
0.00034163600337401
-0.000253266189334414
0.00020712052606046
0.00116728089448663
-0.000351748141278781
0.000249968392458937
2.14601245340371e-05
0.0005164049914659
0.000286492275630144
0.000543885289986847
6.30576476807756e-05
0.00199745189652331
0.000651128031052903
0.00120757839834289
-0.000202662559169927
0.000590245262005845
0.0021923649855556
0.000959482331061926
0.000572492772025683
3.12137755076307e-05
0.000933856540898722
0.000448208626951174
0.000465544549978052
0.00234522602503804
0
0
0
0
0
0
0
0
0
0
0
0
0
0
0
0
0
0
0
0
0
0
0
0
0
0
0
0
0
0
0
0
0
0
0
0
0
0
0
0
0
0
0
0
0
0
0
0
0
0
0
0
0
0
0
0
0
0
0
0
0
0
0
0
0
0
0
0
0
0
0
0
0
0
0
0
0
0
0
0
0
0
0
0
0
0
0
0
0
0
0
0
0
0
0
0
0
0
0
0
0
0
0
0
0
0
0.0525546150458719
0.0100293506806019
0.0027384011328825
0.00138929766537924
0.00305552681432507
0.00179571465644852
0.00351291326296833
0.00495676188890455
-0.000532780093652968
0.00256758786733387
0.000479193346530342
6.17229267963276e-05
0.00100878565437258
0.000273615108414054
-0.000440843189828739
0.000180240105409536
0.000825740540345451
0.000900954405870164
0.00199574181716489
0.000733573138197248
0.000342925562644051
-0.000247217185781009
0.000213443022897016
0.00118785287187906
-0.000348383031485657
0.000237768857778331
2.34154291771637e-05
0.000525153527427972
0.000299865842261782
0.00054411500991096
6.57745146909643e-05
0.00199908700359703
0.000649524052478188
0.00121347919517639
-0.00019697312184892
0.000604280114371108
0.00222358769556353
0.000978203323141242
0.000589772451174125
4.53835695837373e-05
0.000931946525339118
0.000448908775354754
0.000473490397404287
0.00237736821581537
0
0
0
0
0
0
0
0
0
0
0
0
0
0
0
0
0
0
0
0
0
0
0
0
0
0
0
0
0
0
0
0
0
0
0
0
0
0
0
0
0
0
0
0
0
0
0
0
0
0
0
0
0
0
0
0
0
0
0
0
0
0
0
0
0
0
0
0
0
0
0
0
0
0
0
0
0
0
0
0
0
0
0
0
0
0
0
0
0
0
0
0
0
0
0
0
0
0
0
0
0
0
0
0
0
0
0.0525335468592407
0.00995823438088213
0.00270763705284261
0.0013624831163629
0.00305425035230922
0.00176829758594263
0.00348774439147965
0.00492573928334616
-0.00054499487402161
0.00254424075328826
0.000465423279083858
5.87757850618031e-05
0.0010119238218297
0.000268064571086143
-0.000445924765802117
0.000170645224541552
0.000816388854410897
0.000885222125557208
0.00195982048969824
0.000714277681132045
0.000343992721610729
-0.000241652265345389
0.000219409737369235
0.00120810863735586
-0.000345269253997128
0.000225381641263033
2.49951193130805e-05
0.000533462888401668
0.00031293209789794
0.000544246402513417
6.81168834990551e-05
0.00200092024747116
0.000647907643970811
0.00121897001941711
-0.000191608638118191
0.000618225424510683
0.00225482056015259
0.000996883757509299
0.000606984053403675
5.97566084216923e-05
0.000930191507255729
0.000450027715320636
0.000481700944148607
0.00240935573384129
0
0
0
0
0
0
0
0
0
0
0
0
0
0
0
0
0
0
0
0
0
0
0
0
0
0
0
0
0
0
0
0
0
0
0
0
0
0
0
0
0
0
0
0
0
0
0
0
0
0
0
0
0
0
0
0
0
0
0
0
0
0
0
0
0
0
0
0
0
0
0
0
0
0
0
0
0
0
0
0
0
0
0
0
0
0
0
0
0
0
0
0
0
0
0
0
0
0
0
0
0
0
0
0
0
0
0.0525201594649193
0.00988873561399241
0.00267692208303618
0.00133549628083692
0.00305267752106509
0.00174095988428265
0.00346255172413104
0.00489467710708095
-0.000556708013812296
0.00252084298866395
0.000451267741319847
5.46142720480132e-05
0.00101482147982609
0.000262498437710033
-0.000450918336096528
0.00016131291285771
0.00080643246392285
0.000869173668011322
0.00192372491442023
0.000694480759746817
0.000344394688648896
-0.000236002765666042
0.000225460944450873
0.00122822766739373
-0.000342467204619317
0.000212902990926403
2.62993058506629e-05
0.000541526998125646
0.00032549723258218
0.000543550460013869
6.99150591007321e-05
0.00200337289674147
0.000648077855356321
0.0012246573552032
-0.000187167823527919
0.000631855773918498
0.00228642513107352
0.00101492933626082
0.000623646570101658
7.39299952241866e-05
0.000928708627115795
0.00045147967835681
0.000492428876114217
0.00244490598521954
0
0
0
0
0
0
0
0
0
0
0
0
0
0
0
0
0
0
0
0
0
0
0
0
0
0
0
0
0
0
0
0
0
0
0
0
0
0
0
0
0
0
0
0
0
0
0
0
0
0
0
0
0
0
0
0
0
0
0
0
0
0
0
0
0
0
0
0
0
0
0
0
0
0
0
0
0
0
0
0
0
0
0
0
0
0
0
0
0
0
0
0
0
0
0
0
0
0
0
0
0
0
0
0
0
0
0.0525109967779486
0.0098245771909098
0.0026478549615995
0.00130872951078539
0.00305110817941053
0.00171369894885496
0.00343892870119579
0.00486403652261491
-0.000567996491382477
0.00249993366402499
0.000438224167195518
5.10044314956869e-05
0.00101787643012005
0.000256883443016084
-0.000455820196149749
0.000152667147732038
0.000797664859964928
0.00085258596227587
0.00188731339650176
0.000674242734928321
0.000344734797185956
-0.000230980212135306
0.000231545879086782
0.00124837888537861
-0.000339870908380071
0.000200441400799897
2.77903300949795e-05
0.000549294517963192
0.000337643144669153
0.000542363760851779
7.1209636067701e-05
0.00200546662344826
0.000648571722324123
0.00123179392456476
-0.000182380787452123
0.000645073405628528
0.00231774688623358
0.00103316020889365
0.000639415849697879
8.72300123558273e-05
0.000926978829289562
0.00045280734402603
0.000502991109002383
0.00248165956954718
0
0
0
0
0
0
0
0
0
0
0
0
0
0
0
0
0
0
0
0
0
0
0
0
0
0
0
0
0
0
0
0
0
0
0
0
0
0
0
0
0
0
0
0
0
0
0
0
0
0
0
0
0
0
0
0
0
0
0
0
0
0
0
0
0
0
0
0
0
0
0
0
0
0
0
0
0
0
0
0
0
0
0
0
0
0
0
0
0
0
0
0
0
0
0
0
0
0
0
0
0
0
0
0
0
0
0.0525041155233917
0.00976295272901251
0.00262095689085372
0.00128224732307999
0.00304996087017072
0.00168786532546269
0.00342023448043282
0.00483815975735854
-0.00057897026032209
0.00247938997626273
0.000425704097578853
4.90613565132751e-05
0.00102250840395047
0.000252790435151574
-0.000460654786701231
0.000144575606037472
0.000789656135483001
0.000836243609699671
0.00185058912330058
0.000653555387127447
0.000344679716423538
-0.000226322865019036
0.000237070876244301
0.00126872464751517
-0.000336335195105314
0.000188270416265799
2.94179952543722e-05
0.000557028311187465
0.000349575251471791
0.000540912449149067
7.20628741972857e-05
0.00200725124357359
0.0006488636283135
0.00123882383007701
-0.000177108981733572
0.000658829259911503
0.00234986091065572
0.00105135198364222
0.000655296351755262
9.98227082057365e-05
0.000924716292079973
0.000453988435835598
0.000513460752914761
0.00251826801968183
0
0
0
0
0
0
0
0
0
0
0
0
0
0
0
0
0
0
0
0
0
0
0
0
0
0
0
0
0
0
0
0
0
0
0
0
0
0
0
0
0
0
0
0
0
0
0
0
0
0
0
0
0
0
0
0
0
0
0
0
0
0
0
0
0
0
0
0
0
0
0
0
0
0
0
0
0
0
0
0
0
0
0
0
0
0
0
0
0
0
0
0
0
0
0
0
0
0
0
0
0
0
0
0
0
0
0.0524998829063169
0.0097024783935562
0.00259605658495781
0.00125815235025918
0.00304995262016161
0.00166244583255072
0.00340268423994299
0.00481646551159224
-0.000586618241879012
0.00245923534885805
0.000413734067997709
4.75248433884832e-05
0.00102835836744054
0.000249866924256898
-0.000463665966305009
0.000136537241861644
0.000782258860919332
0.00082057693824716
0.00181388152905219
0.000632311907116166
0.000344023861366051
-0.000222003841241992
0.000242715311264551
0.00128856053683594
-0.000332742949745516
0.000177125095013018
3.12737963892091e-05
0.000564528616344055
0.00036130014716554
0.000539330924691119
7.22596394763226e-05
0.0020086944227337
0.000649618062962968
0.00124626392544608
-0.000172241513296366
0.000673157357748361
0.00238263813491396
0.0010696283986416
0.000671117816209035
0.000111893409350449
0.000922270472693099
0.000455063711836833
0.000523774445216008
0.00255471008312254
0
0
0
0
0
0
0
0
0
0
0
0
0
0
0
0
0
0
0
0
0
0
0
0
0
0
0
0
0
0
0
0
0
0
0
0
0
0
0
0
0
0
0
0
0
0
0
0
0
0
0
0
0
0
0
0
0
0
0
0
0
0
0
0
0
0
0
0
0
0
0
0
0
0
0
0
0
0
0
0
0
0
0
0
0
0
0
0
0
0
0
0
0
0
0
0
0
0
0
0
0
0
0
0
0
0
0.0525000364637303
0.00964463805872813
0.00257158050879926
0.00123577342418893
0.00305093289961646
0.00163768433783963
0.00338536169826375
0.00479485443265371
-0.000593824463008924
0.00244032275338546
0.000402201521302626
4.6756848731542e-05
0.00103540000113207
0.000247569278615781
-0.000466307029276685
0.000128740788020879
0.000775332675539198
0.000804925579998078
0.00177741338955206
0.000611266048193857
0.000342443419648292
-0.000218254635185678
0.000248344401099092
0.00130975914988978
-0.000329241834336206
0.000165825718602539
3.32384935548078e-05
0.000571941934767926
0.000372635192488049
0.000537518562041419
7.21934379491096e-05
0.00200980386862622
0.000650085461440066
0.00125464292926351
-0.000166938258940565
0.000687056319648214
0.00241586996921818
0.00108866682435427
0.000686721176256017
0.000124005358142184
0.000919508168850662
0.00045655909340785
0.000534209770209056
0.00259099838762762
0
0
0
0
0
0
0
0
0
0
0
0
0
0
0
0
0
0
0
0
0
0
0
0
0
0
0
0
0
0
0
0
0
0
0
0
0
0
0
0
0
0
0
0
0
0
0
0
0
0
0
0
0
0
0
0
0
0
0
0
0
0
0
0
0
0
0
0
0
0
0
0
0
0
0
0
0
0
0
0
0
0
0
0
0
0
0
0
0
0
0
0
0
0
0
0
0
0
0
0
0
0
0
0
0
0
0.0525012583520524
0.00958858706093278
0.00254816985068707
0.00121368428686279
0.00305280701688632
0.00161324378239535
0.00336847348323312
0.00477336464904068
-0.000600875532765053
0.00242113006263057
0.000390922106230834
4.61961967914905e-05
0.0010426790245635
0.00024567295781752
-0.000468560603573463
0.000122241285915998
0.000771226281863471
0.000789562051727799
0.00174081102900177
0.000590206170978703
0.000340791915416744
-0.000214992200151371
0.000253754293300792
0.00133078892009041
-0.000325396531392343
0.000154885310336842
3.5152978230651e-05
0.000579235857879172
0.000383846023817156
0.000535658085429382
7.22005312591908e-05
0.00201088834907005
0.000650354965416553
0.00126305178376654
-0.000160636762892935
0.000701768160838893
0.00244927955449536
0.00110812619639818
0.000702861339200736
0.000136055417373601
0.000916709497755849
0.000458120105972476
0.000545500776280631
0.00262787649766384
0
0
0
0
0
0
0
0
0
0
0
0
0
0
0
0
0
0
0
0
0
0
0
0
0
0
0
0
0
0
0
0
0
0
0
0
0
0
0
0
0
0
0
0
0
0
0
0
0
0
0
0
0
0
0
0
0
0
0
0
0
0
0
0
0
0
0
0
0
0
0
0
0
0
0
0
0
0
0
0
0
0
0
0
0
0
0
0
0
0
0
0
0
0
0
0
0
0
0
0
0
0
0
0
0
0
0.0525069743578646
0.00953379122125771
0.00252560628836278
0.00119187703987512
0.00305446172820615
0.00158875200624589
0.00335146920948553
0.00475211126240032
-0.000607572154429405
0.002402123785114
0.000377370418018875
4.42073981336453e-05
0.00104973548445792
0.000243524418771802
-0.000470261102140977
0.000115376484478287
0.000768224753202533
0.000778781905631761
0.00170440759546752
0.000568612905915216
0.000339330502295
-0.000210455741246875
0.000260432562334863
0.00135340225156906
-0.000321642343583368
0.000143742885246092
3.6660680377205e-05
0.000586216566768598
0.000394268640429353
0.000533404206084177
7.17782850010125e-05
0.00201166932959935
0.000650757150317006
0.00127154023266845
-0.000153211615341695
0.000718043643699324
0.00248446846869819
0.00112758231721878
0.000719715192786194
0.000148662630430495
0.000914373359502303
0.000459709464804418
0.000557078226667439
0.00266667867380254
0
0
0
0
0
0
0
0
0
0
0
0
0
0
0
0
0
0
0
0
0
0
0
0
0
0
0
0
0
0
0
0
0
0
0
0
0
0
0
0
0
0
0
0
0
0
0
0
0
0
0
0
0
0
0
0
0
0
0
0
0
0
0
0
0
0
0
0
0
0
0
0
0
0
0
0
0
0
0
0
0
0
0
0
0
0
0
0
0
0
0
0
0
0
0
0
0
0
0
0
0
0
0
0
0
0
0.0525453104768609
0.0094873453742777
0.00250542907810256
0.0011713918548875
0.00305850826301323
0.00156404178516108
0.00333482757717487
0.00473055050533301
-0.000611496862437866
0.00238337820400487
0.000361933126876942
3.79825471240317e-05
0.00105447445253317
0.000240666249100489
-0.000472794746929682
0.000107820525173861
0.000764153256154077
0.000770088644713004
0.00168604798368124
0.000547318399430782
0.000336696142350975
-0.000205111485034595
0.000270976762738355
0.00138135325228846
-0.00031206936857118
0.000131988163558853
3.69481671110181e-05
0.000592348718002994
0.000404027015437961
0.000529781516059751
7.03699072764391e-05
0.00201153114360192
0.000650474245773749
0.00128113899557703
-0.000146254365830459
0.000739059156683384
0.00252657121307138
0.00115342769768301
0.000737239201534898
0.000162322068415344
0.00091423007036894
0.000464169609347566
0.000569208980737197
0.00270563330604276
0
0
0
0
0
0
0
0
0
0
0
0
0
0
0
0
0
0
0
0
0
0
0
0
0
0
0
0
0
0
0
0
0
0
0
0
0
0
0
0
0
0
0
0
0
0
0
0
0
0
0
0
0
0
0
0
0
0
0
0
0
0
0
0
0
0
0
0
0
0
0
0
0
0
0
0
0
0
0
0
0
0
0
0
0
0
0
0
0
0
0
0
0
0
0
0
0
0
0
0
0
0
0
0
0
0
0.0525883185792986
0.00945661191481253
0.0024883901640486
0.00115209222420474
0.00306358338806291
0.0015412404369245
0.00331881265025222
0.00470996023146621
-0.000615678570142193
0.0023668860377153
0.000346901018093323
3.11178777877709e-05
0.00105731572626537
0.000236888376618891
-0.000475576816134501
9.98863057378398e-05
0.000760011229727109
0.000760797116845628
0.00166815075922735
0.000535181410671973
0.000333941247813492
-0.000200263284722694
0.000282112487984304
0.00141065204294736
-0.000300975007481497
0.000121882124153295
3.68388913670946e-05
0.000597963658181499
0.000412993956494567
0.000525728596186655
6.81049502547963e-05
0.00201077716002332
0.000650338446335689
0.0012907491926725
-0.000138661646329291
0.000759624356947814
0.0025707576597494
0.00118307815816449
0.000758262985572936
0.000176455940572155
0.0009145020476793
0.000469971683087898
0.000582440524785781
0.00274513402307099
0
0
0
0
0
0
0
0
0
0
0
0
0
0
0
0
0
0
0
0
0
0
0
0
0
0
0
0
0
0
0
0
0
0
0
0
0
0
0
0
0
0
0
0
0
0
0
0
0
0
0
0
0
0
0
0
0
0
0
0
0
0
0
0
0
0
0
0
0
0
0
0
0
0
0
0
0
0
0
0
0
0
0
0
0
0
0
0
0
0
0
0
0
0
0
0
0
0
0
0
0
0
0
0
0
0
0.0526396921468987
0.00942861840854383
0.00248093465804698
0.00113494096342175
0.00306946241414482
0.00151893637845993
0.00330331086214565
0.00468953034228532
-0.000618551594251727
0.00235037308267118
0.000332781143164619
2.42740019886195e-05
0.00106014222125543
0.000230836505203304
-0.000480039365017229
9.22321180054499e-05
0.00075556141674424
0.000751272540003869
0.00164938022575624
0.00052198624452216
0.000330902963013402
-0.000195964515569733
0.000292724188370505
0.00144080054750212
-0.000287205431672288
0.000115145405293253
4.0547159555646e-05
0.000603255886893262
0.000421431981166064
0.000520645519825708
6.54223141323717e-05
0.00200920067597743
0.000649614608733831
0.00130059317602745
-0.000130310149878062
0.000779968183576196
0.00261449120778356
0.00121420629005951
0.00077927807315111
0.000190729439468813
0.000914453537051129
0.000475508702606918
0.00059581860926522
0.00278481949244894
0
0
0
0
0
0
0
0
0
0
0
0
0
0
0
0
0
0
0
0
0
0
0
0
0
0
0
0
0
0
0
0
0
0
0
0
0
0
0
0
0
0
0
0
0
0
0
0
0
0
0
0
0
0
0
0
0
0
0
0
0
0
0
0
0
0
0
0
0
0
0
0
0
0
0
0
0
0
0
0
0
0
0
0
0
0
0
0
0
0
0
0
0
0
0
0
0
0
0
0
0
0
0
0
0
0
0.0526948609342387
0.00940595556670437
0.00247463935714861
0.00112311871381806
0.00307729137970425
0.00149781350438307
0.00329025788311782
0.00466992172896029
-0.000621504761144369
0.00233505618962872
0.000318641289847569
1.74135763830862e-05
0.00106283471827987
0.000224468484662379
-0.000487010542511514
8.32263291905224e-05
0.000751413055875698
0.000741946314547802
0.0016307479237045
0.000508610100158016
0.000327223621792241
-0.000193404691443333
0.000303368485736384
0.00147033294853077
-0.000272998745664774
0.000110362409468078
4.65319614812693e-05
0.000611313598644745
0.000429633156713978
0.000516177610254133
6.24843569813653e-05
0.00200730763113793
0.000648191584045999
0.00130996184634136
-0.000121903287272251
0.00080092137154846
0.00265801346499212
0.00124494520507056
0.000801249956187672
0.000205392095574533
0.000914362951808174
0.000480696743018181
0.000609192069247787
0.00282472507223199
0
0
0
0
0
0
0
0
0
0
0
0
0
0
0
0
0
0
0
0
0
0
0
0
0
0
0
0
0
0
0
0
0
0
0
0
0
0
0
0
0
0
0
0
0
0
0
0
0
0
0
0
0
0
0
0
0
0
0
0
0
0
0
0
0
0
0
0
0
0
0
0
0
0
0
0
0
0
0
0
0
0
0
0
0
0
0
0
0
0
0
0
0
0
0
0
0
0
0
0
0
0
0
0
0
0
0.0527488798710883
0.0093841178688017
0.00246744791951964
0.00111059652542916
0.00308146585911842
0.0014761898451475
0.00327811033282367
0.00465212519332162
-0.000623919649907932
0.00231983457329058
0.000305350816066318
1.11098496978313e-05
0.00106578661693756
0.00021806512736714
-0.000493972987705685
7.27376772522815e-05
0.000746471777750789
0.00073321819300852
0.00161209282997771
0.000495069339410292
0.000323261049528253
-0.000190705647734107
0.000313615528917421
0.00150061304634916
-0.000259299502883705
0.000104588693380542
5.07754355413249e-05
0.000617016576099788
0.000435806344325048
0.000511631970205325
5.96200494584465e-05
0.00200506932430537
0.000646550892639857
0.00131869963632352
-0.000113620618987968
0.000821661571769396
0.00270193277191871
0.00127550505110212
0.000822540967783589
0.000218984759630691
0.000915411361594266
0.00048630816070372
0.000622207236455829
0.00286500847390717
0
0
0
0
0
0
0
0
0
0
0
0
0
0
0
0
0
0
0
0
0
0
0
0
0
0
0
0
0
0
0
0
0
0
0
0
0
0
0
0
0
0
0
0
0
0
0
0
0
0
0
0
0
0
0
0
0
0
0
0
0
0
0
0
0
0
0
0
0
0
0
0
0
0
0
0
0
0
0
0
0
0
0
0
0
0
0
0
0
0
0
0
0
0
0
0
0
0
0
0
0
0
0
0
0
0
0.0528071668077099
0.00936556236905302
0.00246157210346578
0.0010991342434943
0.00308607673563505
0.0014545772840594
0.00326583665512281
0.00463472215363126
-0.000626495596171746
0.0023044146849827
0.000292287646626443
5.23905480689221e-06
0.00106862919134596
0.000211780997447612
-0.000501104350033317
6.20408477417414e-05
0.000740268943228356
0.000723832688755228
0.00159378016937248
0.00048137410547953
0.000318797433043608
-0.000188590929698821
0.00032357182322988
0.00153096209400893
-0.000245702161291138
9.84015605152213e-05
5.48372329508424e-05
0.000622436344995177
0.000441581634898176
0.000507220515786169
5.66652803996658e-05
0.00200277188633713
0.000644260436390867
0.00132724195437345
-0.00010568014012336
0.000842418645932897
0.00274601206918312
0.00130630165094777
0.000843610865915597
0.000232195613719818
0.000916843782157014
0.000493626153965829
0.000635790171152685
0.00290511359184948
0
0
0
0
0
0
0
0
0
0
0
0
0
0
0
0
0
0
0
0
0
0
0
0
0
0
0
0
0
0
0
0
0
0
0
0
0
0
0
0
0
0
0
0
0
0
0
0
0
0
0
0
0
0
0
0
0
0
0
0
0
0
0
0
0
0
0
0
0
0
0
0
0
0
0
0
0
0
0
0
0
0
0
0
0
0
0
0
0
0
0
0
0
0
0
0
0
0
0
0
0
0
0
0
0
0
0.0528706559513336
0.00934916265231284
0.00245735586967354
0.00108825072179794
0.00309147641471712
0.00143385780982098
0.00325511818094493
0.00461740403393158
-0.000629067176053079
0.0022884094314647
0.000278815534780614
1.4858325131469e-07
0.00107219155507595
0.000205159320719314
-0.000507812730289056
5.13178352255233e-05
0.000733973686066689
0.000714438061435445
0.00157632146444409
0.000467636728280634
0.000314138149681188
-0.000187284102166079
0.000333350596377345
0.00156123001215369
-0.000231395562927466
9.19817434470042e-05
5.8400985656687e-05
0.000627735399615063
0.000447522594489296
0.000502912458782273
5.39788759322535e-05
0.00200001325858301
0.000641420716726644
0.00133492654368572
-9.79718767899426e-05
0.000862922245026597
0.00278990601000243
0.00133686079295326
0.000864676450803365
0.000245560276195846
0.00091912576694366
0.000503124690119085
0.000650160021736272
0.00294534684085771
0
0
0
0
0
0
0
0
0
0
0
0
0
0
0
0
0
0
0
0
0
0
0
0
0
0
0
0
0
0
0
0
0
0
0
0
0
0
0
0
0
0
0
0
0
0
0
0
0
0
0
0
0
0
0
0
0
0
0
0
0
0
0
0
0
0
0
0
0
0
0
0
0
0
0
0
0
0
0
0
0
0
0
0
0
0
0
0
0
0
0
0
0
0
0
0
0
0
0
0
0
0
0
0
0
0
0.0529361983570562
0.0093355450711327
0.00245361930302096
0.00107749280457482
0.00309685051967367
0.00141345531187643
0.00324598334539807
0.00460293468184766
-0.000631557208138569
0.00227251483821729
0.000265137393604473
-4.25058924881076e-06
0.00107617021843022
0.000199247701794174
-0.000513094852870305
4.07873557839959e-05
0.00072750234265412
0.000704885222840616
0.00155944772490365
0.000454432190736948
0.000309402308912363
-0.000186114251310355
0.000342388200276665
0.00159104039665703
-0.000217141919943709
8.79017741028448e-05
6.18459872294371e-05
0.000633026506156201
0.000453538294416531
0.000498485302887797
5.10483097668445e-05
0.00199712130147727
0.000638135137710287
0.00134202766458908
-9.06747516922182e-05
0.000883331841262582
0.00283391708625148
0.00136733938566977
0.000885601218199575
0.000258909479128618
0.000921709072009793
0.000513013728868783
0.000666033817108541
0.0029867516745278
0
0
0
0
0
0
0
0
0
0
0
0
0
0
0
0
0
0
0
0
0
0
0
0
0
0
0
0
0
0
0
0
0
0
0
0
0
0
0
0
0
0
0
0
0
0
0
0
0
0
0
0
0
0
0
0
0
0
0
0
0
0
0
0
0
0
0
0
0
0
0
0
0
0
0
0
0
0
0
0
0
0
0
0
0
0
0
0
0
0
0
0
0
0
0
0
0
0
0
0
0
0
0
0
0
0
0.0530044177584131
0.00932304633720361
0.00245113131497978
0.0010671000840871
0.00310231045316176
0.0013932417066575
0.00323791741968148
0.00458968699040878
-0.000633794353457925
0.00225624015407956
0.000251409973777084
-8.31576297105622e-06
0.00108081886001248
0.00019344114696058
-0.00051838663980512
3.01042928836857e-05
0.000720842018403551
0.000695314036137544
0.00154315995183698
0.000441973324339035
0.000304907162343257
-0.000184766536540168
0.000351401405381993
0.0016207798026083
-0.000203275665648149
8.34765567667189e-05
6.49957388806444e-05
0.000638208534040411
0.000459991322710035
0.000494616993948367
4.84807358498521e-05
0.00199415849072839
0.000634857415056279
0.00134943541253878
-8.34309416636221e-05
0.000903328765560532
0.00287799415907194
0.0013980232240817
0.000906536157805975
0.000272300580028554
0.00092442746152848
0.000522782572891948
0.000681832946903794
0.0030287723560383
0
0
0
0
0
0
0
0
0
0
0
0
0
0
0
0
0
0
0
0
0
0
0
0
0
0
0
0
0
0
0
0
0
0
0
0
0
0
0
0
0
0
0
0
0
0
0
0
0
0
0
0
0
0
0
0
0
0
0
0
0
0
0
0
0
0
0
0
0
0
0
0
0
0
0
0
0
0
0
0
0
0
0
0
0
0
0
0
0
0
0
0
0
0
0
0
0
0
0
0
0
0
0
0
0
0
0.0530772731216313
0.00931080041531454
0.00244836283689256
0.00105657406625325
0.00310760714502971
0.00137320019222079
0.00323037657117151
0.0045771700557815
-0.000636086119491327
0.00223906749136343
0.000237587455443568
-1.22678143669437e-05
0.00108613223607624
0.000187844285125695
-0.000523697125143312
1.99429921085895e-05
0.000713955104647435
0.000685296020923806
0.00152673619155946
0.000429076266113651
0.000299016371941752
-0.000184639794903436
0.00036095596682089
0.00165097603742628
-0.000182707292574381
8.00932877623641e-05
6.84634251237493e-05
0.000641876420246849
0.00046657095383503
0.000491135106770129
4.78809232555946e-05
0.00199435218891475
0.000631335910796545
0.00135642132467976
-7.65198093752891e-05
0.000922883934634302
0.00292167513372485
0.00142844039772098
0.000926776429358566
0.000285250190273088
0.000927039780228053
0.00053297647538459
0.000697658236450577
0.00307073937436903
0
0
0
0
0
0
0
0
0
0
0
0
0
0
0
0
0
0
0
0
0
0
0
0
0
0
0
0
0
0
0
0
0
0
0
0
0
0
0
0
0
0
0
0
0
0
0
0
0
0
0
0
0
0
0
0
0
0
0
0
0
0
0
0
0
0
0
0
0
0
0
0
0
0
0
0
0
0
0
0
0
0
0
0
0
0
0
0
0
0
0
0
0
0
0
0
0
0
0
0
0
0
0
0
0
0
0.0531719487910324
0.00930240274013357
0.00244540200583308
0.00104493207883166
0.00311147674617074
0.00135267834034322
0.00322507314458036
0.00456633191995474
-0.000639348070207632
0.00222024875136627
0.000222439339851641
-1.613932063993e-05
0.00109245128044316
0.000186527280149083
-0.000527620275461842
9.49425422295339e-06
0.000705605259738219
0.000674327440844955
0.00150939600889139
0.000416116688442462
0.000292290152327765
-0.000185012249223358
0.000369692701158287
0.00168086825832907
-0.000162896825960872
7.72566333796179e-05
7.15667503568679e-05
0.00064573149021827
0.000470271423392878
0.000488985585211051
4.64049464043711e-05
0.00199438657638526
0.000627213498735473
0.00136174206296395
-7.09825422163894e-05
0.000942056697185344
0.00296478583918906
0.00145924430860012
0.000946661487715845
0.000296901113169856
0.000929098515755698
0.000542462637564201
0.000712941685346914
0.00311198160798004
0
0
0
0
0
0
0
0
0
0
0
0
0
0
0
0
0
0
0
0
0
0
0
0
0
0
0
0
0
0
0
0
0
0
0
0
0
0
0
0
0
0
0
0
0
0
0
0
0
0
0
0
0
0
0
0
0
0
0
0
0
0
0
0
0
0
0
0
0
0
0
0
0
0
0
0
0
0
0
0
0
0
0
0
0
0
0
0
0
0
0
0
0
0
0
0
0
0
0
0
0
0
0
0
0
0
0.0532596604651941
0.00929705500576148
0.00244271202771782
0.00103377903474474
0.00311465696774833
0.00133124000807898
0.00322148198930451
0.00456055335437226
-0.000641111054226523
0.00220319486115357
0.00020611113514061
-1.76187644926356e-05
0.00109963065733123
0.000185504281898875
-0.000530745419817429
-1.76751254142728e-06
0.000694659203164891
0.000662374337967922
0.00149115521916226
0.000402352902617305
0.000284432255645846
-0.000187798470924328
0.000373681249297888
0.0017081753765312
-0.000143037133480317
7.43171432164797e-05
7.50059075320413e-05
0.000650197541137331
0.000475437866524421
0.000487084437826871
4.53400693511375e-05
0.0019943526285411
0.000623252352074064
0.00136845834346382
-6.45958396587573e-05
0.00096283635439927
0.00300804674658722
0.00148986286475051
0.000966496058714665
0.000308474170432577
0.000930964132966384
0.000551875789183814
0.000728045720391334
0.00315327971390787
0
0
0
0
0
0
0
0
0
0
0
0
0
0
0
0
0
0
0
0
0
0
0
0
0
0
0
0
0
0
0
0
0
0
0
0
0
0
0
0
0
0
0
0
0
0
0
0
0
0
0
0
0
0
0
0
0
0
0
0
0
0
0
0
0
0
0
0
0
0
0
0
0
0
0
0
0
0
0
0
0
0
0
0
0
0
0
0
0
0
0
0
0
0
0
0
0
0
0
0
0
0
0
0
0
0
0.0533599281074548
0.00927451907118474
0.00242253083782877
0.00102068579002496
0.00311769264715501
0.00131021695904756
0.00321985130972013
0.0045583683513058
-0.000638003275724612
0.00218507734151368
0.000194450836605005
-1.78682003832571e-05
0.00111197777977846
0.000184525351270877
-0.00053557253682709
-1.89738420596166e-05
0.000682103818273502
0.000649660149838009
0.00147231813128899
0.0003877553192117
0.000276244200367243
-0.000190934748057023
0.000377381034032483
0.00173261189712211
-0.00012498257234586
7.20026300867596e-05
7.88624800312525e-05
0.000655245966723279
0.000481189960607305
0.000483371829646321
4.42660547518623e-05
0.00199055462985936
0.000619110835565205
0.00137728832491316
-5.45335927924865e-05
0.000988479806042087
0.00305700813885926
0.00152206008778728
0.000986754932754734
0.000319109645300999
0.000932568905622377
0.000561691409320959
0.000742645403156427
0.00319463269549545
0
0
0
0
0
0
0
0
0
0
0
0
0
0
0
0
0
0
0
0
0
0
0
0
0
0
0
0
0
0
0
0
0
0
0
0
0
0
0
0
0
0
0
0
0
0
0
0
0
0
0
0
0
0
0
0
0
0
0
0
0
0
0
0
0
0
0
0
0
0
0
0
0
0
0
0
0
0
0
0
0
0
0
0
0
0
0
0
0
0
0
0
0
0
0
0
0
0
0
0
0
0
0
0
0
0
0.0534715309365264
0.00925862407291228
0.00239992901036146
0.00100502339609009
0.003119968050478
0.00128884913963766
0.00321851706125716
0.00455747492954176
-0.000634154972059991
0.00217014402776653
0.000183321785655856
-1.67155525342941e-05
0.00112444643635716
0.00018561569879465
-0.000539467088482429
-3.63039953698363e-05
0.000668469136489623
0.000636102549857568
0.0014535567836733
0.000371990485166226
0.000266167570739344
-0.000194813951086113
0.000380689561808438
0.00175794398091857
-0.000100492129840407
7.40045326897805e-05
8.30340457092292e-05
0.000660538887660287
0.00048641589612804
0.000481046276288097
4.4748669907015e-05
0.00198735484264833
0.000614356492861867
0.0013871348155187
-4.27225975105648e-05
0.0010146600183253
0.00310756419804662
0.0015562101969119
0.00100836896089207
0.000329948978319798
0.000933049438537854
0.000571733726080133
0.000759687309454008
0.00323817633351415
0
0
0
0
0
0
0
0
0
0
0
0
0
0
0
0
0
0
0
0
0
0
0
0
0
0
0
0
0
0
0
0
0
0
0
0
0
0
0
0
0
0
0
0
0
0
0
0
0
0
0
0
0
0
0
0
0
0
0
0
0
0
0
0
0
0
0
0
0
0
0
0
0
0
0
0
0
0
0
0
0
0
0
0
0
0
0
0
0
0
0
0
0
0
0
0
0
0
0
0
0
0
0
0
0
0
0.0535896675690141
0.00924994454546216
0.00237705234736291
0.000989139867181503
0.00312234692055889
0.00126712679616868
0.00321716389237897
0.00455611517225794
-0.000631027249374091
0.00215467724350374
0.000171788396789074
-1.58683982474005e-05
0.00113613579938266
0.000185857252832127
-0.000545121421645804
-5.33226847959231e-05
0.000654725673193499
0.000622866054940537
0.00143467363568834
0.000356365601317318
0.000255658952412969
-0.000199060579798749
0.000383372624265138
0.00178313977139868
-7.5069817917108e-05
8.05864221625333e-05
9.00844739568242e-05
0.000665941729157999
0.000491762865066291
0.00047866401886895
4.61593081914568e-05
0.00198535466963095
0.000609538398079914
0.00139682788025105
-3.02478633778288e-05
0.00104149626891613
0.00315764442444374
0.00159023944782188
0.00102997249882144
0.000342557493541267
0.000934250339980429
0.000581264954768509
0.000776887831240634
0.00328338647563845
0
0
0
0
0
0
0
0
0
0
0
0
0
0
0
0
0
0
0
0
0
0
0
0
0
0
0
0
0
0
0
0
0
0
0
0
0
0
0
0
0
0
0
0
0
0
0
0
0
0
0
0
0
0
0
0
0
0
0
0
0
0
0
0
0
0
0
0
0
0
0
0
0
0
0
0
0
0
0
0
0
0
0
0
0
0
0
0
0
0
0
0
0
0
0
0
0
0
0
0
0
0
0
0
0
0
0.053710505673469
0.00924412694728921
0.00235624220210301
0.000972500712902103
0.00312786313808596
0.00124904414264129
0.00321634626888006
0.00455456443584101
-0.000628360978504275
0.00213851846610254
0.000159662758774614
-1.53934946989094e-05
0.00114790747709125
0.000186062974156988
-0.000551523421368173
-7.23302978179566e-05
0.00064083546784764
0.000609681414131089
0.00141668462802498
0.000340640700358281
0.000245114055224985
-0.000203663297867689
0.000385845264950352
0.00180789189733678
-4.96254308557085e-05
8.72606527477916e-05
9.84226862271896e-05
0.000672157094914193
0.000497015571552786
0.00047613940869119
4.78216479100446e-05
0.00198366614975228
0.000605233776850397
0.00140559456649541
-1.74064962555094e-05
0.00106840313712998
0.00320770712912892
0.00162370619488657
0.00105158376349081
0.000354670509083701
0.000935853962097002
0.000591070771026924
0.000793612244829724
0.00332851409093596
0
0
0
0
0
0
0
0
0
0
0
0
0
0
0
0
0
0
0
0
0
0
0
0
0
0
0
0
0
0
0
0
0
0
0
0
0
0
0
0
0
0
0
0
0
0
0
0
0
0
0
0
0
0
0
0
0
0
0
0
0
0
0
0
0
0
0
0
0
0
0
0
0
0
0
0
0
0
0
0
0
0
0
0
0
0
0
0
0
0
0
0
0
0
0
0
0
0
0
0
0
0
0
0
0
0
0.0538420398807991
0.00923912365788546
0.00233541502401444
0.000960259263574619
0.00313561113797493
0.00123339198968287
0.00321888200529066
0.00455351895466693
-0.000626584982620116
0.00212266292878831
0.000148268898173632
-1.49749328120981e-05
0.00116085821670238
0.000186332693028535
-0.000558657367663751
-9.21407585538786e-05
0.000626266435877894
0.000597011185047671
0.00139910542519077
0.000325628369243113
0.000233782197081403
-0.000208660512377488
0.000387197133143613
0.00183207747238874
-2.2833924092019e-05
9.37413241026295e-05
0.000106010747822668
0.000677808528803136
0.000502387127122038
0.000473607522778121
4.91644514902117e-05
0.0019823631347678
0.000600640740676679
0.00141411472332409
-5.83909600619298e-06
0.00109532329184556
0.00325743210085066
0.00165712944960786
0.00107345726471749
0.000366825530217402
0.000937409321092698
0.00060041042809054
0.000809782746224696
0.00337265759944937
0
0
0
0
0
0
0
0
0
0
0
0
0
0
0
0
0
0
0
0
0
0
0
0
0
0
0
0
0
0
0
0
0
0
0
0
0
0
0
0
0
0
0
0
0
0
0
0
0
0
0
0
0
0
0
0
0
0
0
0
0
0
0
0
0
0
0
0
0
0
0
0
0
0
0
0
0
0
0
0
0
0
0
0
0
0
0
0
0
0
0
0
0
0
0
0
0
0
0
0
0
0
0
0
0
0
0.0539807862783058
0.00924311661881951
0.00231459863468848
0.000947843267622438
0.00314537909617045
0.0012184095687841
0.00322259394874846
0.00455414154176778
-0.000625196123033169
0.00210660680572567
0.000136893550500609
-1.44480391118658e-05
0.00117389294508865
0.000188134957407717
-0.000565798196616909
-0.000112182599648709
0.000611307814595717
0.000584072727217999
0.00138214535352595
0.000310693923124777
0.000222878365149801
-0.000214452407443924
0.000387946211644276
0.00185485934738315
3.21190216061052e-06
0.000101839197375744
0.000113614797508317
0.0006830733242868
0.000507045268253944
0.000471055014662979
5.05037485873831e-05
0.00198087039248648
0.000595257890260484
0.00142205867735384
4.93932924138387e-06
0.00112046905905468
0.0033072220478413
0.00169038968779523
0.00109504303488085
0.000379732637281903
0.000939856667608804
0.000610408547219214
0.000825609424281454
0.00341669604737489
0
0
0
0
0
0
0
0
0
0
0
0
0
0
0
0
0
0
0
0
0
0
0
0
0
0
0
0
0
0
0
0
0
0
0
0
0
0
0
0
0
0
0
0
0
0
0
0
0
0
0
0
0
0
0
0
0
0
0
0
0
0
0
0
0
0
0
0
0
0
0
0
0
0
0
0
0
0
0
0
0
0
0
0
0
0
0
0
0
0
0
0
0
0
0
0
0
0
0
0
0
0
0
0
0
0
0.0541250530440909
0.0092514251631152
0.00229845330249165
0.000935298412426644
0.00315480219038789
0.00120451408678069
0.00322802877879237
0.00455628733493688
-0.000622218546291105
0.00209036536951678
0.00012509882096687
-1.38448964783489e-05
0.00118756292520905
0.000189901957437863
-0.000571241254961459
-0.000132036245083336
0.000596737787826327
0.000571347996124293
0.00136730060479141
0.000296444987451031
0.000211904499408775
-0.0002192152836631
0.000388172296675817
0.00187733743295881
2.84914358428357e-05
0.000109115946590007
0.000121077099341903
0.000688566297152882
0.000511447376387755
0.000468102338898217
5.19863862945136e-05
0.00197953957194887
0.000589704331643619
0.00142987656202973
1.53055419310948e-05
0.00114524607937106
0.00335684967351808
0.00172330418900752
0.00111631504494717
0.000392768260287061
0.00094364475186767
0.000621788307008716
0.000842678451888685
0.00346042624934758
0
0
0
0
0
0
0
0
0
0
0
0
0
0
0
0
0
0
0
0
0
0
0
0
0
0
0
0
0
0
0
0
0
0
0
0
0
0
0
0
0
0
0
0
0
0
0
0
0
0
0
0
0
0
0
0
0
0
0
0
0
0
0
0
0
0
0
0
0
0
0
0
0
0
0
0
0
0
0
0
0
0
0
0
0
0
0
0
0
0
0
0
0
0
0
0
0
0
0
0
0
0
0
0
0
0
0.0542707488781847
0.00926134678717385
0.00228322209323882
0.000925109190180149
0.00316429602522832
0.00119064647160511
0.00323589795511268
0.00456031547834539
-0.00061987088317445
0.00207396812588437
0.000112944273290599
-1.32569117328197e-05
0.00120205439426253
0.00019356601161716
-0.000576689346535499
-0.0001517318558705
0.000582284972912387
0.000558415578889156
0.00135244369347977
0.000282613004764241
0.000201284523317859
-0.000223831187225691
0.000388712726986803
0.0018995626438678
5.35677320328656e-05
0.00011596724004594
0.000127653819615022
0.000693997235515515
0.000515920886345511
0.000465247576313962
5.44383513326102e-05
0.0019792468887302
0.000584278197700958
0.00143775329467841
2.53397013519462e-05
0.00117033494209415
0.00340697689851562
0.0017565502709561
0.00113743171914841
0.000405796201143319
0.00094756831239842
0.000633063494168139
0.00086025619225504
0.00350444658844629
0
0
0
0
0
0
0
0
0
0
0
0
0
0
0
0
0
0
0
0
0
0
0
0
0
0
0
0
0
0
0
0
0
0
0
0
0
0
0
0
0
0
0
0
0
0
0
0
0
0
0
0
0
0
0
0
0
0
0
0
0
0
0
0
0
0
0
0
0
0
0
0
0
0
0
0
0
0
0
0
0
0
0
0
0
0
0
0
0
0
0
0
0
0
0
0
0
0
0
0
0
0
0
0
0
0
0.0544170174903781
0.00927166265284118
0.00226823247394542
0.00091517765520431
0.00317489628436276
0.00117699432372097
0.00324457476227394
0.0045661879923238
-0.000618164479650498
0.00205910294457497
0.000101172349675236
-1.18041876668679e-05
0.00121651846788883
0.000197252640539033
-0.000581719089103485
-0.000171807662820174
0.000567212629449835
0.000545511684895732
0.0013371324271533
0.000268543715601572
0.00018971182578269
-0.00022852212478618
0.000389380232550591
0.0019222427431978
7.87780905650032e-05
0.00012314289379105
0.000134142117585675
0.000698923496086116
0.00052028645000364
0.000462520166927482
5.7837777315958e-05
0.00198265055965326
0.000581524496778928
0.00144588834951964
3.57026644556391e-05
0.00119630826229098
0.0034582188855976
0.00179109972121405
0.00115891593665471
0.000418842265643818
0.000952074418195611
0.000645042388344535
0.00087804460552296
0.00354835193643904
0
0
0
0
0
0
0
0
0
0
0
0
0
0
0
0
0
0
0
0
0
0
0
0
0
0
0
0
0
0
0
0
0
0
0
0
0
0
0
0
0
0
0
0
0
0
0
0
0
0
0
0
0
0
0
0
0
0
0
0
0
0
0
0
0
0
0
0
0
0
0
0
0
0
0
0
0
0
0
0
0
0
0
0
0
0
0
0
0
0
0
0
0
0
0
0
0
0
0
0
0
0
0
0
0
0
0.0544904415437749
0.00928149377724234
0.00225481602538397
0.000908067085701973
0.00318990371460343
0.00116790290139614
0.00325584562652185
0.00457578592804683
-0.000610656901654705
0.00205006741177157
9.94956386201178e-05
-5.70738029448585e-06
0.00119452877596315
0.000202239815388912
-0.000584630555594092
-0.000188528993209937
0.000555112040696166
0.000537146207056301
0.0013245138462628
0.000257599605217928
0.000180567558902446
-0.000230975496760148
0.000385154314672189
0.00194458049067577
9.98762032416823e-05
0.00012997693974231
0.000140455288146068
0.000694101810519484
0.00052041900815887
0.000461644317425749
6.19399712713352e-05
0.00199030976678454
0.000586883212166981
0.00145934140378293
3.91063088605475e-05
0.00121252665986921
0.00342073304694534
0.00181119254000117
0.00116868830730444
0.000429653657849883
0.000953018449303172
0.000646808344229697
0.000869284449802242
0.00355137910632714
0
0
0
0
0
0
0
0
0
0
0
0
0
0
0
0
0
0
0
0
0
0
0
0
0
0
0
0
0
0
0
0
0
0
0
0
0
0
0
0
0
0
0
0
0
0
0
0
0
0
0
0
0
0
0
0
0
0
0
0
0
0
0
0
0
0
0
0
0
0
0
0
0
0
0
0
0
0
0
0
0
0
0
0
0
0
0
0
0
0
0
0
0
0
0
0
0
0
0
0
0
0
0
0
0
0
0.054549444373388
0.00925824664275572
0.00224065035774531
0.000901598980619528
0.00320609916716072
0.00116129263510624
0.00326905583691655
0.00458620982657737
-0.000601560282474767
0.00204288520763464
9.83756770906908e-05
3.68560114085251e-06
0.00117423411424792
0.000190220409555184
-0.000583784418634643
-0.000204360843873011
0.000543693972248732
0.000529532074674267
0.00131342542741354
0.000247713140747639
0.00017317984629385
-0.000231431077463137
0.000381177059863845
0.00196558920086418
0.000120977367921703
0.000136006937645582
0.000147738818105049
0.000689231972218007
0.000515585996469759
0.00045805218333849
6.65246359930249e-05
0.0019988465766436
0.000596095085912252
0.00147696814111471
4.46312339806856e-05
0.0012257048314763
0.00337875886176009
0.00179239004122361
0.00117194539544573
0.000435266766812588
0.000952121808422611
0.000646736902146359
0.000856226581514673
0.00354326990666639
0
0
0
0
0
0
0
0
0
0
0
0
0
0
0
0
0
0
0
0
0
0
0
0
0
0
0
0
0
0
0
0
0
0
0
0
0
0
0
0
0
0
0
0
0
0
0
0
0
0
0
0
0
0
0
0
0
0
0
0
0
0
0
0
0
0
0
0
0
0
0
0
0
0
0
0
0
0
0
0
0
0
0
0
0
0
0
0
0
0
0
0
0
0
0
0
0
0
0
0
0
0
0
0
0
0
0.0546353750837863
0.00924656101667372
0.00222562680422155
0.000895207882265477
0.00322214277811952
0.00115439098289774
0.00328236636197228
0.00459711808127117
-0.000593404885608899
0.0020345172251725
9.5733434216381e-05
9.92157320429138e-06
0.0011517476277024
0.000175103865457505
-0.000585635371629657
-0.000219753878328404
0.000531234317985414
0.000520647245905588
0.00130097596334451
0.000235730668121214
0.000166531792613974
-0.000232692113542851
0.000377166603072714
0.00198425416256581
0.000140582105870555
0.000142021089530295
0.000156469890653868
0.000685075441640951
0.000510173906567029
0.000453439869537289
6.95551309266458e-05
0.00200725055798447
0.000605200801106669
0.00149556133120865
5.07153667192862e-05
0.00123907862709554
0.00333628988068953
0.0017733839310075
0.00117010107727107
0.000441225830057126
0.000950352549185125
0.000644834411246181
0.000843075565806477
0.00353412597234426
0
0
0
0
0
0
0
0
0
0
0
0
0
0
0
0
0
0
0
0
0
0
0
0
0
0
0
0
0
0
0
0
0
0
0
0
0
0
0
0
0
0
0
0
0
0
0
0
0
0
0
0
0
0
0
0
0
0
0
0
0
0
0
0
0
0
0
0
0
0
0
0
0
0
0
0
0
0
0
0
0
0
0
0
0
0
0
0
0
0
0
0
0
0
0
0
0
0
0
0
0
0
0
0
0
0
0.0547354149027933
0.00925831764429998
0.00221653392566197
0.000889049423804474
0.00323819041692421
0.00114729695014031
0.00329541095201237
0.00460771812984002
-0.000585194020476838
0.00202582168412207
9.20007769655129e-05
1.47498702679224e-05
0.00112748649412388
0.000157554182479214
-0.000590110249300685
-0.000237296853763139
0.000518217923114076
0.000510870418745229
0.00128743404547293
0.000222500854718947
0.000157587432480279
-0.000233852715473862
0.000372590238348143
0.00200217015733686
0.000157111925955594
0.000146375920067748
0.000164979207100764
0.00068157535509425
0.000504762122619545
0.000448341083890955
7.20148500308127e-05
0.00201491048414271
0.000614237114408933
0.00151399501611345
5.75696933821828e-05
0.00125389242451397
0.00329477052527883
0.00175414059422628
0.00116830884572419
0.000444083041472851
0.00094872481270288
0.000642243095696001
0.000828480871544246
0.0035250314034209
0
0
0
0
0
0
0
0
0
0
0
0
0
0
0
0
0
0
0
0
0
0
0
0
0
0
0
0
0
0
0
0
0
0
0
0
0
0
0
0
0
0
0
0
0
0
0
0
0
0
0
0
0
0
0
0
0
0
0
0
0
0
0
0
0
0
0
0
0
0
0
0
0
0
0
0
0
0
0
0
0
0
0
0
0
0
0
0
0
0
0
0
0
0
0
0
0
0
0
0
0
0
0
0
0
0
0.0548544655769633
0.00927795222649561
0.00221511588267197
0.000882523979498536
0.00325264113467357
0.00113982375261004
0.00330787135285108
0.00461726520321123
-0.000577081870806936
0.00201766803412151
9.00374652056269e-05
1.84260690849252e-05
0.00110234740589861
0.000142154162941392
-0.000597425492040756
-0.000254302263001869
0.00050413312370367
0.00050010839790173
0.00127355881149115
0.000207938800881978
0.000146896790763679
-0.000238354662438705
0.000366643671545009
0.00202199759231951
0.000172783361057804
0.000146990964785578
0.000171433807440337
0.000677310783569221
0.000497824821388132
0.000442354772765173
7.40180899447959e-05
0.00202165472213154
0.000623924393655229
0.00153259176885125
6.41734025565907e-05
0.00126884126952717
0.00325381449421285
0.00173524731168704
0.00116612396001985
0.000446540531531356
0.000945340878898059
0.000639967837017876
0.00081280973443088
0.00351455271656898
0
0
0
0
0
0
0
0
0
0
0
0
0
0
0
0
0
0
0
0
0
0
0
0
0
0
0
0
0
0
0
0
0
0
0
0
0
0
0
0
0
0
0
0
0
0
0
0
0
0
0
0
0
0
0
0
0
0
0
0
0
0
0
0
0
0
0
0
0
0
0
0
0
0
0
0
0
0
0
0
0
0
0
0
0
0
0
0
0
0
0
0
0
0
0
0
0
0
0
0
0
0
0
0
0
0
0.0549746120815063
0.0093027720055413
0.00221594509766786
0.000878227963836287
0.00326738756033123
0.00113180511712446
0.00332024929284536
0.00462658531535147
-0.000569549499611114
0.00200904134025334
8.77312389570757e-05
2.32044828111478e-05
0.00107905238878455
0.000128174025190918
-0.000605128890819474
-0.000272188869450971
0.000489689866714713
0.000488884543860587
0.00125954150501572
0.000193168297340789
0.000135639529321458
-0.000243637297380477
0.000359390193180878
0.00204135379300717
0.000189223038119841
0.000147339653429161
0.000176522986984636
0.000672762217958655
0.000490721761145753
0.000436070923215363
7.58168532985722e-05
0.00202840408170811
0.000633216336601029
0.00155113475891287
7.05750299862763e-05
0.00128376499803435
0.0032135374139558
0.0017180853130363
0.00116502930980167
0.00044891477988788
0.000941880337798779
0.000637099716759625
0.000797623986009533
0.0035043744396569
0
0
0
0
0
0
0
0
0
0
0
0
0
0
0
0
0
0
0
0
0
0
0
0
0
0
0
0
0
0
0
0
0
0
0
0
0
0
0
0
0
0
0
0
0
0
0
0
0
0
0
0
0
0
0
0
0
0
0
0
0
0
0
0
0
0
0
0
0
0
0
0
0
0
0
0
0
0
0
0
0
0
0
0
0
0
0
0
0
0
0
0
0
0
0
0
0
0
0
0
0
0
0
0
0
0
0.055094880332393
0.00932772071840705
0.00221808613906107
0.000875663672124069
0.00328453350055223
0.00112461432177207
0.00333337466806244
0.00463604051726359
-0.000562220940693102
0.00200025768509974
8.50786453055176e-05
2.76398493233991e-05
0.0010558065405998
0.000114292343771146
-0.000613014083029426
-0.000290270141527715
0.000475464422988691
0.000477813140418868
0.0012456251746383
0.000178355129245055
0.000124147540008239
-0.000249313182412004
0.000351858478894196
0.00206036496590788
0.000205770010733275
0.000147842362080617
0.000182047722437402
0.000668953558761181
0.00048366904902541
0.000429909989528176
7.80206639765875e-05
0.00203547807282854
0.000642597641485696
0.00156966998906391
7.6808869434705e-05
0.00129871271290227
0.00317331000323802
0.0017013335954382
0.00116505235619278
0.000452153604156765
0.000938464511649602
0.000634308763446655
0.000782418794211485
0.00349468787186582
0
0
0
0
0
0
0
0
0
0
0
0
0
0
0
0
0
0
0
0
0
0
0
0
0
0
0
0
0
0
0
0
0
0
0
0
0
0
0
0
0
0
0
0
0
0
0
0
0
0
0
0
0
0
0
0
0
0
0
0
0
0
0
0
0
0
0
0
0
0
0
0
0
0
0
0
0
0
0
0
0
0
0
0
0
0
0
0
0
0
0
0
0
0
0
0
0
0
0
0
0
0
0
0
0
0
0.0552157407229585
0.00935271952631058
0.00222006411018625
0.000873416343825773
0.0033036304804701
0.001120364838161
0.00334933053798953
0.00464776090592944
-0.000554584538567243
0.00199143859018341
8.24192421046851e-05
3.18097659512456e-05
0.00103243513309539
0.000100181751513598
-0.000621128946781283
-0.000308541912542458
0.000460606527340691
0.000466824394539784
0.0012317444836219
0.000164226346734098
0.00011275348598223
-0.000255305495247573
0.000343961300014785
0.00207905352061805
0.000221604034105048
0.000148825539917226
0.000187409896354609
0.000665029170211125
0.000475737195309933
0.000423445431186351
8.0436324349647e-05
0.00204396555068856
0.000652737857608697
0.00158836264348674
8.34865549375011e-05
0.00131355297256216
0.00313321476031793
0.00168466981391369
0.00116583611154505
0.000458043494153951
0.000937196638262797
0.000631913117364751
0.000767859111862226
0.00348656613441278
0
0
0
0
0
0
0
0
0
0
0
0
0
0
0
0
0
0
0
0
0
0
0
0
0
0
0
0
0
0
0
0
0
0
0
0
0
0
0
0
0
0
0
0
0
0
0
0
0
0
0
0
0
0
0
0
0
0
0
0
0
0
0
0
0
0
0
0
0
0
0
0
0
0
0
0
0
0
0
0
0
0
0
0
0
0
0
0
0
0
0
0
0
0
0
0
0
0
0
0
0
0
0
0
0
0
0.0553369594015302
0.00937813626926737
0.00222207116050731
0.000871112022308535
0.0033237162415969
0.00111828713947247
0.00336837423872691
0.00466055106254974
-0.000547046295251184
0.00198267235874659
8.0058461128348e-05
3.66099268232369e-05
0.00100942885752055
8.69381669651299e-05
-0.000629407224215287
-0.00032723335605568
0.000445854478799608
0.000455555863963324
0.0012178162852973
0.000149993583884801
0.000101154810673175
-0.000261129090283308
0.000336183828431259
0.00209798640151806
0.000237188497110207
0.000149191044766061
0.000193219935647626
0.000661284604142468
0.000467714146932436
0.000415986661254767
8.24185104778026e-05
0.00205264342602268
0.000663999546251243
0.0016076384173756
9.03543358612716e-05
0.00132888872092365
0.00309343641210107
0.00166811593925266
0.00116666422662786
0.000464244977670144
0.000936554979742118
0.000630240619242889
0.000753449668877359
0.00347868463248946
0
0
0
0
0
0
0
0
0
0
0
0
0
0
0
0
0
0
0
0
0
0
0
0
0
0
0
0
0
0
0
0
0
0
0
0
0
0
0
0
0
0
0
0
0
0
0
0
0
0
0
0
0
0
0
0
0
0
0
0
0
0
0
0
0
0
0
0
0
0
0
0
0
0
0
0
0
0
0
0
0
0
0
0
0
0
0
0
0
0
0
0
0
0
0
0
0
0
0
0
0
0
0
0
0
0
0.0554588615969809
0.00940381240444607
0.00222434066233735
0.000868838653998155
0.00334383283435151
0.00111703697555108
0.00339044857600389
0.00467746109925198
-0.000539769871502335
0.00197323022300264
7.78413866223318e-05
4.19833428514255e-05
0.000986627582844285
7.34403465646763e-05
-0.000637632502593479
-0.000346199966257693
0.000430780523138935
0.000444216196158642
0.00120384030340254
0.000135510826328164
8.901556089954e-05
-0.000267522085328213
0.000328665366156492
0.00211749033801418
0.000254184623377437
0.000149606377725411
0.000198518221799962
0.000657804409534752
0.000459701819719065
0.000408452915596477
8.34180684557897e-05
0.00206075609728201
0.000675252289097002
0.00162733083502264
9.74887919923066e-05
0.00134427497373028
0.00305384203527975
0.00165173726797873
0.00116750099959487
0.000470406082961372
0.000936072032635603
0.000628892244610362
0.000739370468293609
0.00347077076717551
0
0
0
0
0
0
0
0
0
0
0
0
0
0
0
0
0
0
0
0
0
0
0
0
0
0
0
0
0
0
0
0
0
0
0
0
0
0
0
0
0
0
0
0
0
0
0
0
0
0
0
0
0
0
0
0
0
0
0
0
0
0
0
0
0
0
0
0
0
0
0
0
0
0
0
0
0
0
0
0
0
0
0
0
0
0
0
0
0
0
0
0
0
0
0
0
0
0
0
0
0
0
0
0
0
0
0.0555869571039166
0.00942972960234771
0.00222739127446594
0.000867970876616893
0.00336413635306657
0.00111566880054293
0.00341299521819045
0.00469721443176524
-0.000528144607174965
0.00196346479112817
7.44470243376546e-05
4.75414293950762e-05
0.000963970140931145
5.95709721102396e-05
-0.000646959884304359
-0.000366111995792706
0.000415177602980913
0.00043237629603423
0.00118921858374559
0.000119741837736312
7.708204342771e-05
-0.000275237576036838
0.000320479077024634
0.00213729458707994
0.000270714660907814
0.000149999714722178
0.000204120375193408
0.000654402053082647
0.000454597855305305
0.000403467111138457
8.48436940818952e-05
0.00206797977508857
0.000685773966226741
0.00164827167639365
0.000107870211191284
0.00136122779622936
0.00301513077307623
0.00163727028047252
0.00116829025333561
0.000476692437646433
0.000935726382760079
0.000629108294194729
0.000728252254940798
0.00346582328987336
0
0
0
0
0
0
0
0
0
0
0
0
0
0
0
0
0
0
0
0
0
0
0
0
0
0
0
0
0
0
0
0
0
0
0
0
0
0
0
0
0
0
0
0
0
0
0
0
0
0
0
0
0
0
0
0
0
0
0
0
0
0
0
0
0
0
0
0
0
0
0
0
0
0
0
0
0
0
0
0
0
0
0
0
0
0
0
0
0
0
0
0
0
0
0
0
0
0
0
0
0
0
0
0
0
0
0.0557370477380427
0.00946224407120316
0.00223035322454453
0.000867480410531576
0.00338658688212818
0.00111430899111089
0.00343509563688556
0.0047162503078308
-0.00051653664068053
0.00195373218672189
6.8951944658405e-05
5.01793442984976e-05
0.000941520929567663
4.53619351913375e-05
-0.000657356697276173
-0.000387195348676341
0.00039820951053387
0.000419452544562224
0.00117560680814549
0.000107082310038687
6.29431841969705e-05
-0.000286172541269094
0.000308853852189459
0.00215574737080736
0.000288725058084936
0.00014988362442408
0.000209141567793799
0.000651862205312852
0.00044968151966275
0.000401028502400796
9.08649389557504e-05
0.00207520233271126
0.000693721398471318
0.00166743259760988
0.000119192345252395
0.00138009581140888
0.00297842024844203
0.00162381209500042
0.00117118484872223
0.000482711740369853
0.000936417934999204
0.000629629860047388
0.000724336598546955
0.00348349879354778
0
0
0
0
0
0
0
0
0
0
0
0
0
0
0
0
0
0
0
0
0
0
0
0
0
0
0
0
0
0
0
0
0
0
0
0
0
0
0
0
0
0
0
0
0
0
0
0
0
0
0
0
0
0
0
0
0
0
0
0
0
0
0
0
0
0
0
0
0
0
0
0
0
0
0
0
0
0
0
0
0
0
0
0
0
0
0
0
0
0
0
0
0
0
0
0
0
0
0
0
0
0
0
0
0
0
0.0558749436729739
0.00949549133297296
0.00223743930657442
0.000867065859388436
0.00340936410232696
0.00111355071122933
0.00345725302392842
0.00473492052475602
-0.000505620442150237
0.00194414679825123
6.39941764215552e-05
5.23548296246106e-05
0.000919568002133058
3.15591988675818e-05
-0.000667597206954509
-0.0004079829569514
0.000380937137117528
0.000405981679253725
0.00116179665492511
9.42069308391328e-05
4.85864483926803e-05
-0.000297336837173122
0.000294194573140614
0.00217349309403172
0.000307667254242945
0.000151390319279102
0.000214799861632822
0.000649705567731889
0.000447188868565971
0.00040120096111892
9.96340753060559e-05
0.00208587648571175
0.0007022252935795
0.00168321410545441
0.000128653813108515
0.00139718033309911
0.00294331049095861
0.00161104163070718
0.00117413941109589
0.000489813643615025
0.000936622397566897
0.00063027935153952
0.000720415050248924
0.00350301673491379
0
0
0
0
0
0
0
0
0
0
0
0
0
0
0
0
0
0
0
0
0
0
0
0
0
0
0
0
0
0
0
0
0
0
0
0
0
0
0
0
0
0
0
0
0
0
0
0
0
0
0
0
0
0
0
0
0
0
0
0
0
0
0
0
0
0
0
0
0
0
0
0
0
0
0
0
0
0
0
0
0
0
0
0
0
0
0
0
0
0
0
0
0
0
0
0
0
0
0
0
0
0
0
0
0
0
0.0560373902264752
0.00953244385326079
0.00224261210138202
0.000867141596514811
0.00343175409873976
0.00111268911962059
0.00347932194154012
0.00475351870076335
-0.00049511087750028
0.00193160384497052
5.73909425638045e-05
5.2306299091837e-05
0.000894890872402698
1.90443666630703e-05
-0.000677530639613816
-0.000429063042591245
0.000364271284336169
0.000392080372605703
0.00114680506503403
8.19702871482627e-05
3.40794775805207e-05
-0.000307632313682212
0.000285086970282554
0.00219354272452225
0.000325922128684438
0.000151871725003432
0.00022040102114597
0.000646293898098023
0.000445092174907271
0.000410049865999787
0.000120261084877054
0.00209983420274593
0.000714377923537646
0.00169929829892261
0.000142665158337803
0.00141464158471051
0.00290762568726904
0.00159717071118576
0.00117579510810416
0.00049592497202042
0.000935413775570118
0.000629141191429271
0.000715554491513727
0.00352219283939774
0
0
0
0
0
0
0
0
0
0
0
0
0
0
0
0
0
0
0
0
0
0
0
0
0
0
0
0
0
0
0
0
0
0
0
0
0
0
0
0
0
0
0
0
0
0
0
0
0
0
0
0
0
0
0
0
0
0
0
0
0
0
0
0
0
0
0
0
0
0
0
0
0
0
0
0
0
0
0
0
0
0
0
0
0
0
0
0
0
0
0
0
0
0
0
0
0
0
0
0
0
0
0
0
0
0
0.0561780947671599
0.00956588508588915
0.00225015793980423
0.000866598149435061
0.0034548552402131
0.00111244273504611
0.00350159324077933
0.00477174950348613
-0.000485070489975131
0.0019168961276812
5.07696757548664e-05
5.24655992341111e-05
0.000870121876192091
8.13508959300385e-06
-0.000681165619493857
-0.000448508438221033
0.000350075042932576
0.000369779431228598
0.00112226615124521
6.47850255204651e-05
2.28829323659003e-05
-0.000317804974816369
0.000264595458769004
0.00217228197552
0.000334598108041474
0.000151605590133185
0.000226673721183062
0.000645728219311375
0.0004426628075964
0.00041767524114688
0.000138120119476758
0.002062352675122
0.000709480151389138
0.00168440457495778
0.000147577488811368
0.00137688756775474
0.00285312915035586
0.00158165665616025
0.00117813417130209
0.000502765135031997
0.000934483768974307
0.000627883571344491
0.000709935268172901
0.00354178256870105
0
0
0
0
0
0
0
0
0
0
0
0
0
0
0
0
0
0
0
0
0
0
0
0
0
0
0
0
0
0
0
0
0
0
0
0
0
0
0
0
0
0
0
0
0
0
0
0
0
0
0
0
0
0
0
0
0
0
0
0
0
0
0
0
0
0
0
0
0
0
0
0
0
0
0
0
0
0
0
0
0
0
0
0
0
0
0
0
0
0
0
0
0
0
0
0
0
0
0
0
0
0
0
0
0
0
0.0563245836495305
0.00958676103980751
0.00225409474615979
0.000870843468894689
0.00348240952102706
0.00111329567371274
0.00352407198770829
0.0047899507829095
-0.00047522804001145
0.00190206571310024
4.33614097216139e-05
5.20739216673107e-05
0.000847201664794574
-4.64887632555025e-07
-0.000685444860159745
-0.000467065827537854
0.000336286729678372
0.000348047261167107
0.00109509612963331
4.38096663481424e-05
8.94829855507537e-06
-0.000328063677447942
0.000243565255876805
0.00214815786465558
0.000329793388315806
0.000147550911124373
0.000231065621116721
0.00064474303546356
0.000441352395403872
0.000425159712900556
0.00015468419116194
0.00202416568112058
0.000689593740786781
0.00166549012484373
0.000145809301473852
0.001338062048101
0.00278401830999733
0.00156050420524625
0.0011808388489004
0.000509185336610906
0.000933633167221905
0.000627128936274787
0.000705272660960932
0.00356155677385997
0
0
0
0
0
0
0
0
0
0
0
0
0
0
0
0
0
0
0
0
0
0
0
0
0
0
0
0
0
0
0
0
0
0
0
0
0
0
0
0
0
0
0
0
0
0
0
0
0
0
0
0
0
0
0
0
0
0
0
0
0
0
0
0
0
0
0
0
0
0
0
0
0
0
0
0
0
0
0
0
0
0
0
0
0
0
0
0
0
0
0
0
0
0
0
0
0
0
0
0
0
0
0
0
0
0
0.0564682396481753
0.00960252991495509
0.00226358888538786
0.000878404170884395
0.00344265855118783
0.00110182910924146
0.0035534673771726
0.00480874408232336
-0.000464869572383775
0.00188750184320475
3.61236042774004e-05
5.13091772678186e-05
0.000828892056247846
-7.35971556528134e-06
-0.000686008932609573
-0.000480689020806532
0.000323748199912344
0.000326975877747452
0.00106913383692345
2.44058909569996e-05
-2.98179739888617e-06
-0.000337133631208088
0.00022368119487699
0.00212546722862841
0.00032744679492059
0.000143887637066094
0.000222732433624259
0.000632057329895313
0.00044225144277445
0.000436626803265502
0.000173363459517356
0.0019880438054849
0.000672073606445578
0.0016484551341238
0.000149000250099437
0.00130762879997753
0.0027192407503725
0.00152877762623034
0.00117825749567217
0.000507605144777445
0.000936058283376775
0.000629059813473195
0.000702211744703345
0.00358593053262473
0
0
0
0
0
0
0
0
0
0
0
0
0
0
0
0
0
0
0
0
0
0
0
0
0
0
0
0
0
0
0
0
0
0
0
0
0
0
0
0
0
0
0
0
0
0
0
0
0
0
0
0
0
0
0
0
0
0
0
0
0
0
0
0
0
0
0
0
0
0
0
0
0
0
0
0
0
0
0
0
0
0
0
0
0
0
0
0
0
0
0
0
0
0
0
0
0
0
0
0
0
0
0
0
0
0
0.0566005886002477
0.00961941835328088
0.00227280264096201
0.000882590214143127
0.00340335584698221
0.00107670554446945
0.00358434316101355
0.00483119176332648
-0.000454384685494069
0.00187326862605903
2.91630263543273e-05
5.06422845186564e-05
0.000810523402045454
-1.33601422814118e-05
-0.000686488325889047
-0.000496139891020863
0.000302234358987163
0.000305737533401499
0.00104355290900322
5.77622353681789e-06
-1.41908812888659e-05
-0.000346518555427463
0.000204035847195479
0.00210319952252447
0.000325237597783223
0.000141084410490484
0.000214462384006215
0.000615613974840197
0.000439874612934668
0.000449110669213626
0.000187597777994001
0.00195159205470756
0.000655593105215137
0.001633156274097
0.000153275161664671
0.00127962308785986
0.00265704953291753
0.00149625008989569
0.00117244783903432
0.000504974214329888
0.000937398196043914
0.000630733373475104
0.00069802683220105
0.0036103525906663
0
0
0
0
0
0
0
0
0
0
0
0
0
0
0
0
0
0
0
0
0
0
0
0
0
0
0
0
0
0
0
0
0
0
0
0
0
0
0
0
0
0
0
0
0
0
0
0
0
0
0
0
0
0
0
0
0
0
0
0
0
0
0
0
0
0
0
0
0
0
0
0
0
0
0
0
0
0
0
0
0
0
0
0
0
0
0
0
0
0
0
0
0
0
0
0
0
0
0
0
0
0
0
0
0
0
0.0566918280198282
0.00963977675831048
0.00226728710771279
0.000879811816320583
0.00337553144538141
0.00105772224748217
0.00355459188742724
0.00483630966987208
-0.000441888902020569
0.00185983150772302
2.24973482953825e-05
5.03695454780242e-05
0.000792306235381229
-1.95936165575066e-05
-0.000683990750222952
-0.000510481472036803
0.000282539227751785
0.000288622193720235
0.00102022119025449
-1.21227180190543e-05
-2.40110894521939e-05
-0.000353790273266075
0.000187592375927103
0.00208385774094583
0.000324278091230406
0.000139850125578982
0.000209022565717787
0.000602339502282787
0.000428325611360707
0.000453015931773692
0.000202945564594319
0.00191797382158636
0.000641518490553163
0.00162060209692218
0.000159033300608163
0.00125420239715912
0.00259709609219724
0.00146698296717698
0.00116969157154807
0.000496066478634527
0.000935210183014423
0.000624400862702816
0.000696487399547878
0.00363702657879329
0
0
0
0
0
0
0
0
0
0
0
0
0
0
0
0
0
0
0
0
0
0
0
0
0
0
0
0
0
0
0
0
0
0
0
0
0
0
0
0
0
0
0
0
0
0
0
0
0
0
0
0
0
0
0
0
0
0
0
0
0
0
0
0
0
0
0
0
0
0
0
0
0
0
0
0
0
0
0
0
0
0
0
0
0
0
0
0
0
0
0
0
0
0
0
0
0
0
0
0
0
0
0
0
0
0
0.0567925764687991
0.0096559221450682
0.0022622219620941
0.000874105750395769
0.00334869660702103
0.0010400971048693
0.00352716586303712
0.00482966384674363
-0.000432355348764627
0.00184662162443189
1.6109362061104e-05
5.00491740899755e-05
0.000773988301220564
-2.58968695377592e-05
-0.000681940204156224
-0.000523574858423111
0.000262725154578587
0.000270765674249001
0.000995784858527906
-3.05974624753284e-05
-3.39650979200015e-05
-0.000361292552267982
0.000170892028269743
0.00206765067134916
0.000326909139390743
0.000138340819386926
0.000202936417334117
0.000588622162256651
0.000416833443380319
0.000453678357487794
0.00021501700306668
0.00188367657391432
0.00062789399920225
0.00160806837909193
0.000165102082163947
0.00123016037830245
0.00253831995603473
0.00143802282169579
0.00116690477896195
0.000487010625430192
0.000930200680465418
0.000616620960144005
0.000693293668740306
0.00366331594910832
0
0
0
0
0
0
0
0
0
0
0
0
0
0
0
0
0
0
0
0
0
0
0
0
0
0
0
0
0
0
0
0
0
0
0
0
0
0
0
0
0
0
0
0
0
0
0
0
0
0
0
0
0
0
0
0
0
0
0
0
0
0
0
0
0
0
0
0
0
0
0
0
0
0
0
0
0
0
0
0
0
0
0
0
0
0
0
0
0
0
0
0
0
0
0
0
0
0
0
0
0
0
0
0
0
0
0.0568899886959901
0.00967450354532826
0.00225578406353524
0.000868531943492705
0.00332153492671758
0.0010220485225451
0.00349473063260942
0.00482261314604646
-0.000425412861322956
0.00183276749942272
9.73695822173692e-06
4.98441918257308e-05
0.000755641074966222
-3.23121713054482e-05
-0.000679946873950461
-0.00053681533962972
0.000244917099449015
0.000253289961378897
0.000971100333398706
-5.03737971633336e-05
-4.41016134603334e-05
-0.000368705399600294
0.000154237352116517
0.00205016944770352
0.00032964478281011
0.000137806892523128
0.000197508851884317
0.000574529348640187
0.000403966514880651
0.000452334730572216
0.000225319806314765
0.00184869578061139
0.000614077811303408
0.00159564088715267
0.000171001652073569
0.00120584620953134
0.00248013830031367
0.00140381045171353
0.00116213632213201
0.000474729525042677
0.000924229213323011
0.000601293447370564
0.00068728225265338
0.00368912638769902
0
0
0
0
0
0
0
0
0
0
0
0
0
0
0
0
0
0
0
0
0
0
0
0
0
0
0
0
0
0
0
0
0
0
0
0
0
0
0
0
0
0
0
0
0
0
0
0
0
0
0
0
0
0
0
0
0
0
0
0
0
0
0
0
0
0
0
0
0
0
0
0
0
0
0
0
0
0
0
0
0
0
0
0
0
0
0
0
0
0
0
0
0
0
0
0
0
0
0
0
0
0
0
0
0
0
0.0569740619831494
0.00967741909079346
0.00225459775476898
0.000862547363847879
0.00329523126276961
0.00100498686298113
0.00346055110056364
0.00478710861012074
-0.000430899345478924
0.00181768899517599
3.80073168230258e-06
4.9554302233088e-05
0.00073747474747893
-3.88007928078439e-05
-0.000678218225990076
-0.00055023840130432
0.000226182678157151
0.000239169328564397
0.000947403607031747
-7.00268717688891e-05
-5.43583476174711e-05
-0.00037496853748674
0.000138025101716954
0.00203317038557043
0.000327765853377406
0.000138680619836686
0.000196327830955194
0.000561198834467303
0.000390909076741621
0.000446492897156975
0.000216098432712523
0.00180856726029699
0.000599954251678043
0.00158371767734481
0.000177746971184198
0.00118213260291011
0.00242066817982055
0.00136650857105436
0.00113232846441044
0.000454413343959576
0.000904089112140042
0.00058250842689141
0.000655021079821766
0.00370663157509058
0
0
0
0
0
0
0
0
0
0
0
0
0
0
0
0
0
0
0
0
0
0
0
0
0
0
0
0
0
0
0
0
0
0
0
0
0
0
0
0
0
0
0
0
0
0
0
0
0
0
0
0
0
0
0
0
0
0
0
0
0
0
0
0
0
0
0
0
0
0
0
0
0
0
0
0
0
0
0
0
0
0
0
0
0
0
0
0
0
0
0
0
0
0
0
0
0
0
0
0
0
0
0
0
0
0
0.0570617777438011
0.00967932478787602
0.00225127695601282
0.000857618456040856
0.00326859735831154
0.000987712686545216
0.00342623589136898
0.00475138119062229
-0.000442209237279292
0.00180046750749676
-3.07834839502079e-06
4.95152215883183e-05
0.000718923548051182
-4.53575706192987e-05
-0.000676600545752933
-0.000563742330555052
0.000207434069419996
0.000224782876303705
0.000924342493811272
-9.01601100877437e-05
-6.57114661205189e-05
-0.000383183303203673
0.000121509874400643
0.00201627986545079
0.000325802965407334
0.000138438509835078
0.000195122836750002
0.000548625271710058
0.000377766769336875
0.000440146281531861
0.000206151178338166
0.00176578922781398
0.000584705803098732
0.00157138939523306
0.000184099630165011
0.00115830657067156
0.00236106371926714
0.00132922883091942
0.00110203985157933
0.00043026623588253
0.000882658303922167
0.000561655032735115
0.000622446078065828
0.00372060718766173
0
0
0
0
0
0
0
0
0
0
0
0
0
0
0
0
0
0
0
0
0
0
0
0
0
0
0
0
0
0
0
0
0
0
0
0
0
0
0
0
0
0
0
0
0
0
0
0
0
0
0
0
0
0
0
0
0
0
0
0
0
0
0
0
0
0
0
0
0
0
0
0
0
0
0
0
0
0
0
0
0
0
0
0
0
0
0
0
0
0
0
0
0
0
0
0
0
0
0
0
0
0
0
0
0
0
0.0571521715380374
0.00968330766886675
0.00224848390459723
0.000853321155105039
0.00324213011636581
0.00096923967298352
0.00339255194218953
0.00471511575207608
-0.000453375578316208
0.00178581433661644
-7.77873326762744e-06
4.83699280040706e-05
0.000701961140467868
-5.22712630907051e-05
-0.000675108196764388
-0.000577401809185499
0.000188796992411485
0.000210301119788174
0.000901092097236127
-0.000110668773903338
-7.82367854181595e-05
-0.000393086311629267
0.000104138161445212
0.00200284429258424
0.000324609004097167
0.000137917460919687
0.000193240810969052
0.000535630815140622
0.00036435194820874
0.000433617805859279
0.000196054184907819
0.00172354919527881
0.000571105621179972
0.00155960096924346
0.000189336241945063
0.0011350803572599
0.00230169339409731
0.00129164045978923
0.00107160690600023
0.000406444827062424
0.000861390579543648
0.000540409209267683
0.000589907341275325
0.00373437414915395
0
0
0
0
0
0
0
0
0
0
0
0
0
0
0
0
0
0
0
0
0
0
0
0
0
0
0
0
0
0
0
0
0
0
0
0
0
0
0
0
0
0
0
0
0
0
0
0
0
0
0
0
0
0
0
0
0
0
0
0
0
0
0
0
0
0
0
0
0
0
0
0
0
0
0
0
0
0
0
0
0
0
0
0
0
0
0
0
0
0
0
0
0
0
0
0
0
0
0
0
0
0
0
0
0
0
0.0572462064720423
0.00968891383200741
0.00224636914707111
0.000849936438104354
0.00321736691946649
0.000950793573649228
0.00335803093388827
0.00467918126872883
-0.000466094534014202
0.00177116243117732
-8.89073811462727e-06
5.1932974289947e-05
0.000684487075216394
-5.81993413401457e-05
-0.000674266483072941
-0.000591234113902409
0.000169967424081137
0.000195951338931312
0.000877742380551403
-0.00013039503468269
-8.72508254313221e-05
-0.000403157544631739
8.55318722302937e-05
0.00198934701897792
0.000324471744892042
0.000137586647792943
0.000190955487855665
0.000522169222701552
0.000350453810488574
0.000426554842946594
0.000187179365204962
0.00168123081391347
0.000558168553606646
0.00154933028275236
0.000194685986202178
0.00111180769329665
0.00224250662169692
0.00125422074515926
0.00104098850784782
0.000382325101482547
0.000841994001298024
0.000521297136986203
0.000557583684001501
0.0037504345551495
0
0
0
0
0
0
0
0
0
0
0
0
0
0
0
0
0
0
0
0
0
0
0
0
0
0
0
0
0
0
0
0
0
0
0
0
0
0
0
0
0
0
0
0
0
0
0
0
0
0
0
0
0
0
0
0
0
0
0
0
0
0
0
0
0
0
0
0
0
0
0
0
0
0
0
0
0
0
0
0
0
0
0
0
0
0
0
0
0
0
0
0
0
0
0
0
0
0
0
0
0
0
0
0
0
0
0.0573393868446244
0.00969597792994522
0.00224487849948632
0.000846729811247756
0.00319359697183699
0.000933194472631788
0.00332414875107561
0.00464308948767848
-0.000479538755125202
0.00175559613669734
-9.99709824048381e-06
5.51313815020172e-05
0.000667416518331716
-6.47867537800773e-05
-0.000673487299364163
-0.000605463020360166
0.000151214943288404
0.000181559960052025
0.000854462946738921
-0.000150209060055808
-9.59567590783631e-05
-0.000411169425613657
6.72724489451368e-05
0.001975788023266
0.000323504637256435
0.000137534267296704
0.000188867293307422
0.000508544037700852
0.0003363714123807
0.000419483640789434
0.000178780164731648
0.00163941101992862
0.000544754700374423
0.00153900102777927
0.000200523351753772
0.00108913314264567
0.002185526529616
0.00121711136777812
0.00101009973738266
0.000358214909858151
0.000822334020637179
0.000502464252813854
0.000526038495281242
0.0037667619644774
0
0
0
0
0
0
0
0
0
0
0
0
0
0
0
0
0
0
0
0
0
0
0
0
0
0
0
0
0
0
0
0
0
0
0
0
0
0
0
0
0
0
0
0
0
0
0
0
0
0
0
0
0
0
0
0
0
0
0
0
0
0
0
0
0
0
0
0
0
0
0
0
0
0
0
0
0
0
0
0
0
0
0
0
0
0
0
0
0
0
0
0
0
0
0
0
0
0
0
0
0
0
0
0
0
0
0.0574347156115592
0.00970011707344028
0.00224497569845662
0.000844704908008165
0.00317017115818931
0.000916262156236539
0.00329094347953553
0.00460742994571468
-0.000494841506047867
0.00173950062393767
-1.24529156367746e-05
5.796870930277e-05
0.000651753914861159
-7.04649740081939e-05
-0.000674598735928542
-0.000620899160278171
0.000132141900332652
0.000167362276019967
0.000831479351132473
-0.000170131085483454
-0.000104750349856993
-0.000418801681313632
5.14555540556148e-05
0.00196247314801854
0.000322067508200694
0.000136105681198258
0.000188694913941285
0.000495505262116174
0.000323039873213251
0.000412533716011793
0.000170641362227367
0.0016002351317236
0.00053189987756327
0.00152753923755679
0.000207532585661885
0.0010680306924284
0.0021296783732366
0.00118042566683867
0.000979631956470584
0.000333838681224574
0.000803279977225736
0.000484546725238193
0.000494985134618157
0.00378360095665176
0
0
0
0
0
0
0
0
0
0
0
0
0
0
0
0
0
0
0
0
0
0
0
0
0
0
0
0
0
0
0
0
0
0
0
0
0
0
0
0
0
0
0
0
0
0
0
0
0
0
0
0
0
0
0
0
0
0
0
0
0
0
0
0
0
0
0
0
0
0
0
0
0
0
0
0
0
0
0
0
0
0
0
0
0
0
0
0
0
0
0
0
0
0
0
0
0
0
0
0
0
0
0
0
0
0
0.0575344210182237
0.00970549694313774
0.00224351937742482
0.000843588847477171
0.00314800082532992
0.000899319948972357
0.00325797823245206
0.00457211314680628
-0.000510390923863108
0.00172734516992559
-1.53639674878584e-05
6.29548907135022e-05
0.000637194826819132
-7.39976143251082e-05
-0.000673062658985605
-0.000629568240412484
0.000115530434711117
0.000153442399383853
0.000808813879775241
-0.000189953861575965
-0.000113620023291427
-0.000426239578399501
3.56568158268933e-05
0.00194934413573636
0.000319973746923162
0.000133350734323714
0.000186105548690711
0.000484712197234215
0.000310332655137709
0.000405826747388462
0.000162083184430676
0.00156057281748089
0.000519362064275059
0.00151571880564056
0.000213372240237803
0.0010462148246366
0.00207415731881626
0.00114518794640109
0.000949526393277069
0.000309751785568709
0.000784076633920727
0.000466945843648995
0.00046494445594038
0.00380188159633513
0
0
0
0
0
0
0
0
0
0
0
0
0
0
0
0
0
0
0
0
0
0
0
0
0
0
0
0
0
0
0
0
0
0
0
0
0
0
0
0
0
0
0
0
0
0
0
0
0
0
0
0
0
0
0
0
0
0
0
0
0
0
0
0
0
0
0
0
0
0
0
0
0
0
0
0
0
0
0
0
0
0
0
0
0
0
0
0
0
0
0
0
0
0
0
0
0
0
0
0
0
0
0
0
0
0
0.057635685045166
0.00971297665811753
0.002242857239621
0.000841108497935843
0.00312672679667418
0.000883387985661204
0.00322530042178641
0.0045383647236472
-0.000525026751535883
0.00171529253543736
-1.72789262054604e-05
6.76280102021543e-05
0.000624339915253364
-7.67666981453821e-05
-0.000667241859655893
-0.00063474365549514
0.00010198962189593
0.000141367321903392
0.000787568091499422
-0.000209763482672165
-0.000122276555002567
-0.000433451890390534
1.98616046821544e-05
0.0019361086520398
0.000317314067456619
0.000130270655134926
0.000183329161389474
0.000472293769790803
0.000299278061447181
0.000399567280036753
0.000153572691830562
0.00152098342632564
0.000506992895756717
0.00150444390217115
0.000218784389894964
0.00102362043395656
0.00201840593064089
0.00111048433349262
0.000920057889478884
0.000285062477246341
0.000765100494289601
0.000448954242347311
0.000434616551085279
0.00382053530636691
0
0
0
0
0
0
0
0
0
0
0
0
0
0
0
0
0
0
0
0
0
0
0
0
0
0
0
0
0
0
0
0
0
0
0
0
0
0
0
0
0
0
0
0
0
0
0
0
0
0
0
0
0
0
0
0
0
0
0
0
0
0
0
0
0
0
0
0
0
0
0
0
0
0
0
0
0
0
0
0
0
0
0
0
0
0
0
0
0
0
0
0
0
0
0
0
0
0
0
0
0
0
0
0
0
0
0.0577454006766849
0.00971994661684891
0.00223794183752253
0.000834917936264936
0.00310451548900973
0.000868269200723403
0.00318652382398276
0.00450353397646647
-0.000538568787383506
0.00170466833296313
-1.90419602608571e-05
7.16712044308394e-05
0.000610546318818958
-7.85543468586878e-05
-0.000663658994527312
-0.000631725272889851
8.94805636161707e-05
0.000127408871815873
0.000767292622806415
-0.000228195339205244
-0.000130834796948101
-0.000440480919859765
4.31641894494816e-06
0.00192293828817954
0.000314762506118917
0.000127248349578687
0.000180498968318267
0.000459946050442778
0.000287657281126824
0.00037577225278707
0.000141619322997676
0.00148143887057142
0.000495033542094867
0.00149333765811055
0.000224401065516354
0.00100124176697073
0.00196262082608998
0.00107660777013238
0.000893413699712541
0.000255482855507574
0.00074410201260728
0.000426044383841308
0.000404373488244883
0.00383939652370726
0
0
0
0
0
0
0
0
0
0
0
0
0
0
0
0
0
0
0
0
0
0
0
0
0
0
0
0
0
0
0
0
0
0
0
0
0
0
0
0
0
0
0
0
0
0
0
0
0
0
0
0
0
0
0
0
0
0
0
0
0
0
0
0
0
0
0
0
0
0
0
0
0
0
0
0
0
0
0
0
0
0
0
0
0
0
0
0
0
0
0
0
0
0
0
0
0
0
0
0
0
0
0
0
0
0
0.0578601100052539
0.00973297141381237
0.00223377145044899
0.000828024327102243
0.00308251138232351
0.000852372674794593
0.00314972744824231
0.00446910780144015
-0.000552502351118377
0.00169418758066569
-1.89771199716251e-05
7.53338532336556e-05
0.000595087716840293
-8.1771711545894e-05
-0.000661725897221371
-0.000629606503449724
8.28373423473687e-05
0.000116733102772031
0.000745712301197864
-0.000248757553723044
-0.00013874077901828
-0.000447457159131778
-1.11007494279718e-05
0.00191005212650017
0.000312167254232881
0.000124442959550574
0.000179416239878398
0.000447679204975588
0.000275607797656775
0.000349654266513566
0.000126737674582655
0.00144144493902134
0.000482885918896092
0.00148174149286654
0.000228846890248314
0.000977957191625655
0.00190710270288613
0.00104171761897645
0.00086628357373653
0.000231161089168856
0.000721897484202101
0.000401319173471877
0.000372896384820593
0.00385797033291836
0
0
0
0
0
0
0
0
0
0
0
0
0
0
0
0
0
0
0
0
0
0
0
0
0
0
0
0
0
0
0
0
0
0
0
0
0
0
0
0
0
0
0
0
0
0
0
0
0
0
0
0
0
0
0
0
0
0
0
0
0
0
0
0
0
0
0
0
0
0
0
0
0
0
0
0
0
0
0
0
0
0
0
0
0
0
0
0
0
0
0
0
0
0
0
0
0
0
0
0
0
0
0
0
0
0
0.0579780761140111
0.00974866517206378
0.00223090900702385
0.000821334319145619
0.00306095224650886
0.000836864296745289
0.00311291287270342
0.00443512518456066
-0.000566032043587323
0.00168318220765827
-2.07190992797613e-05
7.88041629085228e-05
0.000579582196936919
-8.61614711008347e-05
-0.000660793903808368
-0.000627543244569955
7.5208328432806e-05
0.000106366762927441
0.000725429111723289
-0.000270443687862619
-0.000148029629656652
-0.000453336003349176
-2.55628071378965e-05
0.0018974883425834
0.000309913623510035
0.000121616850313371
0.000178139643511593
0.000437028635293445
0.000263758978329732
0.000323569818792755
0.000110900407720276
0.00140149181151261
0.000471002003756309
0.00147085886813789
0.00023313752538676
0.000953816518946835
0.00185087614657138
0.00100670750284412
0.000838335298102847
0.000205806388804233
0.000701716621959382
0.000375761783984472
0.000340388285148451
0.00387662049643375
0
0
0
0
0
0
0
0
0
0
0
0
0
0
0
0
0
0
0
0
0
0
0
0
0
0
0
0
0
0
0
0
0
0
0
0
0
0
0
0
0
0
0
0
0
0
0
0
0
0
0
0
0
0
0
0
0
0
0
0
0
0
0
0
0
0
0
0
0
0
0
0
0
0
0
0
0
0
0
0
0
0
0
0
0
0
0
0
0
0
0
0
0
0
0
0
0
0
0
0
0
0
0
0
0
0
0.0580983142736702
0.00976601635280712
0.00222842288936358
0.000814295592985306
0.00303888208611763
0.000820950127174326
0.00307625037313233
0.00440182746540794
-0.000579951395667295
0.00167194967275791
-2.30877673820642e-05
8.03175492877549e-05
0.000562963966801548
-9.02691952897425e-05
-0.000660616010089564
-0.000626194464552796
6.76818148945707e-05
9.50892934941479e-05
0.000703537451720403
-0.000292802712494736
-0.000158486483719887
-0.000461158960330605
-3.98415416962717e-05
0.00188536319815482
0.000307692706769264
0.000118735571290969
0.000176761297602752
0.000426086016776361
0.000253262442700172
0.00029714108825374
9.43732086468595e-05
0.00136116979790154
0.000459775204127252
0.00146041428377002
0.000237620350437606
0.000929471085145958
0.00179412051376331
0.000971787553977244
0.000810909313231907
0.000180319152777115
0.000680645732187942
0.000349728576633774
0.000311886674606487
0.00389834540619084
0
0
0
0
0
0
0
0
0
0
0
0
0
0
0
0
0
0
0
0
0
0
0
0
0
0
0
0
0
0
0
0
0
0
0
0
0
0
0
0
0
0
0
0
0
0
0
0
0
0
0
0
0
0
0
0
0
0
0
0
0
0
0
0
0
0
0
0
0
0
0
0
0
0
0
0
0
0
0
0
0
0
0
0
0
0
0
0
0
0
0
0
0
0
0
0
0
0
0
0
0
0
0
0
0
0
0.0579577742088887
0.00973775422554403
0.00222883206602042
0.000816448473755035
0.00302990869171467
0.000811355485809064
0.00304792845398562
0.00437424150554988
-0.000585981656473827
0.00166661543137117
-1.96634112509889e-05
8.6345438161868e-05
0.000555650950642224
-8.87621533352525e-05
-0.000651665245978769
-0.00061344865952471
6.95208203797236e-05
9.99178130801667e-05
0.000693170086159584
-0.000282487013331933
-0.000150718140508656
-0.000451009517644115
-3.96976583416169e-05
0.00185176131266775
0.000302602131118804
0.000117726914524608
0.000177235787755798
0.000416248187166541
0.000246299130440147
0.000285829501127276
8.70867632814064e-05
0.00132922802574743
0.000447029398817414
0.00143484965504009
0.000233423740471798
0.000908811392181697
0.00174422873386105
0.000941256359497232
0.000783947820004524
0.000157738126344106
0.000663902472463643
0.00033723449122942
0.000298765548141796
0.00375744355178058
0
0
0
0
0
0
0
0
0
0
0
0
0
0
0
0
0
0
0
0
0
0
0
0
0
0
0
0
0
0
0
0
0
0
0
0
0
0
0
0
0
0
0
0
0
0
0
0
0
0
0
0
0
0
0
0
0
0
0
0
0
0
0
0
0
0
0
0
0
0
0
0
0
0
0
0
0
0
0
0
0
0
0
0
0
0
0
0
0
0
0
0
0
0
0
0
0
0
0
0
0
0
0
0
0
0
0.0578216803631164
0.00969651358811463
0.00222735100584201
0.000819107616765978
0.00302150769316869
0.000802237258892656
0.00301979465259554
0.00434716393571975
-0.000591673957754878
0.00166138177353569
-1.62305724740706e-05
9.28037545203104e-05
0.000548251101915811
-8.83495108566511e-05
-0.000643288857388038
-0.000600697850703696
7.14778591460919e-05
0.000104907686466794
0.000683437727326332
-0.000272061681754736
-0.000143309930738972
-0.000440684925745237
-3.79795837122568e-05
0.00181882759792978
0.00029651464101187
0.000116623880345372
0.000177793979942315
0.000406548842360045
0.000239364400300733
0.000274878529609166
8.04445064109379e-05
0.00129781650971396
0.000434771682392233
0.00140893696087679
0.000229055503437671
0.000887999707285085
0.00169456247818304
0.000910561570672699
0.000756496218634639
0.000135030219364029
0.000648064487525081
0.000325954042768658
0.000286621133317472
0.00361757220043778
0
0
0
0
0
0
0
0
0
0
0
0
0
0
0
0
0
0
0
0
0
0
0
0
0
0
0
0
0
0
0
0
0
0
0
0
0
0
0
0
0
0
0
0
0
0
0
0
0
0
0
0
0
0
0
0
0
0
0
0
0
0
0
0
0
0
0
0
0
0
0
0
0
0
0
0
0
0
0
0
0
0
0
0
0
0
0
0
0
0
0
0
0
0
0
0
0
0
0
0
0
0
0
0
0
0
0.0576875534804973
0.00965693615125933
0.0022221898722363
0.000821220338616995
0.00301304225257826
0.000794084586554922
0.00299515088735618
0.00432016792577073
-0.000597566366512318
0.00165622814599976
-1.35046898438499e-05
9.88580411415035e-05
0.000540865027925251
-8.75673015820168e-05
-0.000636689363215808
-0.000589426006805506
7.28978365437895e-05
0.000109015614262708
0.000673073305720595
-0.000262497936256411
-0.000136690491441964
-0.000429105490678594
-3.73750455262364e-05
0.00178685055767519
0.000289737434276169
0.000114984272482113
0.000178229457189926
0.000396876973702889
0.000232450230103819
0.00026384898613859
7.37292940602168e-05
0.00126608866748271
0.000422611054477257
0.00138309229383479
0.00022360158843503
0.000866723103094692
0.00164482056084474
0.000879819726020388
0.000728632810811887
0.000111846290492715
0.000632071757826225
0.000314898458595178
0.000274522256698104
0.00347727112865475
0
0
0
0
0
0
0
0
0
0
0
0
0
0
0
0
0
0
0
0
0
0
0
0
0
0
0
0
0
0
0
0
0
0
0
0
0
0
0
0
0
0
0
0
0
0
0
0
0
0
0
0
0
0
0
0
0
0
0
0
0
0
0
0
0
0
0
0
0
0
0
0
0
0
0
0
0
0
0
0
0
0
0
0
0
0
0
0
0
0
0
0
0
0
0
0
0
0
0
0
0
0
0
0
0
0
0.0575575640464843
0.00961980179080383
0.00221759357057088
0.000820499722067474
0.00300427446473369
0.000785966956168342
0.00297257582740929
0.00430077353093495
-0.000602877810236416
0.00165088396449887
-1.08801123547669e-05
0.000104418741065469
0.00053333000775223
-8.68556294072765e-05
-0.000630555811277806
-0.000580255225441172
7.29049057529389e-05
0.000112674557841322
0.000661645829794279
-0.000253826321185491
-0.000131438391622963
-0.000418416680147946
-3.03912462241235e-05
0.00175467161549483
0.000282281205226566
0.000112978846084502
0.000178248006864798
0.000387032695032269
0.00022556539550484
0.000252977043867005
6.69365645945105e-05
0.00123452038042616
0.000409798076340665
0.00135715586816316
0.000218061897094397
0.000844700883229844
0.001595116575411
0.000849093473208736
0.000700489897287415
8.87083723001016e-05
0.000615475114727196
0.000303531108395892
0.000262857351493466
0.00333796267693355
0
0
0
0
0
0
0
0
0
0
0
0
0
0
0
0
0
0
0
0
0
0
0
0
0
0
0
0
0
0
0
0
0
0
0
0
0
0
0
0
0
0
0
0
0
0
0
0
0
0
0
0
0
0
0
0
0
0
0
0
0
0
0
0
0
0
0
0
0
0
0
0
0
0
0
0
0
0
0
0
0
0
0
0
0
0
0
0
0
0
0
0
0
0
0
0
0
0
0
0
0
0
0
0
0
0
0.0574332848753758
0.00958404083732757
0.00221323374320533
0.000819680739232204
0.0029940491205929
0.000777499834105418
0.00295069729148557
0.00428260863916363
-0.000606791937952025
0.00164596432455131
-8.75156709031862e-06
0.000110049632274815
0.000525793035076561
-8.44575336609729e-05
-0.00062345939207907
-0.000571178000409901
7.11951509058005e-05
0.000115542683248315
0.000649367075948053
-0.000247014300837457
-0.000127185144589631
-0.000410070850348824
-2.48246282768294e-05
0.00172229579456866
0.000275208957874415
0.000109584657020263
0.000183330316679033
0.000379667177259876
0.000218624781210898
0.000242760989739193
6.18297205083817e-05
0.0012029876548654
0.000397037399640038
0.00133159513451464
0.000213661087388021
0.000824315037973394
0.00154453688666768
0.000818025374376726
0.000672641109577159
6.54309703862587e-05
0.000600476871925466
0.000292552426816422
0.000251257962394546
0.00319891241545085
0
0
0
0
0
0
0
0
0
0
0
0
0
0
0
0
0
0
0
0
0
0
0
0
0
0
0
0
0
0
0
0
0
0
0
0
0
0
0
0
0
0
0
0
0
0
0
0
0
0
0
0
0
0
0
0
0
0
0
0
0
0
0
0
0
0
0
0
0
0
0
0
0
0
0
0
0
0
0
0
0
0
0
0
0
0
0
0
0
0
0
0
0
0
0
0
0
0
0
0
0
0
0
0
0
0
0.0573096031844917
0.00954961800112765
0.00220911850677782
0.000818839446434884
0.00298372252167589
0.000767765905013753
0.00292862369937745
0.00426485746014441
-0.000609887198128689
0.00164208493735584
-6.33765810802215e-06
0.000115842552408156
0.000518903035404465
-8.22679168380231e-05
-0.000615085146762358
-0.000561826530343973
6.92163377717122e-05
0.000116998142639473
0.000636267261649437
-0.000240275033122824
-0.000123652976890711
-0.000401737046484379
-1.98894243818357e-05
0.00168959529329823
0.000268207905564195
0.000107559822113879
0.000188212018749743
0.000372706038205795
0.000212296527946818
0.000232576398129438
5.69030265178046e-05
0.00117180185694406
0.000384258290204178
0.00130626534271854
0.000210964102661732
0.000805105666442525
0.00149525957093755
0.000787279073151318
0.000645522515075946
4.2308617803393e-05
0.000585486895385331
0.000281594517530147
0.00023958913309225
0.00305995222733989
0
0
0
0
0
0
0
0
0
0
0
0
0
0
0
0
0
0
0
0
0
0
0
0
0
0
0
0
0
0
0
0
0
0
0
0
0
0
0
0
0
0
0
0
0
0
0
0
0
0
0
0
0
0
0
0
0
0
0
0
0
0
0
0
0
0
0
0
0
0
0
0
0
0
0
0
0
0
0
0
0
0
0
0
0
0
0
0
0
0
0
0
0
0
0
0
0
0
0
0
0
0
0
0
0
0
0.0571900262434186
0.00951559548224565
0.00220495202135396
0.000817848454017458
0.00297324292880602
0.000758191700286489
0.00290669867188854
0.00424706589028598
-0.000613101532255841
0.00163789018830386
-2.04861100710033e-06
0.000122490766898931
0.000513428141540586
-7.8737430818456e-05
-0.000607211037121082
-0.000552250853758622
6.89287094831155e-05
0.000118390012087876
0.000621797699633111
-0.000234719671021539
-0.000120451511206352
-0.000394193829343529
-1.45803210273144e-05
0.00165645829709344
0.000261370012927701
0.000107104484112864
0.000194829817884126
0.000366202495696959
0.000205301445084114
0.000222368008746391
5.18564856375553e-05
0.0011405908606309
0.000371428255336298
0.0012808513969657
0.000208011036302778
0.000785754057571837
0.00144618516044075
0.00075685864432992
0.000619576540060139
2.54582621400507e-05
0.000571516314349547
0.00027036871332164
0.000227447595515934
0.00292079457417787
0
0
0
0
0
0
0
0
0
0
0
0
0
0
0
0
0
0
0
0
0
0
0
0
0
0
0
0
0
0
0
0
0
0
0
0
0
0
0
0
0
0
0
0
0
0
0
0
0
0
0
0
0
0
0
0
0
0
0
0
0
0
0
0
0
0
0
0
0
0
0
0
0
0
0
0
0
0
0
0
0
0
0
0
0
0
0
0
0
0
0
0
0
0
0
0
0
0
0
0
0
0
0
0
0
0
0.05706551519787
0.00947095864458558
0.0022000928566989
0.000816772535154479
0.0029628381422018
0.000748620354893239
0.00288394511253636
0.00422934589955224
-0.000616299720522564
0.0016341102673282
2.27275155419027e-06
0.000123201491937346
0.00050520443020792
-7.960357932178e-05
-0.000601528131169668
-0.000540894446837616
6.73300819526376e-05
0.000113441910521623
0.000605668827140483
-0.000231375816490897
-0.000118756501266318
-0.000386317545498153
-9.92654677441413e-06
0.0016245193283123
0.000259726776417091
0.000104676177104114
0.000190223426966664
0.000353477721604633
0.000196863060851054
0.00021673207335432
4.92413026684603e-05
0.00110965258906999
0.000359209933408033
0.00125553196580829
0.000205075555976147
0.000766408466140758
0.001398237009801
0.000726965305842849
0.000594423242265513
1.6662954661681e-05
0.000547401061170765
0.000256340165498098
0.000216269313218229
0.00278214113894541
0
0
0
0
0
0
0
0
0
0
0
0
0
0
0
0
0
0
0
0
0
0
0
0
0
0
0
0
0
0
0
0
0
0
0
0
0
0
0
0
0
0
0
0
0
0
0
0
0
0
0
0
0
0
0
0
0
0
0
0
0
0
0
0
0
0
0
0
0
0
0
0
0
0
0
0
0
0
0
0
0
0
0
0
0
0
0
0
0
0
0
0
0
0
0
0
0
0
0
0
0
0
0
0
0
0
0.0569546268175699
0.00942807366738955
0.00219530376424523
0.000815623083159508
0.00295279129895946
0.00073914022264284
0.00286079164977424
0.00421116494948048
-0.000621476163100843
0.0016296774633328
6.294518045809e-06
0.000123546644211933
0.000496314735924639
-8.01400697202549e-05
-0.000596374322408353
-0.000529360000903093
7.01331859100641e-05
0.00010834573802705
0.000589673625956355
-0.00022858884640101
-0.000119498675253943
-0.000379953394435538
-6.03238138468324e-06
0.0015911298467864
0.000257493120617016
0.000105093231777901
0.000184223136050414
0.000339477208763544
0.00018851819389508
0.000209628800366567
4.76172317838587e-05
0.00107847489698603
0.000346744327965779
0.0012301229524245
0.000202256329270602
0.000746905009749027
0.00134980832005475
0.000695685814916474
0.000568833470346877
1.11577591479568e-05
0.000524953164569402
0.00024328359697357
0.000205192427343385
0.0026431109918186
0
0
0
0
0
0
0
0
0
0
0
0
0
0
0
0
0
0
0
0
0
0
0
0
0
0
0
0
0
0
0
0
0
0
0
0
0
0
0
0
0
0
0
0
0
0
0
0
0
0
0
0
0
0
0
0
0
0
0
0
0
0
0
0
0
0
0
0
0
0
0
0
0
0
0
0
0
0
0
0
0
0
0
0
0
0
0
0
0
0
0
0
0
0
0
0
0
0
0
0
0
0
0
0
0
0
0.0568467859556998
0.00939157716809012
0.00219355105436935
0.00081722357094175
0.00294290267981301
0.000729504278038622
0.00283773995996238
0.00419286521974186
-0.000626624182733055
0.00162513632867744
1.01116305394713e-05
0.000123545708413051
0.000486957401441027
-7.9413327258053e-05
-0.000590428105180732
-0.000517025021567463
7.37902408040551e-05
0.000104104709994782
0.000573615198357969
-0.000224559789920759
-0.000120390293530147
-0.000374756065803178
-3.40564391640699e-06
0.00155776728323296
0.000254347690130879
0.000105375862920362
0.000179362999649647
0.000325421359067779
0.000180799106503388
0.000203174192159573
4.56584746160216e-05
0.00104713291191581
0.000334089269618592
0.00120454448020172
0.000199320208988963
0.000727351586945166
0.00130126346551824
0.000664072264994775
0.000542566810321661
5.41701521396628e-06
0.00050398437661945
0.00023070258663654
0.000198411291488266
0.00250488453871985
0
0
0
0
0
0
0
0
0
0
0
0
0
0
0
0
0
0
0
0
0
0
0
0
0
0
0
0
0
0
0
0
0
0
0
0
0
0
0
0
0
0
0
0
0
0
0
0
0
0
0
0
0
0
0
0
0
0
0
0
0
0
0
0
0
0
0
0
0
0
0
0
0
0
0
0
0
0
0
0
0
0
0
0
0
0
0
0
0
0
0
0
0
0
0
0
0
0
0
0
0
0
0
0
0
0
0.0567392890155768
0.00935567353013988
0.00219304086566625
0.000820039603395894
0.0029337300351172
0.000719889475922408
0.00281481222101613
0.00417545062470608
-0.000631392994635368
0.00162064417498386
1.46162460882541e-05
0.000123570048677133
0.000477470565207977
-7.84757710301066e-05
-0.000582863494935833
-0.000504475110374902
7.76094198054579e-05
0.000100234884418301
0.000557572522528296
-0.000220781110235475
-0.000121140315057489
-0.000369873084483256
-1.9333522930624e-06
0.00152337345414607
0.000250992937397102
0.000105297008765519
0.000174866904260187
0.00031154336363099
0.000172786636053986
0.00019769909873471
4.32957497526234e-05
0.00101565694304697
0.000321768361033084
0.00117922906154472
0.000196350299181303
0.000707850725413444
0.00125278390394507
0.00063239980162823
0.000516106867840154
-8.45830806407756e-07
0.000483050230668984
0.000218677997666076
0.000192968670176896
0.00236855773376389
0
0
0
0
0
0
0
0
0
0
0
0
0
0
0
0
0
0
0
0
0
0
0
0
0
0
0
0
0
0
0
0
0
0
0
0
0
0
0
0
0
0
0
0
0
0
0
0
0
0
0
0
0
0
0
0
0
0
0
0
0
0
0
0
0
0
0
0
0
0
0
0
0
0
0
0
0
0
0
0
0
0
0
0
0
0
0
0
0
0
0
0
0
0
0
0
0
0
0
0
0
0
0
0
0
0
0.0566346585645502
0.00932015553860532
0.00219281190472914
0.000822757126926979
0.00292692339595006
0.00071099930549747
0.00279186125081151
0.00415791732529039
-0.000636133664695283
0.00161609770690738
1.88420878615315e-05
0.000122628978443084
0.000467550550435419
-7.79605208478367e-05
-0.00057558420703692
-0.000491609047638999
8.1391320454909e-05
9.65176425173843e-05
0.000543185343398266
-0.000217576547665834
-0.000122191724363462
-0.000365024421149404
-7.25888350833766e-07
0.00148801474233673
0.000246580552573851
0.000104646041563639
0.000169856193145003
0.000297737043182707
0.000164273372418928
0.000191632896148303
4.16425482800509e-05
0.000983710512805224
0.00030924670066485
0.00115393900893917
0.000193283941266308
0.000688437502602805
0.00120472234474497
0.000600719343970023
0.000489556708529051
-7.35545975249048e-06
0.000461744104533965
0.000206631428489595
0.000187571455668333
0.00223320564888487
0
0
0
0
0
0
0
0
0
0
0
0
0
0
0
0
0
0
0
0
0
0
0
0
0
0
0
0
0
0
0
0
0
0
0
0
0
0
0
0
0
0
0
0
0
0
0
0
0
0
0
0
0
0
0
0
0
0
0
0
0
0
0
0
0
0
0
0
0
0
0
0
0
0
0
0
0
0
0
0
0
0
0
0
0
0
0
0
0
0
0
0
0
0
0
0
0
0
0
0
0
0
0
0
0
0
0.0565306140959737
0.00928582899813545
0.00219265932253266
0.000825827900761999
0.00292067716284209
0.00070284728829315
0.00276939236732968
0.00414038419423595
-0.000641107198139432
0.00161153169530828
2.30435612415646e-05
0.00012150319345671
0.000456943956267163
-7.77141403382164e-05
-0.00056841805572352
-0.000478916022577537
8.55005979073021e-05
9.28770590192671e-05
0.000528916798178216
-0.000214044371427888
-0.000123327947372589
-0.000360346665082624
4.63414121756629e-07
0.00145248319048221
0.00024153019707419
0.000103515119720408
0.000164396172471473
0.000283691985111009
0.000155759865652511
0.000185278612461137
3.97435605374275e-05
0.000952144513205183
0.000296746592896237
0.00112857244675896
0.000189803636453762
0.000668889087448666
0.00115672360976823
0.000569080611265351
0.00046295999704135
-1.39228048639503e-05
0.000440324685402876
0.00019461320791074
0.000182910402392681
0.002099056116849
0
0
0
0
0
0
0
0
0
0
0
0
0
0
0
0
0
0
0
0
0
0
0
0
0
0
0
0
0
0
0
0
0
0
0
0
0
0
0
0
0
0
0
0
0
0
0
0
0
0
0
0
0
0
0
0
0
0
0
0
0
0
0
0
0
0
0
0
0
0
0
0
0
0
0
0
0
0
0
0
0
0
0
0
0
0
0
0
0
0
0
0
0
0
0
0
0
0
0
0
0
0
0
0
0
0
0.0564278601107443
0.00925171829417049
0.00219273616402739
0.000828921332276485
0.0029149505661815
0.000695121665224232
0.00274921677190936
0.00412379777170665
-0.000645986515909698
0.00160701781974956
2.70887229721767e-05
0.000120180630046821
0.000446144164891079
-7.83262039372486e-05
-0.000561567097150193
-0.000466396510642231
8.9318010961811e-05
8.93405714093245e-05
0.000514734312164943
-0.000210425346845162
-0.000124273099161431
-0.000355973916699168
1.54906529275223e-06
0.00141709689117864
0.000236278024834426
0.00010147915039987
0.000158254279660426
0.000269407774841487
0.000146808468810111
0.00017898586446739
3.77421917071374e-05
0.00092045443527889
0.000283598222561289
0.00110313788939591
0.000186088220318427
0.000649525878584019
0.00110884210151317
0.000537385834402596
0.000436370065257744
-2.0460529844144e-05
0.000418861678933429
0.000182422834512598
0.000177925481989743
0.00196533790805399
0
0
0
0
0
0
0
0
0
0
0
0
0
0
0
0
0
0
0
0
0
0
0
0
0
0
0
0
0
0
0
0
0
0
0
0
0
0
0
0
0
0
0
0
0
0
0
0
0
0
0
0
0
0
0
0
0
0
0
0
0
0
0
0
0
0
0
0
0
0
0
0
0
0
0
0
0
0
0
0
0
0
0
0
0
0
0
0
0
0
0
0
0
0
0
0
0
0
0
0
0
0
0
0
0
0
0.0563251529010247
0.00921788230374564
0.00219280345752034
0.000832105616768898
0.002909270184302
0.0006877191155685
0.00272971769368293
0.00410838399213152
-0.000650593162505269
0.00160265722174393
3.11363213179958e-05
0.00011895388522142
0.000435287541274347
-7.91324918373014e-05
-0.00055571822356415
-0.00045409793153687
9.31108605540671e-05
8.58778864235684e-05
0.000501120561565534
-0.000206557743968311
-0.000124971064138464
-0.000351265447297108
2.9103620299863e-06
0.00138194649703224
0.000231075870598852
9.92720892252132e-05
0.000151532366285044
0.000254752462504844
0.000137837295312997
0.000172624139517087
3.61009960667916e-05
0.000889947603537856
0.000270523481893149
0.00107799501846116
0.000182612256341311
0.000630538452969362
0.00106200983962234
0.0005059858295649
0.00040971668127451
-2.69944928031757e-05
0.000397386365126258
0.000170196821248748
0.000172955988285184
0.00183223059478154
0
0
0
0
0
0
0
0
0
0
0
0
0
0
0
0
0
0
0
0
0
0
0
0
0
0
0
0
0
0
0
0
0
0
0
0
0
0
0
0
0
0
0
0
0
0
0
0
0
0
0
0
0
0
0
0
0
0
0
0
0
0
0
0
0
0
0
0
0
0
0
0
0
0
0
0
0
0
0
0
0
0
0
0
0
0
0
0
0
0
0
0
0
0
0
0
0
0
0
0
0
0
0
0
0
0
0.0562227871512552
0.0091840635539233
0.00219285877354422
0.000835262637843266
0.00290360730197392
0.000680289030929306
0.00271059133318338
0.00409392245592423
-0.000654844072404467
0.00159844839575129
3.52274575437321e-05
0.00011767283137511
0.000424437739233575
-7.98336193086612e-05
-0.000549745157083032
-0.000442585330327169
9.67922970996559e-05
8.22279873092566e-05
0.000487332930820923
-0.000202936849766613
-0.000125630245635531
-0.00034657458897529
4.3826573861523e-06
0.00134722483995616
0.000225827816137865
9.7037047962364e-05
0.000144569051886579
0.000239387299379046
0.000128285330717529
0.000166080722702144
3.45277811568197e-05
0.000859847213122359
0.000258221076879673
0.00105297981583259
0.000178199590462601
0.00061132607065652
0.00101554774026768
0.000475065677018989
0.000383022975699668
-3.36364201248132e-05
0.000375860361332157
0.000157961506424554
0.000167927992325344
0.0016990143072172
0
0
0
0
0
0
0
0
0
0
0
0
0
0
0
0
0
0
0
0
0
0
0
0
0
0
0
0
0
0
0
0
0
0
0
0
0
0
0
0
0
0
0
0
0
0
0
0
0
0
0
0
0
0
0
0
0
0
0
0
0
0
0
0
0
0
0
0
0
0
0
0
0
0
0
0
0
0
0
0
0
0
0
0
0
0
0
0
0
0
0
0
0
0
0
0
0
0
0
0
0
0
0
0
0
0
0.0561217411333714
0.0091505659801714
0.00219290467422863
0.000838394023227403
0.00289791083346495
0.000672839736857459
0.00269141895539267
0.00407951004462135
-0.000658989284249679
0.00159446598769765
3.94560902533728e-05
0.000116378794448753
0.000414655061556784
-8.04508372916052e-05
-0.000543449415536
-0.000430946641534599
0.000100996607266055
7.86303884880524e-05
0.000473359621099069
-0.000199730277876391
-0.000126656089939511
-0.000341876841123083
5.84059254378073e-06
0.00131253511396679
0.000220392888630023
9.50126570193387e-05
0.000137950367104373
0.00022388004051145
0.000117693021604158
0.000158763286009034
3.25419528605579e-05
0.000829844121326749
0.000246289977421592
0.00102849169316147
0.000174021853255141
0.000590776772275869
0.000968777654700952
0.000445837095675453
0.000359214157481262
-4.00706486100125e-05
0.000354234225074483
0.000145690615435574
0.000163208117272886
0.00156574074420039
0
0
0
0
0
0
0
0
0
0
0
0
0
0
0
0
0
0
0
0
0
0
0
0
0
0
0
0
0
0
0
0
0
0
0
0
0
0
0
0
0
0
0
0
0
0
0
0
0
0
0
0
0
0
0
0
0
0
0
0
0
0
0
0
0
0
0
0
0
0
0
0
0
0
0
0
0
0
0
0
0
0
0
0
0
0
0
0
0
0
0
0
0
0
0
0
0
0
0
0
0
0
0
0
0
0
0.0560224390038629
0.00911785011336408
0.00219304443948995
0.00084149680766522
0.00289216280272709
0.000665313479559693
0.00267211298074163
0.00406506809175189
-0.000663346093940016
0.00159059272533952
4.34253399337881e-05
0.000114804591660682
0.000404873233726615
-7.88465075348996e-05
-0.000536942333007795
-0.000419440881127593
0.000105077716547533
7.44729729143756e-05
0.000459194854414948
-0.000196233576492963
-0.00012753115464802
-0.000337435357477605
7.47824203894243e-06
0.00127762930772063
0.000214764225128649
9.28174091629678e-05
0.000131466214323581
0.000208569957105506
0.000106874551418198
0.000150119867902777
2.97239336995898e-05
0.000799415687183539
0.000234554888344379
0.00100421608680159
0.000170014015815554
0.000569969854811888
0.000920856107023517
0.000416145930595896
0.000335434134875541
-4.30003794368561e-05
0.000334445524915038
0.000133406614422519
0.000158734678388191
0.00143332157187898
0
0
0
0
0
0
0
0
0
0
0
0
0
0
0
0
0
0
0
0
0
0
0
0
0
0
0
0
0
0
0
0
0
0
0
0
0
0
0
0
0
0
0
0
0
0
0
0
0
0
0
0
0
0
0
0
0
0
0
0
0
0
0
0
0
0
0
0
0
0
0
0
0
0
0
0
0
0
0
0
0
0
0
0
0
0
0
0
0
0
0
0
0
0
0
0
0
0
0
0
0
0
0
0
0
0
0.0558734378436615
0.0090787926455696
0.00219410289495728
0.000845105247721637
0.00288644667193523
0.000657915634930169
0.0026526382135216
0.00405143336285478
-0.000667234753769935
0.0015875762395262
4.93022975575347e-05
0.000115348083457682
0.000396082901829898
-7.62893149068607e-05
-0.000524542137652193
-0.000406630180613963
0.00010999566729823
7.09148438483089e-05
0.000446695830659544
-0.00019195461590801
-0.000124498136449087
-0.000327511414297257
1.25663534907886e-05
0.00124576728110162
0.000211361999481032
9.18615068355427e-05
0.000126492603494554
0.000194634469359939
9.77721182247994e-05
0.000142280148767398
2.81641033832343e-05
0.000770694695196153
0.000224428803194854
0.000970439269755553
0.000163335906283288
0.000543916276660012
0.000873138051039859
0.000392262931277532
0.000315685833932937
-4.12807344358437e-05
0.000312724762569985
0.000127668686636299
0.000154955944284016
0.00130250862224444
0
0
0
0
0
0
0
0
0
0
0
0
0
0
0
0
0
0
0
0
0
0
0
0
0
0
0
0
0
0
0
0
0
0
0
0
0
0
0
0
0
0
0
0
0
0
0
0
0
0
0
0
0
0
0
0
0
0
0
0
0
0
0
0
0
0
0
0
0
0
0
0
0
0
0
0
0
0
0
0
0
0
0
0
0
0
0
0
0
0
0
0
0
0
0
0
0
0
0
0
0
0
0
0
0
0
0.0557201341495789
0.00902822203310608
0.00219243061895326
0.000848624296927621
0.00288091283998446
0.000650564175325208
0.0026332809164454
0.0040380187193812
-0.000670666645274044
0.00158479391131335
5.58620263824864e-05
0.000116467324641513
0.000388552028212103
-7.27710803901647e-05
-0.000512317084558638
-0.000397439202645497
0.000115301401686226
6.78497472866442e-05
0.000434558081981966
-0.000186955652287722
-0.000121115033096058
-0.000319125928716249
1.64385885295756e-05
0.00121458599556626
0.000206871583720129
9.10321190595509e-05
0.000122020589338444
0.000181139368660019
8.90289885803851e-05
0.000135117414213122
2.67714732642611e-05
0.000742111685000483
0.000214463048215987
0.00093710409415945
0.000156899826382368
0.000518511742982836
0.000826230909551609
0.00036907716971719
0.000298499851267911
-3.90724806776161e-05
0.000290751566260876
0.000121190867378661
0.000145268833385809
0.00117152876609015
0
0
0
0
0
0
0
0
0
0
0
0
0
0
0
0
0
0
0
0
0
0
0
0
0
0
0
0
0
0
0
0
0
0
0
0
0
0
0
0
0
0
0
0
0
0
0
0
0
0
0
0
0
0
0
0
0
0
0
0
0
0
0
0
0
0
0
0
0
0
0
0
0
0
0
0
0
0
0
0
0
0
0
0
0
0
0
0
0
0
0
0
0
0
0
0
0
0
0
0
0
0
0
0
0
0
0.0555405338153068
0.00896750375678235
0.00217607588578619
0.000847708540799559
0.00287504301010994
0.00064348556586933
0.0026140011630668
0.00402478996307306
-0.000673884655675342
0.0015824342272913
6.27508671165421e-05
0.000118000962957194
0.00038155608821817
-6.83547714327752e-05
-0.000499530577229642
-0.000388812551718331
0.000113430222793108
6.56118039127745e-05
0.000423331436681913
-0.000181409359314095
-0.000117419282861219
-0.000310109594272578
1.66176507352196e-05
0.00117981153461885
0.000201863593887745
8.70392454258762e-05
0.00011675849015018
0.000168098064013782
8.06375437105385e-05
0.00012831770519875
2.57740900139474e-05
0.000713702370812849
0.00020447727311206
0.000903794294852566
0.000150783018659617
0.000495242880804279
0.000782065734580533
0.000348520912811529
0.000282281848257639
-3.42588224933159e-05
0.000268041774243386
0.000112979537411013
0.000134161934472398
0.00102753667635187
0
0
0
0
0
0
0
0
0
0
0
0
0
0
0
0
0
0
0
0
0
0
0
0
0
0
0
0
0
0
0
0
0
0
0
0
0
0
0
0
0
0
0
0
0
0
0
0
0
0
0
0
0
0
0
0
0
0
0
0
0
0
0
0
0
0
0
0
0
0
0
0
0
0
0
0
0
0
0
0
0
0
0
0
0
0
0
0
0
0
0
0
0
0
0
0
0
0
0
0
0
0
0
0
0
0
0.055364944624875
0.00890828819349223
0.00215999136386997
0.00084673255871469
0.00286894844804246
0.000636195404333506
0.00259467664833995
0.00401152635992774
-0.000677255900514883
0.00158001881436316
6.96285732765821e-05
0.000119449837642239
0.000376012896663964
-6.41748163658219e-05
-0.000484954375130466
-0.000377714382627267
0.000111654596475641
6.42077906453833e-05
0.000412591958901662
-0.000175889384147289
-0.000113713823132157
-0.000302065091139553
1.71393824984229e-05
0.00114511589731342
0.000196324707083766
8.39044813350786e-05
0.000111773762438012
0.000155781439767561
7.28909650778379e-05
0.000121012895103589
2.46593187172435e-05
0.000686400737452507
0.000194373997268604
0.000869535119737001
0.000143999901349137
0.000471714419321971
0.000738285312886327
0.000329290302456358
0.000266883244950953
-2.93274969734663e-05
0.000246566411865837
0.00010536083125748
0.000122958077147474
0.000883103919942958
0
0
0
0
0
0
0
0
0
0
0
0
0
0
0
0
0
0
0
0
0
0
0
0
0
0
0
0
0
0
0
0
0
0
0
0
0
0
0
0
0
0
0
0
0
0
0
0
0
0
0
0
0
0
0
0
0
0
0
0
0
0
0
0
0
0
0
0
0
0
0
0
0
0
0
0
0
0
0
0
0
0
0
0
0
0
0
0
0
0
0
0
0
0
0
0
0
0
0
0
0
0
0
0
0
0
0.055190490632238
0.00884992757769746
0.0021435782502481
0.000845870647649739
0.00286356880247645
0.000628875086150269
0.0025753122275428
0.0039984171231791
-0.000680613206854244
0.00157759346438161
7.6572545008129e-05
0.000120784785117022
0.00037036983682385
-5.963244398544e-05
-0.000470836998881647
-0.000366255436911308
0.000110642198141987
6.2876924231565e-05
0.000401926768410682
-0.000170482590130626
-0.000109779601215231
-0.000293939320946158
1.72901982924063e-05
0.00111051528617092
0.000191169863596268
8.04724306168401e-05
0.000106682701015398
0.000143334006488866
6.55555837633853e-05
0.000113857865328777
2.30040565385154e-05
0.000658955039794201
0.000184602704338344
0.000835112375691918
0.000136381213687581
0.000447661038078575
0.000694255822217947
0.000310280585810297
0.000251722887041768
-2.45363501814879e-05
0.000224892301638372
9.72802483546103e-05
0.000111498089509186
0.000738702609380861
0
0
0
0
0
0
0
0
0
0
0
0
0
0
0
0
0
0
0
0
0
0
0
0
0
0
0
0
0
0
0
0
0
0
0
0
0
0
0
0
0
0
0
0
0
0
0
0
0
0
0
0
0
0
0
0
0
0
0
0
0
0
0
0
0
0
0
0
0
0
0
0
0
0
0
0
0
0
0
0
0
0
0
0
0
0
0
0
0
0
0
0
0
0
0
0
0
0
0
0
0
0
0
0
0
0
0.0550167877037311
0.00879247727756792
0.00212744238120827
0.000844249789193977
0.00285825786337746
0.000622775199142818
0.00255603651315151
0.00398529525955471
-0.000683909797129617
0.0015751668150492
8.34690309362003e-05
0.000122183556433592
0.000364567803186787
-5.51621040372229e-05
-0.000456775658520426
-0.000355190036296002
0.000109444372851976
6.16174874568736e-05
0.000391255955898353
-0.000165229297643361
-0.000105995159960214
-0.000285716161751212
1.75216118872246e-05
0.00107603436662974
0.000186473635490898
7.7912304678034e-05
0.000101557128387302
0.000130586385201
5.79201899735349e-05
0.000106877129550329
2.13557044113568e-05
0.000631323603310019
0.000174699959484253
0.000800734325998297
0.000128544056319663
0.000422902583954242
0.000649869863189846
0.000291103408499605
0.000236773530400087
-1.97539953608373e-05
0.000203401521096887
8.88903594915141e-05
9.95623191927514e-05
0.000594006852021535
0
0
0
0
0
0
0
0
0
0
0
0
0
0
0
0
0
0
0
0
0
0
0
0
0
0
0
0
0
0
0
0
0
0
0
0
0
0
0
0
0
0
0
0
0
0
0
0
0
0
0
0
0
0
0
0
0
0
0
0
0
0
0
0
0
0
0
0
0
0
0
0
0
0
0
0
0
0
0
0
0
0
0
0
0
0
0
0
0
0
0
0
0
0
0
0
0
0
0
0
0
0
0
0
0
0
0.0548431515736
0.00873538138908114
0.0021116112815257
0.000842920228984115
0.00285368849692451
0.000617223169909997
0.00253849771001047
0.00397251028686639
-0.000687196028143958
0.00157273656571152
9.03529317190081e-05
0.000123525456572141
0.000358765317127434
-5.07607098908876e-05
-0.000442741334085981
-0.00034406066343675
0.000108125768160843
6.03563058624193e-05
0.000380737975726318
-0.000159951006938906
-0.000101974216069304
-0.000277462553180673
1.77354302209211e-05
0.00104155218233017
0.000181493954562154
7.55390453500603e-05
9.70147048194985e-05
0.000117992536277531
5.03477317136143e-05
9.98548920779151e-05
1.98043855108307e-05
0.000603756361258567
0.000164666709390571
0.000766345543917953
0.000120826556739823
0.000398039770182754
0.000605055193818627
0.000271688976623411
0.000221713396011164
-1.49496260934749e-05
0.000181950744634996
8.05425464759924e-05
8.73974310444918e-05
0.000449461083711775
0
0
0
0
0
0
0
0
0
0
0
0
0
0
0
0
0
0
0
0
0
0
0
0
0
0
0
0
0
0
0
0
0
0
0
0
0
0
0
0
0
0
0
0
0
0
0
0
0
0
0
0
0
0
0
0
0
0
0
0
0
0
0
0
0
0
0
0
0
0
0
0
0
0
0
0
0
0
0
0
0
0
0
0
0
0
0
0
0
0
0
0
0
0
0
0
0
0
0
0
0
0
0
0
0
0
0.0546703388796123
0.00867828741800574
0.00209587290344353
0.000841619242546595
0.00284916044840757
0.000611888296018222
0.00252128024003994
0.00396145518866145
-0.00069029919123408
0.00157066221353707
9.72088574374793e-05
0.000124831304719632
0.000352866897359638
-4.64611581188056e-05
-0.000428818599535665
-0.000332963070057684
0.000107087107613136
5.96092866277854e-05
0.00037012420939875
-0.000154698911970642
-9.80375526455009e-05
-0.000269462015052084
1.78653000966741e-05
0.00100740004192304
0.000176570769140215
7.36102796418351e-05
9.25253332983475e-05
0.000105362180604483
4.25538950469261e-05
9.23087874012517e-05
1.80268719960992e-05
0.000575916203503731
0.000154504234764455
0.000731714842470668
0.00011280133746056
0.000373071794829548
0.000560073296912761
0.000252667861104746
0.000206376161880975
-9.69101615979677e-06
0.000160444418943067
7.19343243966532e-05
7.50427715015333e-05
0.000304482269984134
0
0
0
0
0
0
0
0
0
0
0
0
0
0
0
0
0
0
0
0
0
0
0
0
0
0
0
0
0
0
0
0
0
0
0
0
0
0
0
0
0
0
0
0
0
0
0
0
0
0
0
0
0
0
0
0
0
0
0
0
0
0
0
0
0
0
0
0
0
0
0
0
0
0
0
0
0
0
0
0
0
0
0
0
0
0
0
0
0
0
0
0
0
0
0
0
0
0
0
0
0
0
0
0
0
0
0.0544979138676848
0.00862142985547605
0.00208014594050523
0.000840348344416024
0.00284466505069336
0.000606660737183518
0.00250406496054807
0.00395048721482102
-0.000692949106067502
0.00156857934277731
0.000104026483737672
0.000126089383790886
0.000346938803829381
-4.22639176626052e-05
-0.000414986028502535
-0.000321853408176229
0.000106107025174528
5.93031125661265e-05
0.000360455541498753
-0.000149262299993731
-9.3964144490979e-05
-0.000261516636380442
1.78489603959688e-05
0.000973205369714941
0.000171624216752114
7.17747514839262e-05
8.91127551030504e-05
9.28935992917369e-05
3.49494961255432e-05
8.50414151022921e-05
1.60131919652017e-05
0.000547970895809071
0.000144435541276976
0.000697127984807446
0.00010452666576158
0.000347890518365142
0.000515267384362618
0.000233506519635846
0.000191055417481302
-4.46883102071026e-06
0.000139220155672398
6.30010962343511e-05
6.24270647501796e-05
0
0
0
0
0
0
0
0
0
0
0
0
0
0
0
0
0
0
0
0
0
0
0
0
0
0
0
0
0
0
0
0
0
0
0
0
0
0
0
0
0
0
0
0
0
0
0
0
0
0
0
0
0
0
0
0
0
0
0
0
0
0
0
0
0
0
0
0
0
0
0
0
0
0
0
0
0
0
0
0
0
0
0
0
0
0
0
0
0
0
0
0
0
0
0
0
0
0
0
0
0
0
0
0
0
0
0
0.0543287256642455
0.00856516229454009
0.00206452895344832
0.000839113353984173
0.00284032011893751
0.00060147695957681
0.00248711966425329
0.00394046599461776
-0.000695029179616556
0.00156744495823559
0.000110909111202623
0.00012714725189476
0.000340895029940024
-3.80990031267709e-05
-0.000401279207481465
-0.000310909850445506
0.000104759249125827
5.9320791349497e-05
0.000350826878151789
-0.000144246534088089
-9.0188000351129e-05
-0.000253488819613302
1.77664463497795e-05
0.000938988668634664
0.000166483708387493
6.97112140096974e-05
8.65002317111458e-05
8.85984253139476e-05
2.91538807364272e-05
7.83822443048654e-05
1.41378723930441e-05
0.00051938273632662
0.000134102819997473
0.00066229924818436
9.6079798103679e-05
0.000322014974925422
0.000470045974799055
0.000214195570306017
0.000175358454637425
8.83589758132347e-07
0.000117722542445659
0
0
0
0
0
0
0
0
0
0
0
0
0
0
0
0
0
0
0
0
0
0
0
0
0
0
0
0
0
0
0
0
0
0
0
0
0
0
0
0
0
0
0
0
0
0
0
0
0
0
0
0
0
0
0
0
0
0
0
0
0
0
0
0
0
0
0
0
0
0
0
0
0
0
0
0
0
0
0
0
0
0
0
0
0
0
0
0
0
0
0
0
0
0
0
0
0
0
0
0
0
0
0
0
0
0
0
0
0
0.0541617814306243
0.00850995992758278
0.00204943289223162
0.00083788093593693
0.00283599935655141
0.000596344041742837
0.00247010651562386
0.0039305877428705
-0.000698926717419787
0.00156554600459954
0.00011626424109361
0.000127760139341142
0.000334616739360843
-3.4023426791189e-05
-0.000387540805710399
-0.000299986102359077
0.000103256314256549
5.90158515319384e-05
0.000341206839926533
-0.000139294015672336
-8.69328005332512e-05
-0.000245101058139792
1.76953338628274e-05
0.000904756109738656
0.00016067810133457
6.73747465937917e-05
8.36363493724621e-05
8.43665106642325e-05
2.4875904240005e-05
7.23676725767673e-05
1.24260796129667e-05
0.000490482607437335
0.000123241720962509
0.000627209343868699
8.85439518192801e-05
0.000296230896285339
0.000424489362658603
0.000194773800792807
0.000159450653599362
5.98843106488767e-06
9.61005932228528e-05
0
0
0
0
0
0
0
0
0
0
0
0
0
0
0
0
0
0
0
0
0
0
0
0
0
0
0
0
0
0
0
0
0
0
0
0
0
0
0
0
0
0
0
0
0
0
0
0
0
0
0
0
0
0
0
0
0
0
0
0
0
0
0
0
0
0
0
0
0
0
0
0
0
0
0
0
0
0
0
0
0
0
0
0
0
0
0
0
0
0
0
0
0
0
0
0
0
0
0
0
0
0
0
0
0
0
0
0
0
0.0539975192419733
0.00845522803817106
0.00203492440200358
0.000836639957457157
0.00283174492950429
0.000591210085806275
0.00245309569949578
0.00392067076736078
-0.000702915138807854
0.00156256016710488
0.000121167987496145
0.000127849476830083
0.000328084255667126
-3.01662021371429e-05
-0.00037391510593233
-0.000289043008328372
0.000101667514931518
5.85658540745734e-05
0.000331439590151639
-0.000134360608523286
-8.39091410475099e-05
-0.00023731715509183
1.73109614231086e-05
0.000871312863504562
0.000154906999021035
6.44933193011363e-05
8.07038670936044e-05
8.00101594498872e-05
2.04688052193531e-05
6.62289048248522e-05
1.08016618693758e-05
0.000461499912590558
0.000112096764920688
0.000591854891765108
8.06537751851917e-05
0.000270395349796367
0.000379107172167144
0.000174903176843013
0.000143334855146934
1.07958305941059e-05
7.41283841063912e-05
0
0
0
0
0
0
0
0
0
0
0
0
0
0
0
0
0
0
0
0
0
0
0
0
0
0
0
0
0
0
0
0
0
0
0
0
0
0
0
0
0
0
0
0
0
0
0
0
0
0
0
0
0
0
0
0
0
0
0
0
0
0
0
0
0
0
0
0
0
0
0
0
0
0
0
0
0
0
0
0
0
0
0
0
0
0
0
0
0
0
0
0
0
0
0
0
0
0
0
0
0
0
0
0
0
0
0
0
0
0.0538343865108504
0.00840153838708982
0.00202054511350855
0.000835537349451282
0.00282743742935171
0.000585992153501856
0.0024360864671485
0.00391072457498131
-0.000706966230758618
0.00155953254854389
0.000124856750411209
0.000127479653513725
0.000320750282950167
-2.65743759143812e-05
-0.000360462343304626
-0.000278190534225127
0.000100113723467928
5.80833709873827e-05
0.00032164645803034
-0.000129273062051746
-8.05062630613327e-05
-0.000229617578775194
1.67405795778282e-05
0.000837699340930471
0.000149457039058497
6.17904736087414e-05
7.73621879427957e-05
7.71613503673733e-05
1.68245708324088e-05
5.9959140433229e-05
8.9058949179312e-06
0.000432483618669423
0.000100805300978428
0.000557362898084451
7.54722239471732e-05
0.000244545913490959
0.000333601912212983
0.000155368204956839
0.000127203011727379
1.59400756393292e-05
0
0
0
0
0
0
0
0
0
0
0
0
0
0
0
0
0
0
0
0
0
0
0
0
0
0
0
0
0
0
0
0
0
0
0
0
0
0
0
0
0
0
0
0
0
0
0
0
0
0
0
0
0
0
0
0
0
0
0
0
0
0
0
0
0
0
0
0
0
0
0
0
0
0
0
0
0
0
0
0
0
0
0
0
0
0
0
0
0
0
0
0
0
0
0
0
0
0
0
0
0
0
0
0
0
0
0
0
0
0
0.0536748688744891
0.00834964026152039
0.00200634311116845
0.000834358454442571
0.00282401690680421
0.000580832702026
0.00241896850275242
0.00390075540806681
-0.000711050378804822
0.00155640587612863
0.000128236190120571
0.000126137575821665
0.000313277215960872
-2.31971522181562e-05
-0.00034713090982247
-0.000267466798537855
9.84738795885994e-05
5.76141570463922e-05
0.000311772606176354
-0.00012432333633427
-7.69448684891779e-05
-0.000220936954921312
1.60853825869034e-05
0.000804016801056842
0.000143460816036203
5.89023413969287e-05
7.39023524286161e-05
7.36249203061917e-05
1.65014798895572e-05
5.55093557004616e-05
7.21445932250929e-06
0.00040630650917562
8.99394761189542e-05
0.000522565529765562
7.1724896620458e-05
0.000224709472757325
0.000288419346326014
0.000135630236746437
0.000110899792384083
2.05818909637956e-05
0
0
0
0
0
0
0
0
0
0
0
0
0
0
0
0
0
0
0
0
0
0
0
0
0
0
0
0
0
0
0
0
0
0
0
0
0
0
0
0
0
0
0
0
0
0
0
0
0
0
0
0
0
0
0
0
0
0
0
0
0
0
0
0
0
0
0
0
0
0
0
0
0
0
0
0
0
0
0
0
0
0
0
0
0
0
0
0
0
0
0
0
0
0
0
0
0
0
0
0
0
0
0
0
0
0
0
0
0
0
0.0535164323226986
0.00829906086183608
0.00199252201978252
0.000833192947053236
0.00282076967712149
0.000577530780983309
0.00240211037024748
0.00389074837960976
-0.000715138901388328
0.00155329321959844
0.000131579408175151
0.000124585815223181
0.000304554263084669
-2.0106351474592e-05
-0.000334321429126011
-0.00025693599571838
9.68571096482154e-05
5.71340298630529e-05
0.000301885945554932
-0.000119443556606395
-7.34695910850705e-05
-0.0002123250686209
1.58696924388627e-05
0.000770303188156354
0.000137343416156509
5.5657328729798e-05
7.03087423841576e-05
6.99882385656906e-05
1.5618192291847e-05
5.171527004182e-05
5.8911863077974e-06
0.000380694017964875
8.47425601269075e-05
0.000488796030917758
6.7864070333575e-05
0.000204890041922765
0.000244211381687492
0
0
0
0
0
0
0
0
0
0
0
0
0
0
0
0
0
0
0
0
0
0
0
0
0
0
0
0
0
0
0
0
0
0
0
0
0
0
0
0
0
0
0
0
0
0
0
0
0
0
0
0
0
0
0
0
0
0
0
0
0
0
0
0
0
0
0
0
0
0
0
0
0
0
0
0
0
0
0
0
0
0
0
0
0
0
0
0
0
0
0
0
0
0
0
0
0
0
0
0
0
0
0
0
0
0
0
0
0
0
0
0
0
0.0533583589100341
0.0082487507542851
0.00197898803954623
0.000832132139327357
0.00281761418076606
0.000574248882497582
0.00238571548723125
0.00388079108805329
-0.00071899502881572
0.0015502734433021
0.000135130733709924
0.000123193264395633
0.000295671155178991
-1.83741564614243e-05
-0.000322048555839839
-0.000247452658694343
9.49413626065188e-05
5.68877767413705e-05
0.000291975833604608
-0.000114580983115648
-7.00493969926525e-05
-0.000203744558958332
1.55877055022964e-05
0.000736674651165252
0.000131151639522798
5.22435740375285e-05
6.64474637438934e-05
6.62798407085921e-05
1.46717316603169e-05
4.74485439178085e-05
4.70837530028937e-06
0.000355428150023581
7.97989451953237e-05
0.000456997594124909
6.44853615201578e-05
0.000185412756882684
0.000199914720809275
0
0
0
0
0
0
0
0
0
0
0
0
0
0
0
0
0
0
0
0
0
0
0
0
0
0
0
0
0
0
0
0
0
0
0
0
0
0
0
0
0
0
0
0
0
0
0
0
0
0
0
0
0
0
0
0
0
0
0
0
0
0
0
0
0
0
0
0
0
0
0
0
0
0
0
0
0
0
0
0
0
0
0
0
0
0
0
0
0
0
0
0
0
0
0
0
0
0
0
0
0
0
0
0
0
0
0
0
0
0
0
0
0
0.053200753269984
0.00819877003827131
0.00196563318556023
0.000831239543755278
0.00281451867081394
0.000571003704295378
0.00236967660480569
0.00387111511245012
-0.000722758658941157
0.00154730291763905
0.000138837408855004
0.000122178862756945
0.000287072496451884
-1.68187717898335e-05
-0.000311130393931139
-0.000238511704631398
9.19756970507469e-05
5.63464283826856e-05
0.000282072438362198
-0.000109726777562191
-6.66433584029381e-05
-0.000195211531011937
1.5320068739244e-05
0.000702984070147475
0.000124997694598147
4.87261806463158e-05
6.23784052633622e-05
6.23195599095674e-05
1.36121042838974e-05
4.31132994962484e-05
3.01656439813332e-06
0.000330234397641218
7.49781534055569e-05
0.000425370874534496
6.1923807572859e-05
0.000166338002213692
0.000156304044942832
0
0
0
0
0
0
0
0
0
0
0
0
0
0
0
0
0
0
0
0
0
0
0
0
0
0
0
0
0
0
0
0
0
0
0
0
0
0
0
0
0
0
0
0
0
0
0
0
0
0
0
0
0
0
0
0
0
0
0
0
0
0
0
0
0
0
0
0
0
0
0
0
0
0
0
0
0
0
0
0
0
0
0
0
0
0
0
0
0
0
0
0
0
0
0
0
0
0
0
0
0
0
0
0
0
0
0
0
0
0
0
0
0
0.053043378285531
0.00814916492715531
0.00195252691774445
0.000830430013590466
0.00281161690260945
0.000567865069195007
0.00235378087573447
0.00386160167916754
-0.000726488248653873
0.00154433840825941
0.000142553247557738
0.000121281983129
0.000278805222311714
-1.50442386047937e-05
-0.000300392958218699
-0.000230627864342504
8.86931739618162e-05
5.55441534075233e-05
0.000272043485789106
-0.000104826037270449
-6.32259594391292e-05
-0.000186685235925701
1.51174100061758e-05
0.00066931571856757
0.000118776390715671
4.52288424985241e-05
5.8204086778006e-05
5.82078456523281e-05
1.24228190453419e-05
3.87248835370996e-05
1.25681561402404e-06
0.000304582213435135
7.02476351657665e-05
0.000393839870720848
5.94095349992419e-05
0.000147358757532209
0.000112876017404501
0
0
0
0
0
0
0
0
0
0
0
0
0
0
0
0
0
0
0
0
0
0
0
0
0
0
0
0
0
0
0
0
0
0
0
0
0
0
0
0
0
0
0
0
0
0
0
0
0
0
0
0
0
0
0
0
0
0
0
0
0
0
0
0
0
0
0
0
0
0
0
0
0
0
0
0
0
0
0
0
0
0
0
0
0
0
0
0
0
0
0
0
0
0
0
0
0
0
0
0
0
0
0
0
0
0
0
0
0
0
0
0
0
0.0528876794243584
0.00809968766581403
0.00193941853147002
0.000829597332432556
0.00280877236397373
0.000564798063960253
0.00233798430377672
0.00385241227749078
-0.000730239324833037
0.00154148188442123
0.000146236513640803
0.00012037378443346
0.000270531025511732
-1.3277897280982e-05
-0.000289696036232631
-0.00022289867620701
8.43035913847564e-05
5.43907326289286e-05
0.000261762018048838
-0.000100084171759795
-5.98771167815391e-05
-0.000178219657210086
1.49243923982977e-05
0.000637019931118415
0.0001126881999468
4.16308969345082e-05
5.40815551462874e-05
5.42031200200965e-05
1.13626648800317e-05
3.58425042496054e-05
1.73302079516763e-08
0.000278964302560182
6.50374044019002e-05
0.000362210283953828
5.67675666150429e-05
0.000128311159803066
6.95755877190634e-05
0
0
0
0
0
0
0
0
0
0
0
0
0
0
0
0
0
0
0
0
0
0
0
0
0
0
0
0
0
0
0
0
0
0
0
0
0
0
0
0
0
0
0
0
0
0
0
0
0
0
0
0
0
0
0
0
0
0
0
0
0
0
0
0
0
0
0
0
0
0
0
0
0
0
0
0
0
0
0
0
0
0
0
0
0
0
0
0
0
0
0
0
0
0
0
0
0
0
0
0
0
0
0
0
0
0
0
0
0
0
0
0
0
0.0527327018694866
0.00805153464126056
0.00192638338541916
0.000828755757831764
0.00280589934902293
0.000561756573312242
0.00232236549765939
0.00384332883430565
-0.000733943866324921
0.00153866383460744
0.000149947805372149
0.00011944074757206
0.000262253727212496
-1.15080129890467e-05
-0.00027904247666053
-0.000215177155968844
8.00248979173043e-05
5.21732601807797e-05
0.000251121335902666
-9.59952883360476e-05
-5.67476115877142e-05
-0.000169849238436664
1.46632329174323e-05
0.000604731831223305
0.000107666640795635
3.81281619880762e-05
4.99307010364582e-05
5.02750458719345e-05
1.06341012269214e-05
3.30809043104797e-05
3.524655228378e-07
0.000254071462566252
5.99589428264509e-05
0.000330220221936984
0
0
0
0
0
0
0
0
0
0
0
0
0
0
0
0
0
0
0
0
0
0
0
0
0
0
0
0
0
0
0
0
0
0
0
0
0
0
0
0
0
0
0
0
0
0
0
0
0
0
0
0
0
0
0
0
0
0
0
0
0
0
0
0
0
0
0
0
0
0
0
0
0
0
0
0
0
0
0
0
0
0
0
0
0
0
0
0
0
0
0
0
0
0
0
0
0
0
0
0
0
0
0
0
0
0
0
0
0
0
0
0
0
0
0
0
0.0525810187880693
0.00800495485367767
0.00191588949142032
0.000828055281518551
0.00280298104773939
0.00055865092246334
0.00230675366487348
0.00383433572072044
-0.000737593436667163
0.00153587873524432
0.000153743240855735
0.000118575118228939
0.000253879709411293
-9.75352247493418e-06
-0.000268411133676053
-0.000207521899173051
7.56484681507389e-05
4.97855778233492e-05
0.000239856758328514
-9.21836150744157e-05
-5.40092595536355e-05
-0.000161635171490562
1.42528076159473e-05
0.000572342564857647
0.000102670169579068
3.67705194170905e-05
4.60038890489159e-05
4.62474030828242e-05
1.00033883164624e-05
3.03763792553956e-05
6.96526940219899e-07
0.000231488437192385
5.5350917572921e-05
0.000298211650252918
0
0
0
0
0
0
0
0
0
0
0
0
0
0
0
0
0
0
0
0
0
0
0
0
0
0
0
0
0
0
0
0
0
0
0
0
0
0
0
0
0
0
0
0
0
0
0
0
0
0
0
0
0
0
0
0
0
0
0
0
0
0
0
0
0
0
0
0
0
0
0
0
0
0
0
0
0
0
0
0
0
0
0
0
0
0
0
0
0
0
0
0
0
0
0
0
0
0
0
0
0
0
0
0
0
0
0
0
0
0
0
0
0
0
0
0
0.0524296897818975
0.00795888533872966
0.00190563685920246
0.000827767506162328
0.00280008718442182
0.000555541042381353
0.00229113493017155
0.00382536104359723
-0.000741291587358286
0.00153304967084934
0.000157504768350749
0.000117673334394756
0.000245576327905826
-8.01908939823664e-06
-0.000257773279295877
-0.000199870739648593
7.12504715055187e-05
4.73597178151626e-05
0.000228503190975253
-8.75070522979129e-05
-5.09399306899928e-05
-0.000152854406637219
1.40133903199093e-05
0.000539977456190056
9.76306387464998e-05
3.54101023254595e-05
4.24302810117488e-05
4.22488007722776e-05
9.2824152347736e-06
2.76583189696829e-05
1.00237745031696e-06
0.000208805523477757
5.10135509239539e-05
0.000266222577534423
0
0
0
0
0
0
0
0
0
0
0
0
0
0
0
0
0
0
0
0
0
0
0
0
0
0
0
0
0
0
0
0
0
0
0
0
0
0
0
0
0
0
0
0
0
0
0
0
0
0
0
0
0
0
0
0
0
0
0
0
0
0
0
0
0
0
0
0
0
0
0
0
0
0
0
0
0
0
0
0
0
0
0
0
0
0
0
0
0
0
0
0
0
0
0
0
0
0
0
0
0
0
0
0
0
0
0
0
0
0
0
0
0
0
0
0
0.0522809043018601
0.00791363998318934
0.00189548782158763
0.000827502904187457
0.00279726860533289
0.000552405217692266
0.00227548697194672
0.0038163481745819
-0.000745100411073741
0.00153011701539723
0.00016117079759466
0.000116612702485632
0.000237164200425959
-6.53835221317139e-06
-0.000247253953091033
-0.000192322809434827
6.68210957325172e-05
4.48503815987534e-05
0.000217051485874121
-8.3125844685632e-05
-4.82729583522856e-05
-0.000144275822342327
1.33849890877176e-05
0.000507595704865764
9.26049814366385e-05
3.39906635878477e-05
3.88857927149086e-05
3.83497644734681e-05
8.64981661192973e-06
2.47829626310352e-05
1.23382453154495e-06
0.000185919906936191
4.62687051963412e-05
0.000234234945816348
0
0
0
0
0
0
0
0
0
0
0
0
0
0
0
0
0
0
0
0
0
0
0
0
0
0
0
0
0
0
0
0
0
0
0
0
0
0
0
0
0
0
0
0
0
0
0
0
0
0
0
0
0
0
0
0
0
0
0
0
0
0
0
0
0
0
0
0
0
0
0
0
0
0
0
0
0
0
0
0
0
0
0
0
0
0
0
0
0
0
0
0
0
0
0
0
0
0
0
0
0
0
0
0
0
0
0
0
0
0
0
0
0
0
0
0
0.0521345986191866
0.00787034122399864
0.00188572132806961
0.000827161555696137
0.00279440951093465
0.000549259917803189
0.00225987814940569
0.00380731081863331
-0.000748972584502267
0.00152712979683814
0.000164751784702525
0.000115370439502007
0.000228525481567525
-5.32802173525764e-06
-0.00023706561148884
-0.000184898954447931
6.22178655660159e-05
4.23005596483826e-05
0.000205705164282639
-7.87830315888941e-05
-4.59413689810067e-05
-0.000136224710389837
1.29255547611126e-05
0.000476780166007078
8.77205097590791e-05
3.24297798986576e-05
3.52750518964903e-05
3.44765936426224e-05
8.01779118067565e-06
2.20831761794951e-05
1.2206312817301e-06
0.000162897926988804
4.12249238139311e-05
0.000201709364615006
0
0
0
0
0
0
0
0
0
0
0
0
0
0
0
0
0
0
0
0
0
0
0
0
0
0
0
0
0
0
0
0
0
0
0
0
0
0
0
0
0
0
0
0
0
0
0
0
0
0
0
0
0
0
0
0
0
0
0
0
0
0
0
0
0
0
0
0
0
0
0
0
0
0
0
0
0
0
0
0
0
0
0
0
0
0
0
0
0
0
0
0
0
0
0
0
0
0
0
0
0
0
0
0
0
0
0
0
0
0
0
0
0
0
0
0
0.0519886976371428
0.0078272690910427
0.00187614534272056
0.000826844578482501
0.00279173021178484
0.000546248707866559
0.002244490007767
0.00379829608661151
-0.000752833271975497
0.00152412393222618
0.000168262886107639
0.000114027257508581
0.000219808338080592
-4.19439063143497e-06
-0.000227022431795337
-0.000177541082215635
5.77459117412055e-05
3.96930618817741e-05
0.000194362356547675
-7.43455812377546e-05
-4.35483675325139e-05
-0.000128387597767353
1.18329531675162e-05
0.000445793113194225
8.31573119180085e-05
3.08537464665659e-05
3.16215256631081e-05
3.06100530131203e-05
7.38218759066055e-06
1.95074339403007e-05
1.22665713848615e-06
0.000139730014548783
3.61186885913105e-05
0
0
0
0
0
0
0
0
0
0
0
0
0
0
0
0
0
0
0
0
0
0
0
0
0
0
0
0
0
0
0
0
0
0
0
0
0
0
0
0
0
0
0
0
0
0
0
0
0
0
0
0
0
0
0
0
0
0
0
0
0
0
0
0
0
0
0
0
0
0
0
0
0
0
0
0
0
0
0
0
0
0
0
0
0
0
0
0
0
0
0
0
0
0
0
0
0
0
0
0
0
0
0
0
0
0
0
0
0
0
0
0
0
0
0
0
0
0.0518438901201661
0.00778432013008722
0.00186640000465921
0.000826560974970636
0.00278902019096448
0.000543356500937815
0.00222916054133414
0.00378939810832876
-0.000756722609211455
0.0015210864593914
0.000171691902308377
0.000112574544185387
0.000210888212758584
-3.01159306818022e-06
-0.00021634533230457
-0.000169799102929887
5.32726532004305e-05
3.70698026515023e-05
0.000182922709399618
-6.99023308141202e-05
-4.12567780273907e-05
-0.000120680242603091
1.04238566379326e-05
0.000413958346411233
7.82171006234473e-05
2.87429206104305e-05
2.82325422298162e-05
2.69820669826815e-05
6.75988047729199e-06
1.70114465106037e-05
1.29530129001194e-06
0.000116480617275223
0
0
0
0
0
0
0
0
0
0
0
0
0
0
0
0
0
0
0
0
0
0
0
0
0
0
0
0
0
0
0
0
0
0
0
0
0
0
0
0
0
0
0
0
0
0
0
0
0
0
0
0
0
0
0
0
0
0
0
0
0
0
0
0
0
0
0
0
0
0
0
0
0
0
0
0
0
0
0
0
0
0
0
0
0
0
0
0
0
0
0
0
0
0
0
0
0
0
0
0
0
0
0
0
0
0
0
0
0
0
0
0
0
0
0
0
0
0
0.0516996617795447
0.00774196174527689
0.00185668605282549
0.000826097677156396
0.00278633446428264
0.000540431269473928
0.00221416663251473
0.00378065548953967
-0.000760374649921432
0.00151804565159624
0.000175133071048934
0.000111050365862806
0.000201863270238384
-2.02784587942143e-06
-0.000205557286595512
-0.000161593700528988
4.91139278063073e-05
3.43546782081798e-05
0.000171428086616956
-6.54155148351988e-05
-3.89812160183382e-05
-0.000113073814866351
8.89489223229122e-06
0.000381853028771368
7.26027090800967e-05
2.63383128956329e-05
2.4562803753464e-05
2.34857756068984e-05
6.22736787157978e-06
1.46580026357073e-05
1.42704740402336e-06
9.33752375253036e-05
0
0
0
0
0
0
0
0
0
0
0
0
0
0
0
0
0
0
0
0
0
0
0
0
0
0
0
0
0
0
0
0
0
0
0
0
0
0
0
0
0
0
0
0
0
0
0
0
0
0
0
0
0
0
0
0
0
0
0
0
0
0
0
0
0
0
0
0
0
0
0
0
0
0
0
0
0
0
0
0
0
0
0
0
0
0
0
0
0
0
0
0
0
0
0
0
0
0
0
0
0
0
0
0
0
0
0
0
0
0
0
0
0
0
0
0
0
0
0.0515556277616632
0.00769984766082033
0.00184706587980325
0.00082566130906956
0.00278358892626164
0.000537516515903607
0.00219914693242931
0.00377217121784072
-0.000763916331537261
0.00151517769921545
0.000178606234303945
0.000109587234809133
0.000192814436214736
-1.10441188939203e-06
-0.000194811797990586
-0.000153395194978576
4.5009424525269e-05
3.17687298142986e-05
0.000159824223630435
-6.09619655156507e-05
-3.67169778373827e-05
-0.000105471853025598
7.3645719861449e-06
0.000349713405706273
6.68218849214107e-05
2.35194861694973e-05
2.0733784101254e-05
1.97780398535232e-05
5.68065188704181e-06
1.22744532228711e-05
1.67107150604081e-06
7.02799265069104e-05
0
0
0
0
0
0
0
0
0
0
0
0
0
0
0
0
0
0
0
0
0
0
0
0
0
0
0
0
0
0
0
0
0
0
0
0
0
0
0
0
0
0
0
0
0
0
0
0
0
0
0
0
0
0
0
0
0
0
0
0
0
0
0
0
0
0
0
0
0
0
0
0
0
0
0
0
0
0
0
0
0
0
0
0
0
0
0
0
0
0
0
0
0
0
0
0
0
0
0
0
0
0
0
0
0
0
0
0
0
0
0
0
0
0
0
0
0
0
0.0514124816592937
0.00765780915633309
0.00183753466517088
0.000825303495637366
0.00278082057077157
0.000534500975200455
0.00218416320774376
0.00376366658368932
-0.000767475734014152
0.00151227091556768
0.000182004431603104
0.00010810054654613
0.000183740017724235
-2.36458017472531e-07
-0.000184075018603955
-0.000144136684661271
4.14375418778581e-05
2.92502436908012e-05
0.000148474075097862
-5.64441801214768e-05
-3.45354218567344e-05
-9.79205098508153e-05
5.89383322024667e-06
0.000317778186387021
6.10486285924915e-05
2.0886385040909e-05
1.65957267973679e-05
1.59816707764145e-05
5.20687414879704e-06
9.88807074515754e-06
1.78870496478622e-06
4.71742534624428e-05
0
0
0
0
0
0
0
0
0
0
0
0
0
0
0
0
0
0
0
0
0
0
0
0
0
0
0
0
0
0
0
0
0
0
0
0
0
0
0
0
0
0
0
0
0
0
0
0
0
0
0
0
0
0
0
0
0
0
0
0
0
0
0
0
0
0
0
0
0
0
0
0
0
0
0
0
0
0
0
0
0
0
0
0
0
0
0
0
0
0
0
0
0
0
0
0
0
0
0
0
0
0
0
0
0
0
0
0
0
0
0
0
0
0
0
0
0
0
0.0512706037294844
0.00761600418043271
0.00182799461020101
0.000825035690235868
0.00277817743496361
0.00053153621215008
0.00216916983767613
0.00375527351965499
-0.000771053722026264
0.00150939888429265
0.00018540098782034
0.000106594831662543
0.000174614722560185
5.72453970292692e-07
-0.000173410848633891
-0.000134716520300213
3.80540180255584e-05
2.67390459728639e-05
0.000137114189403788
-5.18902494531566e-05
-3.1968863636545e-05
-9.03990948642538e-05
4.38192943382286e-06
0.000285865315825948
5.57860684215924e-05
1.91640945691905e-05
1.23593405806161e-05
1.13519658990701e-05
4.44091559407168e-06
7.1100544733519e-06
1.77106719813721e-06
0
0
0
0
0
0
0
0
0
0
0
0
0
0
0
0
0
0
0
0
0
0
0
0
0
0
0
0
0
0
0
0
0
0
0
0
0
0
0
0
0
0
0
0
0
0
0
0
0
0
0
0
0
0
0
0
0
0
0
0
0
0
0
0
0
0
0
0
0
0
0
0
0
0
0
0
0
0
0
0
0
0
0
0
0
0
0
0
0
0
0
0
0
0
0
0
0
0
0
0
0
0
0
0
0
0
0
0
0
0
0
0
0
0
0
0
0
0
0
0.0511294139464132
0.00757489569665061
0.00181865943211745
0.000824752899363262
0.00277556148575984
0.000528603617413637
0.00215418613511932
0.00374680600897888
-0.000774671906636961
0.00150646598327019
0.000188765570414074
0.000105076835656706
0.000165419194447624
1.33121878186076e-06
-0.000162802184479367
-0.000125366161272437
3.54078547644755e-05
2.45600817896177e-05
0.000125696961028312
-4.7373892262507e-05
-2.9242592375156e-05
-8.15604290351715e-05
3.00196149879638e-06
0.000253898375130143
5.05372564139038e-05
1.76885057530236e-05
8.46117624133924e-06
6.69187445622719e-06
0
0
0
0
0
0
0
0
0
0
0
0
0
0
0
0
0
0
0
0
0
0
0
0
0
0
0
0
0
0
0
0
0
0
0
0
0
0
0
0
0
0
0
0
0
0
0
0
0
0
0
0
0
0
0
0
0
0
0
0
0
0
0
0
0
0
0
0
0
0
0
0
0
0
0
0
0
0
0
0
0
0
0
0
0
0
0
0
0
0
0
0
0
0
0
0
0
0
0
0
0
0
0
0
0
0
0
0
0
0
0
0
0
0
0
0
0
0
0
0
0
0
0.0509883240709156
0.00753404271121511
0.00180947074825675
0.000824677968114466
0.00277295604214462
0.000525690304555497
0.0021392179246261
0.0037383870989117
-0.000778371062218461
0.00150348243333582
0.000192099747350277
0.00010356301499818
0.000156221621398177
2.0829380411756e-06
-0.000152195346857121
-0.000116035088083268
3.2728861636998e-05
2.26328955778648e-05
0.000114410846858831
-4.28764428293615e-05
-2.64938639655606e-05
-7.26091914927821e-05
2.12010016952669e-06
0.00022199675513666
0
0
0
0
0
0
0
0
0
0
0
0
0
0
0
0
0
0
0
0
0
0
0
0
0
0
0
0
0
0
0
0
0
0
0
0
0
0
0
0
0
0
0
0
0
0
0
0
0
0
0
0
0
0
0
0
0
0
0
0
0
0
0
0
0
0
0
0
0
0
0
0
0
0
0
0
0
0
0
0
0
0
0
0
0
0
0
0
0
0
0
0
0
0
0
0
0
0
0
0
0
0
0
0
0
0
0
0
0
0
0
0
0
0
0
0
0
0
0
0
0
0
0
0
0
0
0.0508472396443262
0.00749321876758722
0.0018003444869679
0.000824652420633647
0.00277044918185242
0.000522793606904216
0.00212431313191088
0.0037300540156092
-0.000782070322322592
0.00150049352433022
0.000195446379134831
0.000102029622004049
0.000147015828431647
2.82454496157743e-06
-0.000141597187621906
-0.000106697108500641
3.00513070487013e-05
2.06911320578801e-05
0.000103172878035883
-3.83120193361562e-05
-2.37185415291566e-05
-6.36021434685123e-05
1.30945618833054e-06
0.000190186914716434
0
0
0
0
0
0
0
0
0
0
0
0
0
0
0
0
0
0
0
0
0
0
0
0
0
0
0
0
0
0
0
0
0
0
0
0
0
0
0
0
0
0
0
0
0
0
0
0
0
0
0
0
0
0
0
0
0
0
0
0
0
0
0
0
0
0
0
0
0
0
0
0
0
0
0
0
0
0
0
0
0
0
0
0
0
0
0
0
0
0
0
0
0
0
0
0
0
0
0
0
0
0
0
0
0
0
0
0
0
0
0
0
0
0
0
0
0
0
0
0
0
0
0
0
0
0
0.050706355701366
0.00745240939764812
0.00179121487620996
0.000824689097293997
0.00276806110289027
0.000519975664820651
0.0021094737647607
0.00372191806856458
-0.000785555848347542
0.00149751315176283
0.000198648371588989
0.000100478837715863
0.000137768625863214
3.52622962863198e-06
-0.000131029105585978
-9.74058466201625e-05
2.73564617160032e-05
1.87464599939848e-05
9.19047325919395e-05
-3.37669271382009e-05
-2.09972982406454e-05
-5.46263196610861e-05
4.80267104078199e-07
0.000158478074643546
0
0
0
0
0
0
0
0
0
0
0
0
0
0
0
0
0
0
0
0
0
0
0
0
0
0
0
0
0
0
0
0
0
0
0
0
0
0
0
0
0
0
0
0
0
0
0
0
0
0
0
0
0
0
0
0
0
0
0
0
0
0
0
0
0
0
0
0
0
0
0
0
0
0
0
0
0
0
0
0
0
0
0
0
0
0
0
0
0
0
0
0
0
0
0
0
0
0
0
0
0
0
0
0
0
0
0
0
0
0
0
0
0
0
0
0
0
0
0
0
0
0
0
0
0
0
0.0505672430184596
0.00741184015959476
0.0017821253702073
0.000824706030976346
0.00276568852832689
0.000517149284574917
0.00209466984907878
0.00371408676375418
-0.000788603044963155
0.00149451683886361
0.00020190416066922
9.86940515710644e-05
0.000128447266644533
4.17134266914383e-06
-0.000120591391635715
-8.82014215539385e-05
2.45398152572961e-05
1.67834822866809e-05
8.06722615912621e-05
-2.92891135026737e-05
-1.83177440114495e-05
-4.57526421779179e-05
-3.51997967964749e-07
0.000126697318821188
0
0
0
0
0
0
0
0
0
0
0
0
0
0
0
0
0
0
0
0
0
0
0
0
0
0
0
0
0
0
0
0
0
0
0
0
0
0
0
0
0
0
0
0
0
0
0
0
0
0
0
0
0
0
0
0
0
0
0
0
0
0
0
0
0
0
0
0
0
0
0
0
0
0
0
0
0
0
0
0
0
0
0
0
0
0
0
0
0
0
0
0
0
0
0
0
0
0
0
0
0
0
0
0
0
0
0
0
0
0
0
0
0
0
0
0
0
0
0
0
0
0
0
0
0
0
0.0504339980086185
0.00737389615776913
0.00177341221188558
0.000824776246397777
0.00276328095200452
0.000514262025557923
0.00207981586639311
0.00370632264581839
-0.000790876052533319
0.00149258617034326
0.000205174046203634
9.71381252178529e-05
0.000118818052461158
4.62123116752964e-06
-0.000110255410943018
-7.91886595737915e-05
2.15929542258291e-05
1.46570646205022e-05
6.94828035448553e-05
-2.46491598361826e-05
-1.57260067758253e-05
-3.69229655704715e-05
-1.24451348096181e-06
9.48166057952782e-05
0
0
0
0
0
0
0
0
0
0
0
0
0
0
0
0
0
0
0
0
0
0
0
0
0
0
0
0
0
0
0
0
0
0
0
0
0
0
0
0
0
0
0
0
0
0
0
0
0
0
0
0
0
0
0
0
0
0
0
0
0
0
0
0
0
0
0
0
0
0
0
0
0
0
0
0
0
0
0
0
0
0
0
0
0
0
0
0
0
0
0
0
0
0
0
0
0
0
0
0
0
0
0
0
0
0
0
0
0
0
0
0
0
0
0
0
0
0
0
0
0
0
0
0
0
0
0.0503026726557465
0.00733975780905187
0.00176630156079005
0.000825172440548832
0.00276090612159765
0.000511331416859228
0.00206497662293156
0.00369867823465741
-0.000793109698621427
0.00149113861988383
0.000209178405345317
9.57913161468257e-05
0.000109318382236657
4.79170385079248e-06
-0.000100037594062184
-7.02481361762059e-05
1.84942321182371e-05
1.24236574167181e-05
5.81642698714734e-05
-1.99886283144938e-05
-1.30506825780662e-05
-2.81755450148442e-05
-2.15692725511853e-06
6.28081632141504e-05
0
0
0
0
0
0
0
0
0
0
0
0
0
0
0
0
0
0
0
0
0
0
0
0
0
0
0
0
0
0
0
0
0
0
0
0
0
0
0
0
0
0
0
0
0
0
0
0
0
0
0
0
0
0
0
0
0
0
0
0
0
0
0
0
0
0
0
0
0
0
0
0
0
0
0
0
0
0
0
0
0
0
0
0
0
0
0
0
0
0
0
0
0
0
0
0
0
0
0
0
0
0
0
0
0
0
0
0
0
0
0
0
0
0
0
0
0
0
0
0
0
0
0
0
0
0
0.050172792101945
0.00730647869602704
0.00176026283708354
0.00082597991159815
0.00275895895782244
0.000508417954311677
0.00205011657460205
0.00369116988455971
-0.000795135595546638
0.0014899243953992
0.000213344882199248
9.49892195559145e-05
0.000100596077470972
4.95174081487323e-06
-9.00514152828018e-05
-6.11970191489071e-05
1.53744650394598e-05
1.01051395865476e-05
4.67802395537182e-05
-1.54425764641112e-05
-1.04044977662883e-05
-1.94464188069604e-05
0
0
0
0
0
0
0
0
0
0
0
0
0
0
0
0
0
0
0
0
0
0
0
0
0
0
0
0
0
0
0
0
0
0
0
0
0
0
0
0
0
0
0
0
0
0
0
0
0
0
0
0
0
0
0
0
0
0
0
0
0
0
0
0
0
0
0
0
0
0
0
0
0
0
0
0
0
0
0
0
0
0
0
0
0
0
0
0
0
0
0
0
0
0
0
0
0
0
0
0
0
0
0
0
0
0
0
0
0
0
0
0
0
0
0
0
0
0
0
0
0
0
0
0
0
0
0
0
0.0500430338532654
0.00727364500902947
0.00175421507704929
0.00082658994321242
0.00275695202860638
0.000505634054892242
0.00203525963214786
0.00368364943728622
-0.000797119087943216
0.00148880778148984
0.000217585671703092
9.41704775759586e-05
9.19618795282437e-05
5.39470685193983e-06
-8.0075302956661e-05
-5.2274890595441e-05
1.2277077275097e-05
7.76110978974733e-06
3.53536605057243e-05
-1.09074426699685e-05
0
0
0
0
0
0
0
0
0
0
0
0
0
0
0
0
0
0
0
0
0
0
0
0
0
0
0
0
0
0
0
0
0
0
0
0
0
0
0
0
0
0
0
0
0
0
0
0
0
0
0
0
0
0
0
0
0
0
0
0
0
0
0
0
0
0
0
0
0
0
0
0
0
0
0
0
0
0
0
0
0
0
0
0
0
0
0
0
0
0
0
0
0
0
0
0
0
0
0
0
0
0
0
0
0
0
0
0
0
0
0
0
0
0
0
0
0
0
0
0
0
0
0
0
0
0
0
0
0
0
0.0499136244806503
0.00724091235376318
0.0017481515048192
0.000827047309964084
0.00275471585214523
0.000502740290028139
0.0020204005509756
0.00367612660087201
-0.000799119632865172
0.00148767938981622
0.000221868643966622
9.33189783720365e-05
8.32933184167323e-05
5.79456692584005e-06
-7.01393160865488e-05
-4.33636763013616e-05
8.99638166556993e-06
5.30741888594412e-06
2.38675145253559e-05
0
0
0
0
0
0
0
0
0
0
0
0
0
0
0
0
0
0
0
0
0
0
0
0
0
0
0
0
0
0
0
0
0
0
0
0
0
0
0
0
0
0
0
0
0
0
0
0
0
0
0
0
0
0
0
0
0
0
0
0
0
0
0
0
0
0
0
0
0
0
0
0
0
0
0
0
0
0
0
0
0
0
0
0
0
0
0
0
0
0
0
0
0
0
0
0
0
0
0
0
0
0
0
0
0
0
0
0
0
0
0
0
0
0
0
0
0
0
0
0
0
0
0
0
0
0
0
0
0
0
0
0.0497842469789578
0.00720827786285976
0.00174211268804345
0.00082752999311973
0.00275246867803351
0.000499813082828294
0.00200561746059697
0.00366862369838321
-0.000801118645406931
0.00148655173414576
0.000226156205820076
9.24812745902579e-05
7.46416172142923e-05
6.18976212897036e-06
-6.01853080631728e-05
-3.44595021079602e-05
5.69887558268642e-06
2.72511189833711e-06
1.23158331363226e-05
0
0
0
0
0
0
0
0
0
0
0
0
0
0
0
0
0
0
0
0
0
0
0
0
0
0
0
0
0
0
0
0
0
0
0
0
0
0
0
0
0
0
0
0
0
0
0
0
0
0
0
0
0
0
0
0
0
0
0
0
0
0
0
0
0
0
0
0
0
0
0
0
0
0
0
0
0
0
0
0
0
0
0
0
0
0
0
0
0
0
0
0
0
0
0
0
0
0
0
0
0
0
0
0
0
0
0
0
0
0
0
0
0
0
0
0
0
0
0
0
0
0
0
0
0
0
0
0
0
0
0
0.049655560554198
0.00717577290535698
0.00173618213110877
0.000828063863261434
0.00275043387443337
0.000497209145564067
0.00199124622088019
0.00366143538836124
-0.000803058115674993
0.00148542722284414
0.00023041846905764
9.16103106192562e-05
6.59556457979885e-05
6.59592040208192e-06
-5.02008321992355e-05
0
0
0
0
0
0
0
0
0
0
0
0
0
0
0
0
0
0
0
0
0
0
0
0
0
0
0
0
0
0
0
0
0
0
0
0
0
0
0
0
0
0
0
0
0
0
0
0
0
0
0
0
0
0
0
0
0
0
0
0
0
0
0
0
0
0
0
0
0
0
0
0
0
0
0
0
0
0
0
0
0
0
0
0
0
0
0
0
0
0
0
0
0
0
0
0
0
0
0
0
0
0
0
0
0
0
0
0
0
0
0
0
0
0
0
0
0
0
0
0
0
0
0
0
0
0
0
0
0
0
0
0
0
0
0
0.0495282779185824
0.00714348894598592
0.00173025789723051
0.000828557673317789
0.00274836729454824
0.000494509612985698
0.00197681279775621
0.003654146764606
-0.000805119739638843
0.00148425027710778
0.000234666646023202
9.0732567922089e-05
5.71610512901958e-05
6.90796892404632e-06
-3.97476314173723e-05
0
0
0
0
0
0
0
0
0
0
0
0
0
0
0
0
0
0
0
0
0
0
0
0
0
0
0
0
0
0
0
0
0
0
0
0
0
0
0
0
0
0
0
0
0
0
0
0
0
0
0
0
0
0
0
0
0
0
0
0
0
0
0
0
0
0
0
0
0
0
0
0
0
0
0
0
0
0
0
0
0
0
0
0
0
0
0
0
0
0
0
0
0
0
0
0
0
0
0
0
0
0
0
0
0
0
0
0
0
0
0
0
0
0
0
0
0
0
0
0
0
0
0
0
0
0
0
0
0
0
0
0
0
0
0
0.0494065106370035
0.00711258673975057
0.00172423585720473
0.00082901098361138
0.00274626493800971
0.000491777096975399
0.00196220214467316
0.00364658429948702
-0.000807627265200391
0.00148282483445189
0.000238837591918655
8.98367099929033e-05
4.84884934551413e-05
0
0
0
0
0
0
0
0
0
0
0
0
0
0
0
0
0
0
0
0
0
0
0
0
0
0
0
0
0
0
0
0
0
0
0
0
0
0
0
0
0
0
0
0
0
0
0
0
0
0
0
0
0
0
0
0
0
0
0
0
0
0
0
0
0
0
0
0
0
0
0
0
0
0
0
0
0
0
0
0
0
0
0
0
0
0
0
0
0
0
0
0
0
0
0
0
0
0
0
0
0
0
0
0
0
0
0
0
0
0
0
0
0
0
0
0
0
0
0
0
0
0
0
0
0
0
0
0
0
0
0
0
0
0
0
0
0
0.049284848204442
0.00708309334127616
0.00171850136245668
0.000829413904717962
0.0027441487064475
0.000489128214271668
0.00194763428165499
0.00363900524496627
-0.000810342046725108
0.0014810525430114
0.000242830954542827
8.89232588599054e-05
3.98114595053214e-05
0
0
0
0
0
0
0
0
0
0
0
0
0
0
0
0
0
0
0
0
0
0
0
0
0
0
0
0
0
0
0
0
0
0
0
0
0
0
0
0
0
0
0
0
0
0
0
0
0
0
0
0
0
0
0
0
0
0
0
0
0
0
0
0
0
0
0
0
0
0
0
0
0
0
0
0
0
0
0
0
0
0
0
0
0
0
0
0
0
0
0
0
0
0
0
0
0
0
0
0
0
0
0
0
0
0
0
0
0
0
0
0
0
0
0
0
0
0
0
0
0
0
0
0
0
0
0
0
0
0
0
0
0
0
0
0
0
