"pred_beta"
0.132837619417608
0.115189656854414
0.0540117473292281
0.0359783147394977
0.0204302261146165
0.0222133350967805
0.018219394807839
0.0111708088052972
0.0129616807117108
0.0091624595250087
0.00399332112171114
0.00624284243481721
0.00847581893998428
0.00909027462652169
0.00679470675168014
0.00706139339173733
0.00703093749819288
0.00533002015668761
0.0158035985114307
0.0124545053073764
0.00301286699963333
0.00815202177036832
0.00909356407151174
0.00273081923838022
-0.000452692349041769
0.002134127982133
-0.0031383839308886
0.00529283073793441
0.0172068439677418
0.00775561389807399
0.00402377684634419
0.0108832326203688
0.0089586683295202
0.00323234244759603
0.0106947457030279
0.00868047254509021
0.0159125054601181
0.0145607945898469
0.012035264822641
0.000756520751228441
-0.00174567730025941
-0.00277457514311162
-0.0030741708729031
0.0115655932916136
0.0143932439570207
0.00789733768117959
0.00586120038194488
0.00337999422174592
0.0103522396091005
0.00839488599843362
0.00637545819108855
0.00586626637178585
0.000614206608909085
-0.00233625127997095
-0.00232877412568636
0.000654304174005636
-0.00261209005114806
0.000946327375750341
0.00153073184019361
8.32123455376094e-05
0.0035559535040781
-4.26837460020795e-05
-0.00155313674504431
0.0037964380688494
-0.00293567951556
-0.000623073498122572
-0.00752713668421844
-0.00573166080521017
0.000293710022208082
-0.00131797255576041
0.00050030586915795
0.00835001029041189
0.00388189889642651
0.000329489308396781
-0.00465934451778498
-0.00425857434159671
0.00131442017678142
0.00198400038821883
-0.000925754288778667
0.00155477052236879
0.00269114731021927
0.00834129855729668
0.011318758386637
0.00471380066202537
0.00293641878023643
0.00115027579271265
-0.00100206474684425
-0.00147922239041263
-0.00132454271914445
-0.000352645665957972
-0.00122896284785008
-0.000707152207480843
-0.000465827747342256
0
0
0
0
0
0
0
0
0
0
0
0
0
0
0
0
0
0
0
0
0
0
0
0
0
0
0
0
0
0
0
0
0
0
0
0
0
0
0
0
0
0
0
0
0
0
0
0
0
0
0
0
0
0
0
0
0
0.133761071712258
0.115532753834638
0.054379448485052
0.0366323254776613
0.0211864086694243
0.0230932513032079
0.0188003200138828
0.0116833549843946
0.013721360888531
0.010281648772653
0.00462598224919085
0.00685429848684882
0.00909016798510877
0.00919773117450604
0.006377524448241
0.00662716828633392
0.00667443164145927
0.00561778419362093
0.0158948141300473
0.012085219095034
0.00251700799446445
0.00758458292069033
0.00860966396164146
0.00229769782638106
-0.00063241078403124
0.0016726405044803
-0.00367580530822474
0.00527556372734372
0.016672827502422
0.00680229802156584
0.00346293706104252
0.0110920683135193
0.00969369115539172
0.00383752038666373
0.0107164372264552
0.00843430230140471
0.0156390827730479
0.0141347288925507
0.0116245640836673
0.000702246392548566
-0.0018847859063086
-0.00279359492110308
-0.00295490336426269
0.0119996549257124
0.0147849210466288
0.00784966213213261
0.00607048773165542
0.00359864401766134
0.0104710934982503
0.00886648397293252
0.00700086360835586
0.00614727750933041
0.000837880562440979
-0.00216956744076823
-0.00199772346604307
0.0010005332209153
-0.00216222415879333
0.00215407002287358
0.00226327246112193
0.000488072866772531
0.00416748458927943
0.000592307137994738
-0.000791046265776169
0.00445392245650012
-0.00259461768737589
-0.000375059837314022
-0.00724905852694696
-0.00574818017397612
0.000232081853983546
-0.00139382238057144
0.000294820546499079
0.00816701611606842
0.00371608157346577
-2.77684210690282e-05
-0.00483727966218193
-0.00433320930462599
0.000843394007880607
0.00145180246415095
-0.00132761681436504
0.0014805261363634
0.00285689696509352
0.00838574699820857
0.0112815311808132
0.00478950051318699
0.00312679172680117
0.00118642172443075
-0.000996738263791585
-0.00147593001253497
-0.00132718129386025
-0.000397321048198599
-0.00120214550019406
-0.000738442154068731
-0.000470735274448907
0
0
0
0
0
0
0
0
0
0
0
0
0
0
0
0
0
0
0
0
0
0
0
0
0
0
0
0
0
0
0
0
0
0
0
0
0
0
0
0
0
0
0
0
0
0
0
0
0
0
0
0
0
0
0
0
0
0.133301250000633
0.115769067774235
0.0548046101881592
0.0368712507786233
0.0217552423599888
0.0238200045588558
0.0190670016542724
0.0121943905501161
0.0140808765570182
0.011064187834726
0.00530589182060237
0.00717516996677348
0.00952084969339698
0.00920063371029707
0.00632995008154447
0.00632037601572256
0.00624288998423795
0.00522706074492688
0.0151313541926905
0.0115772676239389
0.00228520016033875
0.00731367874871774
0.00814846739711053
0.00158211451526706
-0.000915951592414174
0.00158180289736867
-0.00392232993009327
0.00471338236690004
0.0160043163187478
0.00583599567316509
0.00293259726883424
0.0107359555776546
0.0102366804571557
0.00397750879297357
0.0112238252942545
0.00838962944393304
0.0152491093269533
0.013559509307022
0.0110476778037566
0.000779507207989418
-0.00191758901007106
-0.00266643833558625
-0.00257631755837377
0.0122419388062398
0.0148429146225504
0.00763617440031688
0.00598988749304172
0.00391487738794063
0.0102052863877716
0.00947375731480534
0.00763874960462047
0.0063405775289747
0.00128739883989746
-0.00194447807941178
-0.00158418349966035
0.00152516896609878
-0.00153840856185375
0.00351248795913734
0.00265702267425699
0.000717302421621626
0.0042012934564505
0.000980259897965081
-0.000233222685444477
0.00490133760552512
-0.00231407535004207
1.3430105485376e-05
-0.0067734985918454
-0.00550974886119486
0.000435587906058531
-0.00133814870640081
-0.000130423017790842
0.00754727737477008
0.00347704680648285
-0.000514654969124129
-0.00517264017012286
-0.00437246666284906
0.00049677492819899
0.000949320037002916
-0.00189898996852791
0.00127813836429188
0.00298057673181089
0.00834521864990823
0.0109922285558558
0.00467490205628367
0.00323480144441024
0.0013130288338895
-0.000865444028328168
-0.00143785929916467
-0.00128669733476497
-0.000362737375309835
-0.00107607883322327
-0.000665026752316571
-0.000512493565565575
0
0
0
0
0
0
0
0
0
0
0
0
0
0
0
0
0
0
0
0
0
0
0
0
0
0
0
0
0
0
0
0
0
0
0
0
0
0
0
0
0
0
0
0
0
0
0
0
0
0
0
0
0
0
0
0
0
0.133140868168234
0.115193643370703
0.0551944764343786
0.0370281362740164
0.022028935956739
0.0244139742556652
0.0192791527377674
0.0124806287292617
0.0145441598788475
0.0116846896672466
0.0058739835175343
0.00744888434298291
0.00995298405009221
0.00915356138005268
0.00622827343262082
0.00616594770922033
0.00583000881167077
0.00471083571701677
0.0139665065018697
0.0108272695421409
0.00199107477522899
0.00708708278028017
0.00790023093037487
0.000898392071191973
-0.00142634864569028
0.00165689668264181
-0.0037859928627422
0.00432845117914544
0.0149537139679653
0.00489747639957186
0.00233985514156717
0.0103229828714033
0.010362073404917
0.0039976483702815
0.0116007955881506
0.0087559129787515
0.0148651639474891
0.0128831640130416
0.0103725631389726
0.000838811876817388
-0.00177570369017367
-0.0022939736548985
-0.00225216243455083
0.0125689562949181
0.0146567274483815
0.00705552382274178
0.00561363082723655
0.00403556596536854
0.0100264810419275
0.00974802488375805
0.0082215661853837
0.00656151471809608
0.00176586165352548
-0.00138983177093077
-0.00114889773635328
0.00211601519378987
-0.00100766908923846
0.00466591467280758
0.00310977592436431
0.000697196285348879
0.00440423435067328
0.00100581419375499
9.94091218834859e-05
0.00523718070300481
-0.00224636786160302
0.000321240748709088
-0.00617275923985091
-0.00506695563409415
0.000752799616761784
-0.00108087660352207
-0.000340865450306726
0.0067623826432244
0.00287855893143917
-0.00106660911895181
-0.00573780026222172
-0.00450194692114704
0.000212933519951033
0.000561303597548746
-0.00239892258619365
0.00102937352553544
0.003035954448836
0.00831501849375709
0.0106689119322808
0.00446372500704187
0.00324717224266744
0.00136182102948739
-0.000635235836820443
-0.0012692116661416
-0.00124230388434039
-0.000286346513130285
-0.000884833813525788
0
0
0
0
0
0
0
0
0
0
0
0
0
0
0
0
0
0
0
0
0
0
0
0
0
0
0
0
0
0
0
0
0
0
0
0
0
0
0
0
0
0
0
0
0
0
0
0
0
0
0
0
0
0
0
0
0
0
0
0.133087382865071
0.115049970167858
0.0557327676265662
0.0373741539646018
0.0222286417090315
0.0249014782671324
0.0193162368036809
0.012699239113299
0.0149538647435564
0.012431404999721
0.00646003610189891
0.0078925055600834
0.0105089900252225
0.00956904741234155
0.00625022779407087
0.00613009673845815
0.00564921750483219
0.00420802510655135
0.0128041017548218
0.0103233061890828
0.00205117845363666
0.00688643979870512
0.00757142640798128
0.000383545530179217
-0.00193285700191815
0.00153831631424644
-0.00387481718821002
0.00406744804888467
0.0139367242912834
0.003983962641522
0.00188604744654964
0.0098385003764628
0.0104046548225476
0.00366628885774501
0.0118656546299165
0.00915865382432653
0.0149459074765063
0.0122348574633923
0.00964164928420889
0.000767084855277979
-0.0016103295726708
-0.00177538579435401
-0.00198769585229439
0.0128724050350543
0.0146397857220835
0.00664190574150729
0.00516874992398351
0.0041701243206572
0.00984278721515637
0.0097055493389983
0.00863007977875863
0.00665450766695184
0.00217960330847226
-0.00103023940540359
-0.0007300092366093
0.00263095843947393
-0.00067944459539192
0.00557574733184069
0.0033536940290398
0.000857483275195288
0.00474580574524716
0.00132835038228248
0.000684756770803671
0.00561924165172048
-0.00204539159637706
0.000621966088906529
-0.00562043272375531
-0.00450315666868486
0.00135184636045626
-0.000707700431869901
-0.000363648464327178
0.00604019539161428
0.00204553376340827
-0.00158738570488273
-0.00628734399327445
-0.00500267315661241
-0.000274392097965468
0.000223388313874628
-0.00275322635052486
0.000834995971121144
0.00312603204825587
0.0081527211462254
0.0103621248184158
0.00427289036760053
0.00336722469406951
0.00141645101385941
-0.000451503646461708
-0.00104258896023347
-0.000943130096603423
-0.000152823369176443
-0.000717284159921098
0
0
0
0
0
0
0
0
0
0
0
0
0
0
0
0
0
0
0
0
0
0
0
0
0
0
0
0
0
0
0
0
0
0
0
0
0
0
0
0
0
0
0
0
0
0
0
0
0
0
0
0
0
0
0
0
0
0
0
0.132277543187095
0.114141190590086
0.0558092375457128
0.0375309967016631
0.0224815886603629
0.0255439220318953
0.0193293278858759
0.0128378361548567
0.0153935430003888
0.0130890915152232
0.00711404136611063
0.00829753581587496
0.011212595928123
0.0101383380131118
0.00647025862980946
0.00606615447168229
0.00545060788830423
0.00401659975712772
0.0120214335357677
0.00979561269514122
0.00194959714802285
0.00693009467098952
0.00731525203653678
-0.000189945666280985
-0.00219021153684389
0.00144647060504495
-0.00409510947036325
0.00337036785491341
0.0129850461804827
0.00311325650937737
0.00139934751435489
0.00925820482547977
0.0103813948730924
0.0033199508821783
0.0119479846860407
0.00949987938448548
0.0152791821984728
0.0122167217781485
0.0091095089176941
0.000744418336821706
-0.00137617106791198
-0.0012995885463511
-0.0018447867297918
0.0121161568265976
0.0144122796172653
0.00641185513311313
0.00480891761448836
0.00426373237533778
0.00980693552533914
0.00959639055781164
0.00880490379498555
0.00671872816024069
0.00264316650149069
-0.000692153689181584
-0.000396695831904949
0.00311959145635693
-0.000341093255212187
0.00640907722928127
0.00348656166285473
0.00102037038421987
0.00463036435142134
0.00181801123211517
0.00103459328156737
0.00584933725771131
-0.00180957980124049
0.00106626342509647
-0.00497794860065856
-0.00406320737542991
0.0015667718243044
-0.000316065051489108
-5.04786031059313e-05
0.00566074164882302
0.0013152260789933
-0.00207438246453652
-0.00656848500554061
-0.00538626047493291
-0.000695238406914902
-0.000247660358733553
-0.00304331336314169
0.000698461569238239
0.00295261641118725
0.00773996082572787
0.0100017694719013
0.00405653453042764
0.00349589684107935
0.00156233952749939
-0.000236732098007112
-0.000830466345369496
-0.000723363445879396
-2.45617847584871e-05
0
0
0
0
0
0
0
0
0
0
0
0
0
0
0
0
0
0
0
0
0
0
0
0
0
0
0
0
0
0
0
0
0
0
0
0
0
0
0
0
0
0
0
0
0
0
0
0
0
0
0
0
0
0
0
0
0
0
0
0
0.131101060653307
0.112827705068531
0.0552413843168027
0.0371308185435858
0.0226597460401338
0.0264163585812494
0.0196448915520528
0.0128896389048407
0.0155138063435667
0.0135279562571886
0.00757934948392822
0.00875206249153894
0.0118788902445285
0.010851776812336
0.0068940119158654
0.00634509939638489
0.00530483369896037
0.00389220984932706
0.0116808547173193
0.00961984943861054
0.00170057450065108
0.006802525640299
0.00716247377520591
-0.000863051770752336
-0.00244739838964796
0.00164788992854856
-0.00423908330736248
0.00264096567936418
0.011745343042178
0.00245129665413908
0.00110907119060681
0.00869328189327001
0.00993682604567156
0.00283359710882879
0.0120332413915385
0.00950771635304657
0.0151868122079946
0.0123549909755797
0.00908401751459001
0.000832979425820924
-0.00119993340577043
-0.000916039583341931
-0.00192159154025946
0.0111569354622542
0.0131258482974757
0.00601632819422653
0.00476943888917419
0.00448216863791664
0.00964440579094607
0.00956604812402272
0.00886371247658146
0.00636084417258408
0.00295472532504812
-0.000344176106265703
-0.000137810492395719
0.00308789799559203
-0.000215472315729799
0.00711471252039718
0.00341702269068542
0.00116586536555955
0.00463492447403933
0.00189989830273418
0.00152631368408828
0.00596767691860432
-0.00167159484819787
0.00151925492008739
-0.00411725064181632
-0.0034679164785384
0.0017445338753513
-0.000225972726746592
0.000401808018590004
0.00580302371174342
0.0011124529790414
-0.0024119797672886
-0.0068250299732576
-0.00552568561278876
-0.000994767638839326
-0.000871521298937838
-0.00349150597293628
0.000637507278514695
0.00285375397793603
0.00709224060333477
0.0094367364605519
0.00383689629615543
0.00352542449208734
0.00167250260177602
7.48224098527628e-05
-0.000584854617716503
-0.000541101233930112
0
0
0
0
0
0
0
0
0
0
0
0
0
0
0
0
0
0
0
0
0
0
0
0
0
0
0
0
0
0
0
0
0
0
0
0
0
0
0
0
0
0
0
0
0
0
0
0
0
0
0
0
0
0
0
0
0
0
0
0
0
0.130023383308252
0.111678883513049
0.0546283398775986
0.0364224671583289
0.0227435488094868
0.0273461978802172
0.0201539303933965
0.0129788880667128
0.0156477602930025
0.0138122067457116
0.0080605433115767
0.00906318695222437
0.0126189594013326
0.0116159040424464
0.00740238371643289
0.00665685800316249
0.00539747197414927
0.00387256891874354
0.0114922965090502
0.00983786876058408
0.00170346062222818
0.00659357494782692
0.00684654539377106
-0.00139855802784513
-0.00265907872091302
0.00187957962714057
-0.00413321411119097
0.00191285504543352
0.0104102683075283
0.00151596873562324
0.000859203640647973
0.00821438584794518
0.00945340087264248
0.00231292818260274
0.0120170981931682
0.00956200599085343
0.0149922113651222
0.0123666265743026
0.00916037760692734
0.00109658190978678
-0.000923131232430742
-0.000660383062924665
-0.00199112534197429
0.0101803418284046
0.0117175428578692
0.00509891397673681
0.00460687907626016
0.00493090101765371
0.00964955835066659
0.00958102326796423
0.00909327362770635
0.00599471003504638
0.00319605820486712
3.42110790999364e-06
0.00014545749179922
0.00302823546462909
-0.0001381557997256
0.0078239925472426
0.00341229679975852
0.0013017846485141
0.00466462197214724
0.00198556552838638
0.00170632707762421
0.00611451732995869
-0.00152214920961222
0.00199299821759019
-0.00314550643817669
-0.00274050487680647
0.00184984390730614
-0.00018162488287032
0.000649427628847739
0.00601849187921718
0.00102880625057769
-0.00264034046080022
-0.00703922826138129
-0.00564547531760267
-0.00115981644863838
-0.0014426358476741
-0.00389922750235893
0.00046293768364882
0.00281338008681808
0.00646963921087985
0.00875229570841906
0.00351596294453093
0.00348553284090462
0.00177560883353595
0.000414753009025005
-0.000250060459138278
-0.000325267036123907
0
0
0
0
0
0
0
0
0
0
0
0
0
0
0
0
0
0
0
0
0
0
0
0
0
0
0
0
0
0
0
0
0
0
0
0
0
0
0
0
0
0
0
0
0
0
0
0
0
0
0
0
0
0
0
0
0
0
0
0
0
0.128628928540055
0.110414344950555
0.0534714868318108
0.0353351293555357
0.0221318032235359
0.027584439169736
0.0205964057195903
0.0132702720312321
0.016096813116116
0.0140741372878336
0.00834187388899985
0.0090728718724598
0.0128430211982106
0.0122055507005568
0.00782220539438133
0.00702590808119982
0.0057198856661484
0.00424791558206738
0.0114821471903207
0.0100172897132464
0.00193933021386965
0.00664557014916667
0.00645564752389866
-0.00201278815402763
-0.00287494011962312
0.00188765639294101
-0.00409760074948868
0.00146513795444671
0.00914538101246224
0.000552754122060813
0.000487407908062136
0.00764850597748536
0.00909557116099166
0.00183272443750959
0.0113954656824819
0.00945556764013128
0.0149277032901905
0.012256047012323
0.00897678252237145
0.00158895865582101
-0.000154227641529074
-0.000319450113849111
-0.00210489113257996
0.00916495824716205
0.0100144219787179
0.00400603256620668
0.00359955525432505
0.00529774787216809
0.00991628986752964
0.0095741358712723
0.00923077674697823
0.0057572329363103
0.00337416548063817
0.000250435721354408
0.000314035169796845
0.00299029813688758
-0.00016338858499248
0.00798862979072955
0.00324895562185585
0.00130578131189199
0.00469310370430086
0.00206602621893387
0.00181711283021046
0.00612377245009537
-0.00106119041713184
0.00227001301221098
-0.00238971868110001
-0.00213566603051536
0.00196165606512666
0.000123577888478202
0.000851370329537305
0.00594070364124225
0.00118933026087778
-0.0024239352190633
-0.00675850925656251
-0.0057418000192769
-0.0013441237636546
-0.0017030636207553
-0.00423896566313652
0.000182961246011987
0.00271675875479455
0.00593070813259549
0.00820099016927467
0.00299561046940147
0.00325985982813494
0.00190714876060992
0.00064109498881684
1.30144663012023e-05
-8.29055701712722e-05
0
0
0
0
0
0
0
0
0
0
0
0
0
0
0
0
0
0
0
0
0
0
0
0
0
0
0
0
0
0
0
0
0
0
0
0
0
0
0
0
0
0
0
0
0
0
0
0
0
0
0
0
0
0
0
0
0
0
0
0
0
0.127647366108398
0.109079714773648
0.0525540480489049
0.0342810474686799
0.0213324147649491
0.0272442222833039
0.0206347281901659
0.0133448246234347
0.0166650318116933
0.0144621456754487
0.00850513151648342
0.00897794486911053
0.0129964086053119
0.0124316188952755
0.00806380909816166
0.00727345192357018
0.00607341773736078
0.00472905917459517
0.0116990430265591
0.0102712917313098
0.00214026753896223
0.00684250527346851
0.00649494740736706
-0.00249873915233297
-0.00303856629895655
0.00206463985983588
-0.00412623259761369
0.000768665283367412
0.00803690883102273
-0.00046184426781843
8.44741545474423e-05
0.00699202209227687
0.00866700936337037
0.00137121099146668
0.0107738245004842
0.00927928217894787
0.0148082258617836
0.0121981863853315
0.00873456608263904
0.00214054897898929
0.00100953671859312
0.000720862905453684
-0.0018540773775133
0.00833314899929236
0.00848912766519764
0.00278296074779848
0.00261242561475378
0.00505487130027284
0.0101701146656939
0.00975808271532604
0.00940780270462401
0.0054614300499061
0.00365557389690322
0.00050252352120478
0.000369386825096938
0.00288175009484914
-0.000129599773949003
0.00815208810735031
0.00304852090324383
0.00130331323033324
0.00483648736454812
0.00215551091256509
0.00180984740433163
0.00587247831871834
-0.000619065305633283
0.00277413609965673
-0.00188313072638448
-0.00185840205686641
0.00187407533687115
0.000366156373232962
0.00120836641188464
0.00575666951418924
0.00106286801622284
-0.00202446239383208
-0.00619823685713685
-0.00552859929831701
-0.00156342962721056
-0.00202216150764018
-0.00430360392712695
-1.74208000895038e-05
0.00276883124526454
0.00534597563185755
0.00771755723893881
0.00261134561345804
0.0028727330463766
0.00186177892322677
0.000808564719227506
0.000213780169216409
0.000121525524051113
0
0
0
0
0
0
0
0
0
0
0
0
0
0
0
0
0
0
0
0
0
0
0
0
0
0
0
0
0
0
0
0
0
0
0
0
0
0
0
0
0
0
0
0
0
0
0
0
0
0
0
0
0
0
0
0
0
0
0
0
0
0.126824185436541
0.108183899534163
0.0516679656215667
0.0333398505613282
0.0207690869814243
0.0268327123449566
0.0200509072719068
0.013085144870912
0.0170045591643153
0.0148662819484793
0.00862456347391012
0.00874516175184701
0.0129610176104769
0.0126437610657087
0.00813314510852948
0.00739986078581419
0.00629149568210618
0.00525908306395237
0.0119599651039725
0.010723957902502
0.0023974115105418
0.00704175177588704
0.00677296861173488
-0.00254701143268934
-0.00325139094707926
0.00223356871757963
-0.0039066627204925
0.000169777427601441
0.00680385759485363
-0.00129206891661376
-0.000414213936753976
0.00633199485355425
0.0081156594061963
0.00091756238262926
0.0101740324998971
0.0090313497546878
0.014747516091879
0.0121457283771525
0.00855826967067487
0.00251723538304988
0.0021238592276909
0.00211415385218838
-0.0012410944357819
0.0078693343540634
0.00720645575343885
0.00180161052576258
0.00156813778593653
0.00466507979778243
0.00987212355462431
0.00975257663474047
0.00973880226696357
0.00510050026795778
0.00391393841090865
0.000832153423497172
0.000487218396819043
0.00264967171982002
-0.000241134814766577
0.00835465727074023
0.00288018726392818
0.00138354149797294
0.00504539194209172
0.00246239534211586
0.00184524263736129
0.00558405775045883
-0.000387850416128315
0.00318175930328395
-0.00146372053458869
-0.00183687323652094
0.0014984755699866
0.000464679560970974
0.00153764038291347
0.00555536650261951
0.000825748591450924
-0.00187074006038841
-0.00552654451644786
-0.00508458943522823
-0.00159131926667475
-0.00235364199103062
-0.00436212371106827
-0.000115112440606007
0.00288406147563758
0.00485416827110196
0.00719406846720703
0.00225544255356906
0.00254251549537887
0.00166524554098309
0.000817988466603245
0.000342776995725173
0.000254390869411396
0
0
0
0
0
0
0
0
0
0
0
0
0
0
0
0
0
0
0
0
0
0
0
0
0
0
0
0
0
0
0
0
0
0
0
0
0
0
0
0
0
0
0
0
0
0
0
0
0
0
0
0
0
0
0
0
0
0
0
0
0
0.125799041425575
0.10722320817364
0.0509960125546572
0.0325428647813677
0.0204698213452559
0.0267726447578844
0.0197153422017927
0.0124162301860886
0.0170529380051108
0.0150485825807307
0.00869606720985813
0.00832982861655265
0.0127810580448224
0.0126244052324256
0.00813597180002381
0.00748922406264581
0.00643652808636201
0.00569930313330924
0.0122726211799846
0.0111920813436679
0.002848439608492
0.00742716287921493
0.0069456202520766
-0.0024246243786066
-0.00318353138497107
0.00206056965029134
-0.003924187703534
-0.000146212602027992
0.00562034153268434
-0.00208277229916961
-0.000705943064743711
0.0055235305097493
0.00739692000993786
0.000480019151172138
0.00957845013203292
0.00877960889597961
0.0143927490211964
0.011877065360995
0.00830381230912095
0.00293322327419705
0.00283359440251214
0.00347709913838583
-0.000235201267613321
0.00755365694697088
0.00587512272918713
0.00105621307101831
0.000841279884118344
0.00421037220212715
0.00945349599919092
0.00942988460278127
0.00957011658522911
0.00481968979185327
0.00372354889808238
0.00108871682890943
0.000745484826333304
0.00251738216651624
-0.00040455977513809
0.00826437670786632
0.0027562390701973
0.00150679079142836
0.00513645407741304
0.00294776677637895
0.00210180969721105
0.00539621046294366
-0.000221118339131588
0.00350657335730991
-0.000995886361565489
-0.00177237126618451
0.00102536031705846
0.000416917680335866
0.00188203002863136
0.00541719307356337
0.00055112679225325
-0.00182756883263333
-0.00499705489120258
-0.00441400096128093
-0.00142352691793401
-0.00247019596088287
-0.00442860609685856
-0.000181461416974826
0.00280617520408096
0.00426835789255412
0.0062156917263276
0.00184716275853646
0.00226435196370295
0.00159640422583439
0.000749671905827277
0.000386823193785502
0
0
0
0
0
0
0
0
0
0
0
0
0
0
0
0
0
0
0
0
0
0
0
0
0
0
0
0
0
0
0
0
0
0
0
0
0
0
0
0
0
0
0
0
0
0
0
0
0
0
0
0
0
0
0
0
0
0
0
0
0
0
0.124817190567053
0.106339978605636
0.0504746519597048
0.0320729214819764
0.0202464171336519
0.026986994520333
0.0196520917701845
0.011835025951062
0.0167041135780724
0.015076634974121
0.00883740892757237
0.00801968630669966
0.0125622980341445
0.0124389919252336
0.00787497783868245
0.00740402033191575
0.00638062624159897
0.00584317613129902
0.0124625085642655
0.0118016695671699
0.00342682061227883
0.00804981134463089
0.0072912268566636
-0.00225813372682953
-0.00299791386212013
0.002219973640892
-0.00391166515221145
-0.000164705138438636
0.00481414164847273
-0.00280490322797334
-0.00103190931644644
0.00481500398208804
0.00656609364297938
9.73941058694084e-05
0.00882353661871654
0.00842237979577377
0.0140235653887772
0.011631491645503
0.00802532837298425
0.00316914502302461
0.00352078006163257
0.00460110957106324
0.000711759419595287
0.0076283323662188
0.00512888750773979
0.000504372173697318
0.000300126543141597
0.00397492194122153
0.00895280951037348
0.00915542676038253
0.00922902680065803
0.00445253577940856
0.00368308909141765
0.00141067552638776
0.000959984427359314
0.0025047322929462
-0.000471038351598763
0.00804700616079417
0.00247842628784374
0.00168167710855476
0.00524026075040396
0.0033734789215599
0.00239485544025211
0.0052829893455996
-9.11023999801122e-05
0.00377798107468212
-0.000603659017725853
-0.00155970073472444
0.00064376368927711
9.54157493767243e-06
0.00209721140939497
0.00525287093418247
0.000267760642183884
-0.00178132936438319
-0.00454368909554608
-0.00385975472136496
-0.00108055342871638
-0.00227019509283289
-0.00426014694218012
-0.000453589359809163
0.00267615090883359
0.00393129013872733
0.00532463084339599
0.00156750908303833
0.00188526567075734
0.00153929252699489
0
0
0
0
0
0
0
0
0
0
0
0
0
0
0
0
0
0
0
0
0
0
0
0
0
0
0
0
0
0
0
0
0
0
0
0
0
0
0
0
0
0
0
0
0
0
0
0
0
0
0
0
0
0
0
0
0
0
0
0
0
0
0
0
0.123633331048096
0.105373727254597
0.0498632627839292
0.031712865225828
0.0203253033514815
0.027342993992043
0.0196525280288546
0.0112482334400337
0.0162985891541095
0.0148741599674826
0.00895655237067191
0.0078671597934912
0.0122046670454038
0.01212740772972
0.00747305171829245
0.0070609662654685
0.00610108662748254
0.00586858571195712
0.0121360892912492
0.0121661947433889
0.00424475461261459
0.00875241986708717
0.00755592283325502
-0.00192708697587211
-0.00274199878615781
0.00223525808605997
-0.00359018735252755
-6.41250295897213e-05
0.0044543717915366
-0.00286047002614295
-0.00129344951842171
0.00417982590685817
0.0057584913907324
-0.000425100961295865
0.00833850998675537
0.00807768955050952
0.0134912203034418
0.0112248868754072
0.00765465417496804
0.00321247523487021
0.00401629312477112
0.00563621036071971
0.00162649522132846
0.00779706495649608
0.0049417829403692
0.000359747180465785
-7.54757804253288e-05
0.00391241442315341
0.00867272792747913
0.00881877996688956
0.00890730196930297
0.00413446823755402
0.00350868494181165
0.00172807950913473
0.00131240865045248
0.00250869659199278
-0.000296669135082044
0.00802575288273759
0.00210732410925478
0.00178981843192745
0.00550419852878443
0.00387437537280904
0.00259005675813096
0.00522026616572285
0.000103248578621597
0.0040610118595158
-0.000198261333840231
-0.00123296961902958
0.000531652264804669
-0.000310363804160545
0.00171538295250392
0.00517949411005297
7.17536312005556e-05
-0.00163009851298165
-0.00413373634812716
-0.00335284158003776
-0.00068649251842482
-0.00187576643954732
-0.00383927473676603
-0.000771705363428662
0.00209830550453468
0.00351282374953994
0.00465560167030518
0.00141699135076581
0.00177819115081741
0.00146920881183591
0
0
0
0
0
0
0
0
0
0
0
0
0
0
0
0
0
0
0
0
0
0
0
0
0
0
0
0
0
0
0
0
0
0
0
0
0
0
0
0
0
0
0
0
0
0
0
0
0
0
0
0
0
0
0
0
0
0
0
0
0
0
0
0
0.122480631349495
0.104401712337714
0.0492580678190001
0.0312524932956649
0.0204345900109804
0.0279413058890266
0.0197955545573048
0.0108825903191205
0.0160663521082121
0.014880871808274
0.00897744395989455
0.00762882349942053
0.0119012539055637
0.0117873115754429
0.0069834072309748
0.00662535072217839
0.0056661048168297
0.00569876586194083
0.0117068814070779
0.0121371372248662
0.00482702931953718
0.00960334796462987
0.00796161773697095
-0.00159939797760956
-0.00235106547688053
0.00225112349751536
-0.00338635712494803
0.000284060111199072
0.00413425888674334
-0.002667125103115
-0.00117935697513192
0.00363008515414679
0.005147701313668
-0.000806576341988765
0.00786571962888779
0.00792377195234372
0.0130007219995148
0.0106441415967365
0.00708695189730672
0.00307206269078962
0.0043347662241514
0.00652454249001182
0.00242684865318386
0.00782985696888281
0.00488902816310404
0.000600805761198382
-0.000118480636360766
0.00386439054745923
0.00855623269759113
0.00867682282651554
0.00848496559452214
0.00388820913142215
0.00340965354703812
0.00188226683579486
0.00173881934257142
0.00253131757179474
-0.000214189263615465
0.00808241177268101
0.00181308147436439
0.00174077646666355
0.00558549911392651
0.00444895483053481
0.00284419771810982
0.00499863475163146
0.000305775871267277
0.00441430795231515
0.000244368374710041
-0.000997862790120956
0.000450159457526284
-0.000370650887200406
0.00144482378759826
0.00466651985268599
-9.58370701456872e-05
-0.00143544673712317
-0.00368647220468435
-0.00292677215034187
-0.000358285298687501
-0.0013869103185235
-0.00306565540127821
-0.00085782701047064
0.00160208558130619
0.00276214901258465
0.00383261221175654
0.00133049936589188
0.0017219408422339
0
0
0
0
0
0
0
0
0
0
0
0
0
0
0
0
0
0
0
0
0
0
0
0
0
0
0
0
0
0
0
0
0
0
0
0
0
0
0
0
0
0
0
0
0
0
0
0
0
0
0
0
0
0
0
0
0
0
0
0
0
0
0
0
0
0.12156073906976
0.103451896724054
0.0488350093537024
0.0308832133206737
0.0203342984248676
0.0283863449787442
0.020016121223298
0.0106845076475386
0.0158735793698981
0.0150500682651904
0.00938056159398985
0.00752473527864534
0.0115073954448619
0.0115166138009539
0.00667948506816529
0.00622172832574776
0.00513935685271166
0.00539501390383737
0.0111871704888137
0.0120314248453859
0.00523452672558021
0.0103052549901571
0.00846637719576445
-0.00113079677965308
-0.00174260422720284
0.00238274671451335
-0.00318217932798991
0.000850365130377318
0.00389995042889821
-0.00257179186104609
-0.0011807146538922
0.0032616745970713
0.0045189125485705
-0.000925056234101331
0.00765552853313979
0.00786776408416028
0.0124404746510542
0.0100311203151149
0.00632199531024853
0.00273315625472224
0.00435766558791864
0.00710709753624447
0.00305887136936085
0.00787774866302519
0.00476431746400064
0.000960910493824212
-5.98438360958041e-05
0.00376373859679344
0.00828358527718183
0.0084689629258369
0.0081163515502847
0.00349304163666528
0.00323925982081368
0.00193350637211561
0.00200260919203114
0.00274437664893955
-0.000292885118256507
0.00809001609223526
0.00184338777695384
0.0017892834526447
0.00556276326462248
0.00494820063611645
0.00325387829748105
0.00474532797367463
0.000216317096753237
0.00472866337849277
0.000706488752174951
-0.000702566227424643
0.000337446189676578
-0.000195107216150713
0.00145130150657878
0.00438794070321869
-0.000469889080042059
-0.00112151674442284
-0.00312537795420221
-0.00246414879294612
-0.000153201080083833
-0.0010010228500448
-0.00229867415512687
-0.000658340605848695
0.0010172948474554
0.00198940723590412
0.00282061302311187
0
0
0
0
0
0
0
0
0
0
0
0
0
0
0
0
0
0
0
0
0
0
0
0
0
0
0
0
0
0
0
0
0
0
0
0
0
0
0
0
0
0
0
0
0
0
0
0
0
0
0
0
0
0
0
0
0
0
0
0
0
0
0
0
0
0
0
0.120309042399511
0.102430261369068
0.0480358514130165
0.030664797931951
0.0204107221950824
0.0283153929750228
0.01987691897197
0.0103586651787142
0.015749794958091
0.0153443996597011
0.00986106312306511
0.00794813564643101
0.0112588502881143
0.0110193144129134
0.00629771137376208
0.00590636415259821
0.00475064969917486
0.00489636811091688
0.0104689049908288
0.0118295527720684
0.00559412062857916
0.0107652871898477
0.00879618769658282
-0.000581930124269014
-0.000989311208210256
0.00287588958244897
-0.00282927908306261
0.0011981612288413
0.0039642370312303
-0.00239605429135722
-0.00143240904927017
0.00269888779508424
0.00402246337141347
-0.00110494686140426
0.00755123313659586
0.00795704742519466
0.0118245296311555
0.0091826578513761
0.00556033805686756
0.00194713476572483
0.00412654747413954
0.00718599895586193
0.00307292323236112
0.00772966718575774
0.00471643205375986
0.00128927639615444
0.000227325498265343
0.00384428666715943
0.00792509028386612
0.00799437017652907
0.00784685670576847
0.00324025538777639
0.00294113024311709
0.00183015270041877
0.00221836701395105
0.00256731217890453
-0.000179269706703481
0.00757346707193268
0.00192364436866943
0.00226430435010181
0.00569106665405674
0.00538407929876938
0.00353140508343448
0.00471115642477837
8.56769240673883e-05
0.00465981564435042
0.00113981043980067
-0.000395856749870162
0.000299567195618103
-8.30837589777638e-06
0.00169640327588519
0.00457526279285489
-0.000339348969368641
-0.00106649279589173
-0.0024516631440255
-0.00200300146403544
3.63700130394315e-05
-0.000599798033071643
-0.00158136485284874
-0.000392127819977147
0.000809785091264148
0.00131976051003809
0.00202715866893713
0
0
0
0
0
0
0
0
0
0
0
0
0
0
0
0
0
0
0
0
0
0
0
0
0
0
0
0
0
0
0
0
0
0
0
0
0
0
0
0
0
0
0
0
0
0
0
0
0
0
0
0
0
0
0
0
0
0
0
0
0
0
0
0
0
0
0
0.119091849606464
0.101147230069595
0.0472721420750404
0.0303428276399865
0.0204808063101863
0.0283800278103811
0.0197729506009979
0.0100669019270923
0.0156426576941274
0.0153850498886196
0.0103437637075507
0.00841431361679422
0.0114483493829551
0.0106177053734174
0.00596157564285252
0.00560110980206018
0.00461879427314617
0.00460397668418255
0.00966857184013533
0.0115595122522566
0.00593647006847587
0.0108273608114899
0.00896067720388773
-0.000152887216351116
-0.000225177676071732
0.00342767092073011
-0.00216317572808528
0.00165599545870513
0.00402250934769543
-0.00220378067106461
-0.00146857937763466
0.00225918381713859
0.00358317343913518
-0.00125263477480997
0.00737634579149515
0.0078961036940836
0.0113180016320404
0.00837375840394378
0.00475258450252441
0.00115900982910083
0.00364797226064223
0.00718862150113753
0.00299264815345513
0.0074603411223613
0.00456767034052095
0.00169372502433587
0.00068197974588512
0.00413597284694988
0.0077594464178009
0.00772441495915834
0.00763850874679004
0.00297375614615654
0.00273522445833692
0.00167345234859722
0.00245031017699093
0.00250091721257747
5.04122126578763e-05
0.00724829679833669
0.00200560851949364
0.00269165629197951
0.0060530979513198
0.00589742084453898
0.00381504756496108
0.00472778298671633
7.05389651067542e-05
0.00454285002355248
0.00153767994843829
-3.77456607092348e-05
0.000296294324580169
0.000234615226011287
0.0019014732614715
0.00456495654495939
1.92983493414763e-06
-0.000738536248259111
-0.00188496538733302
-0.00162924692253525
-6.66773928209e-06
-0.000380173807336875
-0.000937234501573554
-0.000224018954690723
0.000601845395293206
0.00100414017417414
0.00128033531953424
0
0
0
0
0
0
0
0
0
0
0
0
0
0
0
0
0
0
0
0
0
0
0
0
0
0
0
0
0
0
0
0
0
0
0
0
0
0
0
0
0
0
0
0
0
0
0
0
0
0
0
0
0
0
0
0
0
0
0
0
0
0
0
0
0
0
0
0.117924010327723
0.0998948001187409
0.0463236138766581
0.0300308603662975
0.0206755967487165
0.0284220296282455
0.0198695565096064
0.010036462015224
0.0157358826056786
0.0155419219978003
0.0106464651232852
0.00897918718701855
0.0118177812783913
0.0105398939704071
0.00553681249661054
0.00532752477648794
0.0044657376535887
0.00455597190286251
0.00903267886123564
0.0112213689151112
0.00617623383489741
0.0108656428862007
0.00883500893377478
0.000144717875459816
0.000444132869105994
0.00398744752833319
-0.00147583802305411
0.002352383464534
0.00420107956106162
-0.00194777981450041
-0.0014564268580023
0.00218393125961872
0.00323410675324474
-0.00136160946550398
0.00724178565237999
0.00786865999135108
0.0107748845509532
0.00777860777706972
0.00402816132120155
0.000457527223950448
0.00301766711669162
0.0071155918964284
0.00289216611532172
0.00715911124230849
0.00444384601819907
0.0020036937560192
0.00117846693152638
0.00438914620928111
0.00767389928131447
0.00773558741428142
0.00773160405552799
0.0028651069339538
0.0025920517032567
0.00169537607580197
0.00262171075378649
0.00242736949565358
0.000272085296308031
0.0070270791829074
0.00230433181252112
0.00318265079739344
0.00632481692876817
0.00652288139447028
0.00410429202099956
0.00470709514767748
4.07589910410066e-05
0.00452468508578149
0.00191783451210977
0.000320518216367315
0.000362552066970368
0.000565956271566177
0.00218680738146592
0.00451007439088068
0.000125249100447631
-0.000445437643031928
-0.00127445137622621
-0.00134235100780546
-0.000230233929733264
-0.00037269052207805
-0.000483158269629817
-0.000199178148507903
0.000250311298853031
0.000610744568681141
0
0
0
0
0
0
0
0
0
0
0
0
0
0
0
0
0
0
0
0
0
0
0
0
0
0
0
0
0
0
0
0
0
0
0
0
0
0
0
0
0
0
0
0
0
0
0
0
0
0
0
0
0
0
0
0
0
0
0
0
0
0
0
0
0
0
0
0
0.116940144247714
0.0987268444845288
0.0453703365468975
0.0296059274734907
0.0208763274814994
0.028421455774825
0.0198785442226229
0.0101958910969288
0.0159852985689822
0.0158023924291563
0.010973079451289
0.00935042267208162
0.012315993930804
0.0106400169051007
0.00551726190341185
0.00506350164187864
0.00439685000939058
0.00456731190379543
0.00873043087452873
0.0111768190986246
0.00631862928584213
0.0107101086280078
0.008719383203413
0.000268035848723975
0.00106233439353671
0.00451926094073325
-0.000784179184053548
0.00296587560174795
0.00451429134002458
-0.00158590564609899
-0.00138388227375141
0.00219042200089562
0.00320134237535119
-0.00142418890249671
0.00715500050575274
0.00784819060460527
0.0102491127361322
0.00703875800769128
0.00334362594166905
-0.000236022961636278
0.00256115938560599
0.00691834111462051
0.00266172261649075
0.00675065492050878
0.00428568604037265
0.0023086183761451
0.00156817892726239
0.00461872087106906
0.00750708775129745
0.00767660265283505
0.00801050964524433
0.00304154450036231
0.00254603894462034
0.00178048869893815
0.0029781332553359
0.00239179010589629
0.000475319714620568
0.00684571685970676
0.00265200587296184
0.00376079619666166
0.00656266516333659
0.00708083704140263
0.00455791621893124
0.00470057848951716
-7.98468723370774e-05
0.00452695047881716
0.00248153535735052
0.000741886790568615
0.000430484392568508
0.00094638719474178
0.00253888995416404
0.00456277500426417
0.000220262717987213
-0.000322133094190537
-0.000671419939517553
-0.000886273260346685
0
0
0
0
0
0
0
0
0
0
0
0
0
0
0
0
0
0
0
0
0
0
0
0
0
0
0
0
0
0
0
0
0
0
0
0
0
0
0
0
0
0
0
0
0
0
0
0
0
0
0
0
0
0
0
0
0
0
0
0
0
0
0
0
0
0
0
0
0
0
0
0
0
0
0.115952277759024
0.0976279492706203
0.0444033446492372
0.0289442546455258
0.020687514357509
0.0281574069724444
0.0196099135555118
0.0102983980270848
0.0163360311342596
0.0159175572922975
0.0111671970505915
0.00970447665270984
0.0128150351465594
0.0109166515573374
0.00571875167807866
0.00523879740455328
0.00438344364365967
0.00459061608229005
0.00844791434878455
0.0112137416809243
0.00635611935356822
0.0105124618386424
0.00840785432078696
0.000363604853471409
0.00161667835497012
0.00506607295348461
-8.83460895398327e-05
0.00361057511742703
0.004765347988215
-0.00123103845228891
-0.00120011405519229
0.00216918809586272
0.00333336089839678
-0.00135672867608995
0.00684952996795804
0.00754183818136918
0.00983019354037185
0.00637617420165591
0.00281730244532397
-0.000724918469210123
0.00211274475116014
0.00674617072591234
0.00240936560495486
0.00624185221091747
0.00400569408588652
0.0023467391610595
0.00175999387916747
0.00483455030494118
0.00731082503114621
0.00734952509918543
0.00826098592192708
0.00344426268917739
0.00253877263971447
0.00187087156558483
0.00336172294027824
0.00263396645837098
0.000742619626055085
0.00658307175702286
0.00292640491333631
0.00386328511960202
0.00670381824046932
0.00725452429341642
0.00501680338042647
0.0047376664960699
-0.000208466183017234
0.00447921830341096
0.00281208505007349
0.00128606429557107
0.000661617076076688
0.00129552054305992
0.00303087057656606
0.00484801923551822
0
0
0
0
0
0
0
0
0
0
0
0
0
0
0
0
0
0
0
0
0
0
0
0
0
0
0
0
0
0
0
0
0
0
0
0
0
0
0
0
0
0
0
0
0
0
0
0
0
0
0
0
0
0
0
0
0
0
0
0
0
0
0
0
0
0
0
0
0
0
0
0
0
0
0
0
0
0
0.115218420008355
0.0965399880573396
0.0434747143469414
0.0283101864935722
0.0202525917339105
0.0274536501575699
0.0190507614602964
0.0100897990160952
0.0166090917804844
0.0160608431474524
0.0111102525044563
0.00981085368361754
0.0131673406154207
0.0111804416645759
0.00603705770680354
0.00552347004381497
0.00457262244869538
0.00454047664340567
0.00815717975980178
0.0112896350463192
0.00657165706665546
0.0103194340290419
0.00810450134704349
0.000226007365730022
0.00214337116723291
0.00559947742043632
0.000610617279069551
0.00437069848781032
0.00508240027475261
-0.000889327860464974
-0.000955806906339292
0.00228489329938146
0.00337870376578981
-0.00128458084967959
0.00637818396947023
0.00690518690829768
0.00919021637211959
0.00583339764902905
0.00245579271628263
-0.000990537256850701
0.00174307740386337
0.00656544954329572
0.00209247780137452
0.00563731543311974
0.00364843156305544
0.00233123615880909
0.0017443927479348
0.00477815542277754
0.0070850038019915
0.00705658032423848
0.00814580393197614
0.00367275913220237
0.00250899446187988
0.00191477879334031
0.0036908827042613
0.00277314077685499
0.0011738448493753
0.00633667148192586
0.00306874179120433
0.00402263170592017
0.00648157688081291
0.00728786975487023
0.00507831334198865
0.00480107412990972
-0.000165474382945173
0.00447513558343817
0.00310318460519575
0.001640361290524
0.00118718239502402
0.00187130964801589
0.00353357675854516
0.00533666180163715
0
0
0
0
0
0
0
0
0
0
0
0
0
0
0
0
0
0
0
0
0
0
0
0
0
0
0
0
0
0
0
0
0
0
0
0
0
0
0
0
0
0
0
0
0
0
0
0
0
0
0
0
0
0
0
0
0
0
0
0
0
0
0
0
0
0
0
0
0
0
0
0
0
0
0
0
0
0
0.114652033680448
0.0957386006486698
0.0426391064239177
0.0277557699442701
0.0198596220575788
0.026651820044038
0.0182890996358432
0.00971266932243621
0.0167202745909246
0.0161917455540283
0.0111576845284969
0.00986392030093069
0.0134711587025336
0.0114269856884167
0.00639933900346304
0.0058866442631776
0.00483283485604125
0.00475327858059169
0.00785101928636838
0.0113863347010372
0.00678136378350146
0.010282369934349
0.00783314939230358
4.63350593852322e-05
0.00241539436319443
0.00609474839397385
0.00123963729084624
0.00510234064324796
0.00545205425385706
-0.000519289054122934
-0.000652413080725978
0.00250464250031029
0.0035309136060478
-0.00114962398613134
0.00603986523427155
0.0062669575340101
0.00834379829312265
0.00519692263177568
0.00208136491915673
-0.00109017470863454
0.0015684018452493
0.00648645107139293
0.00179956510888982
0.00508449705617251
0.00320818737492318
0.00223650840100651
0.00168698422739934
0.00464522227426585
0.00674766692097051
0.00671153361405639
0.00802209117102902
0.00362652331903376
0.00227973478708907
0.00194462089376342
0.00402472529314064
0.00303573671437701
0.00152540556318881
0.00624257242397278
0.00315468399535521
0.00404874502896391
0.00632333612612098
0.00714518187892741
0.00508215072294315
0.00460572424872879
-9.32193737984945e-05
0.00452922639677667
0.00340530967553648
0.00181977995274233
0.0015144149424822
0.00263340327322711
0.00415999342901591
0.00583416208814544
0
0
0
0
0
0
0
0
0
0
0
0
0
0
0
0
0
0
0
0
0
0
0
0
0
0
0
0
0
0
0
0
0
0
0
0
0
0
0
0
0
0
0
0
0
0
0
0
0
0
0
0
0
0
0
0
0
0
0
0
0
0
0
0
0
0
0
0
0
0
0
0
0
0
0
0
0
0
0.114032285067521
0.0949371348694707
0.0419456203696589
0.0272144046885433
0.019542905666925
0.0259077424121152
0.0175009228733996
0.00931953472292785
0.0167680391331725
0.0162817060843063
0.0112567519284324
0.0100723714617226
0.0138307631018358
0.01169788546337
0.00677944886093549
0.00623067736406946
0.00500803162114601
0.00496529732106242
0.00769756535463245
0.0114951499634459
0.0069854109761188
0.0102610698539781
0.00773257619083516
-5.79136758450205e-05
0.00246699804086937
0.00630778963103097
0.00171425626214941
0.00573656199869259
0.0058067925559377
0.000138059701382957
-0.000247627455424902
0.00275427025555346
0.0037848641766885
-0.000940898974163134
0.00581922226151836
0.00593080582687667
0.00760651442853087
0.00454810520493097
0.00169798172504951
-0.00128663027469396
0.00135353655693061
0.00640634668178155
0.00158615620055161
0.0045959854457267
0.00291159051243174
0.00216805351370893
0.00151786699385427
0.00445370979778921
0.00636403698437535
0.00628180583842142
0.00770123621229092
0.00355027694634403
0.00200330753607697
0.00178854633567256
0.00455774132854835
0.00325926678137515
0.00183061046443263
0.00609369463153278
0.00329947674015611
0.00400048397522925
0.00606087013850585
0.00708324354931736
0.00509382377330078
0.00461376477436949
-0.00010219412254121
0.00443178818543888
0.00368514191411643
0.00196914636554463
0.0016628560136537
0.00325105159802834
0.00484202381663475
0.0062814156114957
0
0
0
0
0
0
0
0
0
0
0
0
0
0
0
0
0
0
0
0
0
0
0
0
0
0
0
0
0
0
0
0
0
0
0
0
0
0
0
0
0
0
0
0
0
0
0
0
0
0
0
0
0
0
0
0
0
0
0
0
0
0
0
0
0
0
0
0
0
0
0
0
0
0
0
0
0
0
0.113266814614301
0.0940613945003722
0.041235454120654
0.0268060905772737
0.0192556076720999
0.025280782928249
0.0167675868312712
0.00886793797779542
0.016875931808741
0.0163835811891215
0.0113653300304619
0.0103000795588256
0.0143310736994173
0.0120469422296821
0.00719052581392289
0.00649484054041942
0.00508260933877008
0.00499225392279039
0.00743211727623591
0.0117387220151645
0.0071859620436873
0.0102044769466
0.00771641761993862
-1.15959671177748e-05
0.00258802444190511
0.00631576101980319
0.00190376314216101
0.00613025677124281
0.00599641091040943
0.000683519246259426
0.000392141750134442
0.00313201321096982
0.00405949758742982
-0.000647429507482017
0.00571105480931715
0.00572920311678689
0.0071530246953296
0.00401936551267423
0.00134950991124203
-0.00143574018398031
0.00113201761923049
0.00619885572028667
0.0013779056775985
0.00421780779871981
0.00266718701401648
0.00228540513102176
0.00142979959002332
0.00415909880289319
0.00592957454691258
0.00579218113472927
0.00717184157476699
0.00325821738766878
0.0017291451361999
0.0016525549480112
0.0048862460925059
0.00374356479195393
0.00211945306271413
0.00588336681326335
0.00336546524552622
0.00393336366693787
0.00568119682277631
0.00692974868823182
0.00515442835002267
0.00466686885125748
0.000148624213912343
0.00437079464681813
0.00380469416617188
0.0021166597491375
0.00179194225587555
0.003756467861543
0.00540880111630705
0.00675293450001193
0
0
0
0
0
0
0
0
0
0
0
0
0
0
0
0
0
0
0
0
0
0
0
0
0
0
0
0
0
0
0
0
0
0
0
0
0
0
0
0
0
0
0
0
0
0
0
0
0
0
0
0
0
0
0
0
0
0
0
0
0
0
0
0
0
0
0
0
0
0
0
0
0
0
0
0
0
0
0.112553181495825
0.0932941469894054
0.0406643462331499
0.0264462940119867
0.0191232230653465
0.024783443543737
0.0161419267231179
0.00842807550183556
0.0168744659304337
0.0164398447448931
0.0113936464392246
0.010516957694115
0.0147909600904251
0.012422352524995
0.00758888707299533
0.00675820150620808
0.00516997693099015
0.00502806928194033
0.00729618930668112
0.0121408397375989
0.00752724710950904
0.0100842616103862
0.00771770719876661
-5.70659261936359e-06
0.00273130898020392
0.0062663975246314
0.00202649318039879
0.00635965304401034
0.00615358082229811
0.00114576567862661
0.00100765711663872
0.00365648030747383
0.00440173794975655
-0.00032395629965841
0.00562889845684533
0.00559514689371053
0.00678582555227753
0.00363648015031634
0.00113646843634855
-0.00160453985445824
0.000833854822261719
0.00598008972404004
0.00125664233071924
0.00391293963592362
0.00247176137920937
0.00233953076638009
0.0013274411742638
0.003715674449004
0.00543974170286725
0.00534458014106172
0.00657027611307398
0.00295313106109762
0.00135498758517699
0.0014628884833397
0.00511561513793948
0.00419205753535027
0.00259605739961549
0.005879113242339
0.00351683466696104
0.00381725902826954
0.00540898515534313
0.00680164178926336
0.00522447989614558
0.00471043423962667
0.000304829116530854
0.00440402331119
0.00399977769483422
0.0023192890505325
0.00190042096205862
0.00421974758239984
0.00590517492438812
0.00715647079679322
0
0
0
0
0
0
0
0
0
0
0
0
0
0
0
0
0
0
0
0
0
0
0
0
0
0
0
0
0
0
0
0
0
0
0
0
0
0
0
0
0
0
0
0
0
0
0
0
0
0
0
0
0
0
0
0
0
0
0
0
0
0
0
0
0
0
0
0
0
0
0
0
0
0
0
0
0
0
0.111856158515766
0.0926236597804993
0.0402595726713618
0.0262505147983901
0.0190364055951529
0.0244685689969985
0.0156276135179385
0.00805819895905511
0.0168013243452747
0.0164074346137135
0.0113965736019681
0.0105929016206122
0.0151888976546514
0.0127574000289694
0.00795952482441032
0.00698132819021199
0.00526285207035509
0.00513774196483148
0.00718063727881569
0.0126293790929967
0.00795298284024859
0.0099555900849569
0.00764912494380501
2.05080953971047e-05
0.0027864937236711
0.00619629686432336
0.00209636915337883
0.00652358502050934
0.00621502390903911
0.00160999580466938
0.00157300880468808
0.00416173886919784
0.00489970302519158
7.13437754819106e-05
0.00558465801376896
0.00546475967881311
0.00641814213349688
0.00331487149723296
0.000890269514957852
-0.00164798674862178
0.000606484431408376
0.00573200432833671
0.00108970458063642
0.00373684669909089
0.00233032765301544
0.00236343478588147
0.00122397726405233
0.0033157904309803
0.00484842826948791
0.0048592508121865
0.00599928658569955
0.00261583410251883
0.00105971219236144
0.00118698146251616
0.0051924574498477
0.00459743661806559
0.00315693220051126
0.00608759973390348
0.00388336948872865
0.00378189084653442
0.00512401023144398
0.00681689809206754
0.00538736382379802
0.00479663670288883
0.000491645438171662
0.00434252954466388
0.00419339455910841
0.00265868688026331
0.00206983375107902
0.00453686471720964
0.00630269904824909
0.00746388689236153
0
0
0
0
0
0
0
0
0
0
0
0
0
0
0
0
0
0
0
0
0
0
0
0
0
0
0
0
0
0
0
0
0
0
0
0
0
0
0
0
0
0
0
0
0
0
0
0
0
0
0
0
0
0
0
0
0
0
0
0
0
0
0
0
0
0
0
0
0
0
0
0
0
0
0
0
0
0
0.111256841663246
0.0919646612808676
0.0400062029940987
0.0261859275718704
0.0190581910586688
0.0242789234259141
0.0153844600346961
0.00775949892767472
0.0167672464290085
0.0161515955998045
0.0112986207519301
0.0105987794047544
0.0152530680923903
0.0132074697246695
0.00845035024519527
0.00733733402276311
0.00539843103924873
0.00532690954279461
0.00712289598067361
0.0131204163743428
0.00838847553726383
0.00987831324631717
0.0076507754387693
-2.95819406962133e-05
0.00284056917432496
0.00614407270827401
0.00210354578574525
0.00653762549148743
0.0062378099807712
0.00196100669042016
0.00201077266231174
0.00459148673907804
0.00529119223019173
0.000498232000714746
0.00568553380879138
0.00550398267022211
0.00615976423668795
0.00294562681039858
0.000680658120136275
-0.00173578666785667
0.00048484289700183
0.00549441448555561
0.000996090404940732
0.00365293913100934
0.00245157229445012
0.00263475207796885
0.00126516839688755
0.00309309711214894
0.00439076461521251
0.00434403949749278
0.00550233689379723
0.002369781928925
0.00078100798302913
0.000964370867143813
0.0052147909287135
0.00482962569154923
0.0035931696624113
0.00631362531271838
0.00447858289538496
0.00400961818594464
0.00496363396604416
0.00685485496076713
0.0056830821333811
0.00491485860453144
0.000707769391144761
0.00433474734826269
0.00414601429165704
0.00299974004277884
0.00236223021953886
0.00476547163705469
0.00619792017972608
0.00758341084609001
0
0
0
0
0
0
0
0
0
0
0
0
0
0
0
0
0
0
0
0
0
0
0
0
0
0
0
0
0
0
0
0
0
0
0
0
0
0
0
0
0
0
0
0
0
0
0
0
0
0
0
0
0
0
0
0
0
0
0
0
0
0
0
0
0
0
0
0
0
0
0
0
0
0
0
0
0
0
0.110395896644562
0.0910739005280494
0.0396953257805583
0.0260185659666613
0.0188823723372492
0.0242055854376149
0.0153059566975852
0.00763737032888656
0.016630974397036
0.0159032020837794
0.0110870962835761
0.0104735248780601
0.0151095177655814
0.0133053886944596
0.00887816337428606
0.00778737459484374
0.0057296922981184
0.0054550593742314
0.00699062495049592
0.0133003306995837
0.00872211505587771
0.00964848519851609
0.00736684469025844
2.23565913836077e-05
0.0028119347634398
0.00593895424635903
0.00210767392769861
0.00649136089736232
0.00619397932975992
0.00221683683974255
0.00216770238708252
0.0047363828101858
0.00561495466316369
0.000816383225020848
0.00584713302525686
0.00563162530712308
0.00599189154213433
0.00269619200974736
0.000557063298739367
-0.00183667857035468
0.000450649504093987
0.00521794274826883
0.000674183279786452
0.00351440503794662
0.00259772439130669
0.00295838189760285
0.00151156638983204
0.0029898845419585
0.00399940256213803
0.00393231905414544
0.00516830391483171
0.00219403468377311
0.000600865424657935
0.000670002072877871
0.00484149890415813
0.00497020973333224
0.00398216592085739
0.00627652278920397
0.00476446531830011
0.00437992732984528
0.00483436969417945
0.00685108058830764
0.00596782199265423
0.0050835896080636
0.000838019550329231
0.00419460863561704
0.0041159739899553
0.0029920900742869
0.00261185754515314
0.00474774367784866
0.00596872272615386
0.00730613175018278
0
0
0
0
0
0
0
0
0
0
0
0
0
0
0
0
0
0
0
0
0
0
0
0
0
0
0
0
0
0
0
0
0
0
0
0
0
0
0
0
0
0
0
0
0
0
0
0
0
0
0
0
0
0
0
0
0
0
0
0
0
0
0
0
0
0
0
0
0
0
0
0
0
0
0
0
0
0
0.109544111640272
0.0900948000477806
0.0392289500793374
0.0258153021077584
0.0185930874246346
0.0240618231983623
0.0152791865869253
0.00760251329373178
0.0165407587602214
0.0155322714433858
0.0108900724719682
0.0104038439482078
0.0148249834123828
0.0131592987922682
0.0090647196366856
0.00811470793469471
0.00614764044584879
0.00567994242725206
0.00669552899927792
0.0133430770996362
0.00886045045538865
0.00940820321075063
0.00703963277694055
-0.000117085999240423
0.00274079498998284
0.00565666554374944
0.00196638931256894
0.00634343424859545
0.00611024101243398
0.00249283752239884
0.00225266635427745
0.0047061321131446
0.00581515427252973
0.00112165790669317
0.00596265626646316
0.00588116364313482
0.00591672676123223
0.00261094719811723
0.000618639979134442
-0.00185992229537577
0.000320057577215574
0.00499490571421246
0.000293829822661192
0.00312362464630776
0.00266070240769405
0.00327271885903361
0.00186526536348654
0.0030247496375778
0.00369949997968055
0.00358967969856029
0.00475873560704944
0.00201233718414016
0.000347573966121168
0.000420172080443453
0.00432263113434159
0.00478354729974681
0.00422892674744498
0.00622330268522332
0.00487273834324123
0.00470606847213588
0.00477197399245784
0.00675756066493463
0.00609007933456357
0.00523232508513049
0.00103860982354377
0.00396905543186163
0.00390824475525301
0.00297791941212514
0.00258451687461374
0.00476057456435792
0.00544394794331822
0
0
0
0
0
0
0
0
0
0
0
0
0
0
0
0
0
0
0
0
0
0
0
0
0
0
0
0
0
0
0
0
0
0
0
0
0
0
0
0
0
0
0
0
0
0
0
0
0
0
0
0
0
0
0
0
0
0
0
0
0
0
0
0
0
0
0
0
0
0
0
0
0
0
0
0
0
0
0
0.108545165102887
0.0888139739775632
0.0385243234927073
0.0253384313611898
0.0182323423406901
0.0237397277084509
0.0151960198196572
0.00761260789806247
0.0163294453659763
0.0148979125779713
0.0104276073600909
0.010291884815431
0.0146579205807375
0.0128466100817117
0.00888247119562407
0.00812744725294847
0.00634021792127485
0.00603913537730687
0.00652059985331532
0.0130409041325863
0.00870229670877198
0.00892917456379675
0.00672474300760805
-0.000196885254054328
0.00262833776155774
0.0055884217154696
0.0018836271573961
0.00612158157080889
0.00594118312965751
0.00269776194124156
0.00230307428470182
0.00459099704509506
0.00584621669345864
0.00137888543969738
0.00624640484914684
0.00622507185214634
0.00604611708591346
0.0025884723451413
0.000742045904560285
-0.00168117563612356
0.000288294619012565
0.004655380748158
6.32572267965147e-05
0.00274462202067847
0.00240569911911121
0.00327275124303575
0.00218711320931259
0.00312806778199399
0.00353110350419248
0.00333690974949134
0.00431594361300615
0.00157458148666072
5.73245371174108e-06
0.000131146199220378
0.00388812236075122
0.00435705198527943
0.00410420499036197
0.006078295779261
0.00498894118861805
0.00480612230982432
0.00475767243644564
0.00686851361804543
0.00605324784133085
0.00512077729272163
0.00128833426117562
0.00391903639889275
0.00368106349733333
0.00282986307783732
0.00258173498279108
0.00437135731722071
0.00501406548810714
0
0
0
0
0
0
0
0
0
0
0
0
0
0
0
0
0
0
0
0
0
0
0
0
0
0
0
0
0
0
0
0
0
0
0
0
0
0
0
0
0
0
0
0
0
0
0
0
0
0
0
0
0
0
0
0
0
0
0
0
0
0
0
0
0
0
0
0
0
0
0
0
0
0
0
0
0
0
0
0.107749025066167
0.0875894056003907
0.0379599870592999
0.0249076040290354
0.0178508124711397
0.0234297917831145
0.0151021872016329
0.0076311509842604
0.016179421412876
0.0143585028749993
0.0100656991376717
0.0101858335427469
0.0145701948105981
0.0125803990886919
0.00867214722999559
0.00809437724739658
0.00640057587000084
0.00639779250616117
0.00641395383392248
0.0128673030717949
0.0085586731001452
0.00848194203312471
0.00639135367812033
-0.000240906441892953
0.00253474667716058
0.00546119942611529
0.00182337490381503
0.00589293620388377
0.00575170946393689
0.00281041481161311
0.00234444794440054
0.00452094385243424
0.00577783822812524
0.00147334897419319
0.006472952940832
0.00659887995783103
0.00618705097179071
0.00268810314046171
0.000950014611444211
-0.00139171087953283
0.000342743679374602
0.00434622496867329
-0.000151407122122167
0.0023699824071856
0.00222203995129414
0.00317530683765397
0.00256028105600933
0.00321159897248815
0.00348819591613005
0.00310884610007701
0.00388631377408298
0.00118787760666239
-0.00028551365114897
-0.000154784425575077
0.00342967147944551
0.00391295022649965
0.00392770246281098
0.00586676270056156
0.00498597207590184
0.00479635750280097
0.00459555688842669
0.00690360364429399
0.00610963607626096
0.00504476261169051
0.00145662463656905
0.00389430915191681
0.003529746532423
0.00266146000198897
0.00248111335617626
0.00402893768967321
0.00448390625081406
0
0
0
0
0
0
0
0
0
0
0
0
0
0
0
0
0
0
0
0
0
0
0
0
0
0
0
0
0
0
0
0
0
0
0
0
0
0
0
0
0
0
0
0
0
0
0
0
0
0
0
0
0
0
0
0
0
0
0
0
0
0
0
0
0
0
0
0
0
0
0
0
0
0
0
0
0
0
0
0.10705746998307
0.0866328842370778
0.0374310705486741
0.0245321439241249
0.0174934819181413
0.0230231210182683
0.0149155182636473
0.0075660659661346
0.0160183994067055
0.0138352841817722
0.00981828012337436
0.0100693481755973
0.0143920161701803
0.0123317983722401
0.00844524110476186
0.00791951127129833
0.00627124513046354
0.00642584239370169
0.00629919307563922
0.0128326385587872
0.00857029160668408
0.0079662006902914
0.00607877901937789
-0.000287225684690053
0.00258651885993602
0.00535742975267907
0.00171112591936265
0.00569467343169951
0.00548811735557233
0.0028589871788936
0.00225545179799477
0.00435712122253346
0.0055636851718608
0.00140352522633944
0.00642410772768386
0.00683062039091301
0.0063870703086453
0.00285578822022737
0.00131982491455931
-0.000951753674678199
0.000662021398521169
0.00425572315380193
-0.000325112316738008
0.00198735397949988
0.00208287824689109
0.00304451573320356
0.00270651700412468
0.00338261920060497
0.00347938346532342
0.0030463695463675
0.00356151774430736
0.000841117336688715
-0.000577903547922467
-0.000547870646006794
0.00288339290649108
0.0035062767033277
0.0038179086408207
0.00560301918598821
0.00491627918010411
0.00470943210297547
0.00430973365214479
0.00652434226732058
0.00599379648379455
0.00503981372089298
0.00166637528542832
0.00379162088536536
0.00342902174769956
0.00254877300258886
0.0023108659499622
0.00356521596707718
0.00393698089862978
0
0
0
0
0
0
0
0
0
0
0
0
0
0
0
0
0
0
0
0
0
0
0
0
0
0
0
0
0
0
0
0
0
0
0
0
0
0
0
0
0
0
0
0
0
0
0
0
0
0
0
0
0
0
0
0
0
0
0
0
0
0
0
0
0
0
0
0
0
0
0
0
0
0
0
0
0
0
0
0.106284918351218
0.0857276177167694
0.0371092540863917
0.0242401711067444
0.017240908667786
0.0226453432245409
0.0146804635858538
0.00745439301373118
0.0158411826916915
0.0133173546809278
0.00960018552560368
0.0100833188536102
0.01431634549514
0.0120947121374129
0.0082707630997467
0.00776260595524488
0.00606950002326854
0.00636214487951575
0.0060070471662075
0.0128020713180083
0.00864281802782496
0.00757160646915826
0.00576813431035605
-0.000291420129731654
0.00264107497338511
0.00534880758374815
0.00163092425598689
0.00552042495234991
0.00527197542814287
0.00284115048513673
0.00215265961643698
0.00413159526375334
0.00537314382981541
0.00127962438273289
0.00624396920196071
0.00682311076055832
0.00649693422179514
0.00303798585858014
0.00175736495874531
-0.000358466466489015
0.00108414477921491
0.00430112333545475
-0.000382474072936842
0.00164364782071341
0.00197410587422187
0.00298249839655845
0.00283345496084319
0.00339923247912919
0.00353052446444088
0.00300823387424897
0.00333182968376358
0.000518783770682162
-0.000882320211026809
-0.000970566779521006
0.00229252705502
0.00303834043858568
0.00376023616878433
0.00540125887379619
0.00484590774205362
0.00461571870609057
0.00393718054760451
0.00605980735425075
0.00557137247121798
0.00482935471220752
0.00189631954791518
0.00377298213232288
0.00329315326643924
0.00242751698715433
0.0021734793727171
0.00306495190419955
0
0
0
0
0
0
0
0
0
0
0
0
0
0
0
0
0
0
0
0
0
0
0
0
0
0
0
0
0
0
0
0
0
0
0
0
0
0
0
0
0
0
0
0
0
0
0
0
0
0
0
0
0
0
0
0
0
0
0
0
0
0
0
0
0
0
0
0
0
0
0
0
0
0
0
0
0
0
0
0
0.10552925040507
0.0848611238607895
0.0367636330672759
0.0240409949810322
0.0170932399790541
0.0224514185438382
0.0146042177602174
0.0074313308244114
0.0156777096405187
0.0128516442805765
0.00942788963306727
0.0101300572938221
0.014333142006184
0.012034033583343
0.0081792461813504
0.007706461524351
0.00586819280685795
0.00621320888395047
0.00564540842944331
0.0126279084843734
0.0088374255582523
0.00724561325356293
0.00552110479453012
-0.00027753295331038
0.00272312002316761
0.00534119588026561
0.00157138247534446
0.00540061270065077
0.00508576122088922
0.00277424596765717
0.00197083031489427
0.00393246410337935
0.00518783001463993
0.00115445912576774
0.00601816664283526
0.00679245222566104
0.00649151860240947
0.00317178622930299
0.00218554145470938
0.00027343198864928
0.00166400122447288
0.00448081502910402
-0.000285028380109088
0.00140923980892016
0.00188036688008824
0.00293444762331628
0.00296648256352611
0.0034267363538647
0.0034934519171191
0.00300332944711653
0.00316512275719375
0.000370676210757256
-0.00105912265697915
-0.00129752945356115
0.0017707290354182
0.00253515379659166
0.0034953199917698
0.00523092485054926
0.00484812845553491
0.00452498883062053
0.00358096939178032
0.00553233842862449
0.00509470713340973
0.00443252273248123
0.00207413906444764
0.00385096469296309
0.00328166347735325
0.00229901343974638
0.00199534192540082
0.00260503412690026
0
0
0
0
0
0
0
0
0
0
0
0
0
0
0
0
0
0
0
0
0
0
0
0
0
0
0
0
0
0
0
0
0
0
0
0
0
0
0
0
0
0
0
0
0
0
0
0
0
0
0
0
0
0
0
0
0
0
0
0
0
0
0
0
0
0
0
0
0
0
0
0
0
0
0
0
0
0
0
0
0.104657684858096
0.0839063225620461
0.0364688155646365
0.0238329915705885
0.0170489055630418
0.0223885568890208
0.0146611909104218
0.00750593030385448
0.0155619588058425
0.012372243634906
0.00931646377102598
0.0102100895161281
0.0144243156178457
0.0121273972750978
0.0083163948798804
0.00774909028618583
0.00572731464822912
0.0058676847857259
0.00516008124379043
0.0123657363863198
0.00873993695481012
0.00710827978880815
0.00538952938857952
-0.000165072325166754
0.0028959707191208
0.00540435039041903
0.00152153393472831
0.0053226607103924
0.00495737919981285
0.00273538911012199
0.00175638211266751
0.0037015758085609
0.00502738501561966
0.00107265684157833
0.00567971764667216
0.00652181326990258
0.0064461774868785
0.00317155804371622
0.00244173696686074
0.0008560071965974
0.00225044008846905
0.00477093361512315
-3.73706011916075e-05
0.00133934693969495
0.0018077564469449
0.00285452787708965
0.00311484350423703
0.00354278739636596
0.00342908018706938
0.00289531212434587
0.00306374843139631
0.000331674160763942
-0.0010426468144781
-0.00142221221575597
0.00143345935373338
0.00217587656963869
0.00330542350591216
0.00503987559161126
0.00497320738451837
0.00453253862555145
0.00323846044191576
0.00502216166127395
0.004564780415258
0.00391866040435477
0.00201241375901935
0.00376903517039553
0.00336733881595464
0.00237095413048891
0.00184651182212679
0
0
0
0
0
0
0
0
0
0
0
0
0
0
0
0
0
0
0
0
0
0
0
0
0
0
0
0
0
0
0
0
0
0
0
0
0
0
0
0
0
0
0
0
0
0
0
0
0
0
0
0
0
0
0
0
0
0
0
0
0
0
0
0
0
0
0
0
0
0
0
0
0
0
0
0
0
0
0
0
0
0.103763430248347
0.0829412808502435
0.0361428449758298
0.0235857788168737
0.0169957171676477
0.0224391549922908
0.0148391501931485
0.00771607680783655
0.0155511121534113
0.0119109757830927
0.00916905881711595
0.010304110665876
0.0144730552034047
0.012171424647706
0.00857213515735479
0.00797140368846564
0.00572981445360767
0.00569586459952284
0.00464806806039938
0.0119826392873358
0.00860361855004158
0.0068181686511284
0.00538403025845967
3.11653702605429e-05
0.00316892153158023
0.00551808766909553
0.00152636859601985
0.00524842586831791
0.00488981663589528
0.00275130738899061
0.00156868598425987
0.00348966251878299
0.00484884218792628
0.00102233881780258
0.00534223718584217
0.00625016338178525
0.00627481758502616
0.00307273511613751
0.00248493256683113
0.00131409082256878
0.00280488798839762
0.00514195636737786
0.000326342067487675
0.00141423241812073
0.00191595121210451
0.0028574010791976
0.00327244364914784
0.00368717522353973
0.00342425225679417
0.00279245912432808
0.0028565085499175
0.000354160362171528
-0.000947310969459526
-0.00141051910139814
0.00121476032977535
0.00192665292964383
0.00315978422828352
0.00479789879774217
0.00490663037777495
0.00462747261763581
0.00296780962415
0.004497360373942
0.00402779059308419
0.0033414237978802
0.00184745686277287
0.00332911834520742
0.00327070094716854
0.00249079076634174
0
0
0
0
0
0
0
0
0
0
0
0
0
0
0
0
0
0
0
0
0
0
0
0
0
0
0
0
0
0
0
0
0
0
0
0
0
0
0
0
0
0
0
0
0
0
0
0
0
0
0
0
0
0
0
0
0
0
0
0
0
0
0
0
0
0
0
0
0
0
0
0
0
0
0
0
0
0
0
0
0
0
0.102753134974273
0.0818177422716781
0.0358411981958502
0.0232836766005514
0.0167649370248977
0.0222734483236369
0.0149389511258389
0.00801141451094297
0.0155273297530816
0.0114861900855442
0.00898848257187325
0.0103678251975638
0.0145471155809873
0.0120916285832983
0.00867439654561405
0.00821453795418374
0.00586811830786465
0.00572656520709666
0.00441449669617056
0.0116326579777025
0.00830500692791765
0.00647071380253135
0.00525276316288754
0.000316704418724191
0.00352404233629429
0.00569646818284992
0.00150968248025407
0.00512174002208743
0.00475540455637351
0.00276680451354768
0.00152042079004402
0.00334608634864597
0.00477955128772698
0.00102756675568675
0.00508677064051237
0.00608343092009409
0.00620547107511201
0.00291955262712139
0.00242572505610814
0.00155671160241949
0.00325466233168966
0.00551029613132472
0.000882127416445626
0.00165717407284397
0.00213548047306821
0.00296703169544089
0.00352511605541782
0.0038612153969769
0.00343747170245891
0.00281855597710916
0.00268084310656566
0.000292914437704229
-0.0009121510458569
-0.00143044618015759
0.00103554865084289
0.00179194698159599
0.00312414426838698
0.00456459735045971
0.00473375567560517
0.00428981360223879
0.00273724566821023
0.0040310079875074
0.00349351692689894
0.00273278139127184
0.00164367116332385
0.00281169373560397
0.00273451921526979
0
0
0
0
0
0
0
0
0
0
0
0
0
0
0
0
0
0
0
0
0
0
0
0
0
0
0
0
0
0
0
0
0
0
0
0
0
0
0
0
0
0
0
0
0
0
0
0
0
0
0
0
0
0
0
0
0
0
0
0
0
0
0
0
0
0
0
0
0
0
0
0
0
0
0
0
0
0
0
0
0
0
0
0.101621382292716
0.0808088342043265
0.0356529768178435
0.0230235366376299
0.0164647956996048
0.0216554365038796
0.0150675040622599
0.00846402883246801
0.0156228826123694
0.0110499140515257
0.0085973393203115
0.0102115934444723
0.0145555472419656
0.0119626365372776
0.00870278281615785
0.0084607970220756
0.00616788293804886
0.00588339085220995
0.00425540834123799
0.0113292705807658
0.00801010281075453
0.00606934490155079
0.00506733053236141
0.000482611629950196
0.00360771646891064
0.00575769287154502
0.00166793621543666
0.00505561053045573
0.00472155844113069
0.0028170803252748
0.00161387143915906
0.00332323705280387
0.00475933765799211
0.00113886373134642
0.0048168501396965
0.00596530208845208
0.00613257327872002
0.00286415800081052
0.00238031663498917
0.0015295546452241
0.00335763265021976
0.00579237069618928
0.00143408841227265
0.00196501693994061
0.00238755789507418
0.00307643070932653
0.00364054569437831
0.00395987563391825
0.00349981706373851
0.00288740092960033
0.00265364188679193
0.000193565007646141
-0.000967988655760328
-0.00132096761203277
0.000947008405889368
0.00150332228273866
0.00278135996411126
0.00402758474885814
0.00426065990912177
0.00400265280533619
0.00263513513968751
0.00362607621359737
0.00294393226431919
0.00222737090004494
0.00145620881332204
0.00219917073320379
0
0
0
0
0
0
0
0
0
0
0
0
0
0
0
0
0
0
0
0
0
0
0
0
0
0
0
0
0
0
0
0
0
0
0
0
0
0
0
0
0
0
0
0
0
0
0
0
0
0
0
0
0
0
0
0
0
0
0
0
0
0
0
0
0
0
0
0
0
0
0
0
0
0
0
0
0
0
0
0
0
0
0
0
0.100590430421284
0.0796678995838699
0.0352353157521687
0.0227171188934341
0.0162083696510584
0.0209821209624818
0.0148695491458662
0.00875620898119367
0.0156684467249412
0.0107051838657696
0.00814776658375549
0.00990686891414489
0.0144301431935201
0.0117698245709692
0.00869096368509517
0.00857766898388367
0.00641048370370117
0.00606582184742662
0.00421863480562206
0.0110841584029265
0.00780215710377434
0.00575159457239717
0.00487560717499957
0.000590257919061005
0.00361600122366128
0.00576057548222873
0.00182263756073995
0.00516533606235753
0.00468217031466072
0.00287937748294442
0.00164325861029596
0.00338061343412997
0.00485359600249944
0.00129616986402251
0.00472307639659941
0.00598029789038449
0.00627686115946329
0.00286431074087465
0.00243409404729806
0.00152395721063693
0.00331350975215203
0.00582985282370869
0.00196312156631709
0.00234487245592949
0.00281493505985517
0.00332671268036748
0.00381519919469893
0.00392047845430809
0.00349559209136044
0.0029947578587468
0.0026779497838845
0.000138120045325012
-0.00103746769575152
-0.00133080726692236
0.000756829184007327
0.00134428078007962
0.00236342746625825
0.00340483622884402
0.00367787921928127
0.00356269191816549
0.00250597091915216
0.00314936682894078
0.00261871391551253
0.00180721891843747
0
0
0
0
0
0
0
0
0
0
0
0
0
0
0
0
0
0
0
0
0
0
0
0
0
0
0
0
0
0
0
0
0
0
0
0
0
0
0
0
0
0
0
0
0
0
0
0
0
0
0
0
0
0
0
0
0
0
0
0
0
0
0
0
0
0
0
0
0
0
0
0
0
0
0
0
0
0
0
0
0
0
0
0
0
0
0.099663976313405
0.0787746764207794
0.0349032425789474
0.0223774528101466
0.0159600134276379
0.0203259642940306
0.0146437822501663
0.00888812724280384
0.0157321469394073
0.0104792409339102
0.00787871119832357
0.00981759526821424
0.0143380653086314
0.011617194270421
0.00864151436693157
0.00871868349931608
0.00656425512895433
0.00620336830975807
0.00427501067014614
0.011052086522047
0.00768904446858535
0.0055486615022421
0.00471498615685222
0.000744254744584058
0.00367638440973048
0.00574565955721846
0.00204384242729198
0.00528250808516078
0.00479973500556486
0.00302342048631271
0.00182351685887936
0.00344831301240856
0.00501252811431709
0.00140994926773681
0.00454541338053747
0.00600763653855415
0.00655720542587007
0.00308224031874749
0.00235726076737996
0.00151971749117819
0.00325008535240709
0.00564296338624425
0.00225238294253318
0.00264999941435841
0.00311996155998992
0.00368833203483481
0.00407821761907459
0.00395049415794199
0.00347835067594914
0.00300555386609842
0.00261459069920887
0.000132073533964517
-0.00100045564360176
-0.00135971661595871
0.000536037901523941
0.0011352822188657
0.00196708349493687
0.00272648672206018
0.00301257718197204
0.00307819025976819
0.00231403467601205
0.00265599595999385
0
0
0
0
0
0
0
0
0
0
0
0
0
0
0
0
0
0
0
0
0
0
0
0
0
0
0
0
0
0
0
0
0
0
0
0
0
0
0
0
0
0
0
0
0
0
0
0
0
0
0
0
0
0
0
0
0
0
0
0
0
0
0
0
0
0
0
0
0
0
0
0
0
0
0
0
0
0
0
0
0
0
0
0
0
0
0
0
0.0988353403740743
0.0779771418141557
0.0346957629634703
0.0221053051762778
0.0157683337343357
0.0196720927898012
0.0143851952259744
0.00897383321963861
0.0157122132958279
0.0103163814341004
0.00773075347863185
0.00983405718395429
0.0143360511155214
0.0114623410908431
0.00856455961627817
0.00882243557615932
0.00671494140724732
0.00630089378267204
0.00439000081798841
0.0110878958627004
0.00764127996059661
0.00534344039157308
0.00460501835646655
0.000838416501542606
0.00371015434912095
0.00567682144762806
0.00212036437433664
0.00540711393826326
0.00494483138151962
0.00328918976212649
0.0020517822620496
0.00360141876695286
0.00511765049241252
0.00152240149117453
0.00426377747265284
0.00589803066580132
0.00678708113503694
0.00331882664256669
0.00237905401895305
0.00151786101534838
0.00316240996592715
0.00538236579321531
0.00236590645610945
0.00272102511953467
0.003309280394208
0.00395499634658641
0.00447686902923431
0.00424531639244834
0.00359417476018058
0.00306497597407884
0.00258157080457636
0.000103876812571627
-0.000908142508159779
-0.00122626748938518
0.000254922813542947
0.00084942428748915
0.00159951693341203
0.00208314505392178
0.00229588287521472
0.00247564951500133
0.00208079741200858
0.00211931193015211
0
0
0
0
0
0
0
0
0
0
0
0
0
0
0
0
0
0
0
0
0
0
0
0
0
0
0
0
0
0
0
0
0
0
0
0
0
0
0
0
0
0
0
0
0
0
0
0
0
0
0
0
0
0
0
0
0
0
0
0
0
0
0
0
0
0
0
0
0
0
0
0
0
0
0
0
0
0
0
0
0
0
0
0
0
0
0
0
0.0980178831586898
0.077224583373351
0.0345148760702858
0.0218935751579925
0.0156460671095289
0.019151752271733
0.0141615736073422
0.00903259947018037
0.0156408663730963
0.010088982557455
0.0076454069096273
0.0099551936787182
0.0143921609128773
0.0113177493885128
0.00845940428981524
0.00884903293460803
0.00685111115826696
0.00637524934142186
0.00440696652862531
0.0111416530605552
0.00766972184570731
0.00517090974890392
0.00449887348727822
0.00100311229106586
0.0036886762783897
0.00557030809580196
0.00218292566865068
0.00543614628328254
0.00509644343210407
0.00358043860642646
0.00238266774841184
0.0037872662914008
0.0052802692762311
0.00151610429212257
0.00396015961883387
0.00568039237199408
0.00685107021940796
0.00349334534092945
0.00236276810912513
0.00150872418000142
0.00310698777939766
0.00513046193316044
0.0024587235571009
0.0026736988822679
0.00331157215298929
0.00410893239081816
0.00476977071355525
0.00462230487460843
0.0038635232292032
0.00324668704442411
0.00262306567163977
0.000195576954375479
-0.000792692575658336
-0.00106761409073896
5.53197184006637e-05
0.000501908293918602
0.00114249522319377
0.00150403490476743
0
0
0
0
0
0
0
0
0
0
0
0
0
0
0
0
0
0
0
0
0
0
0
0
0
0
0
0
0
0
0
0
0
0
0
0
0
0
0
0
0
0
0
0
0
0
0
0
0
0
0
0
0
0
0
0
0
0
0
0
0
0
0
0
0
0
0
0
0
0
0
0
0
0
0
0
0
0
0
0
0
0
0
0
0
0
0
0
0
0
0
0
0.097233270302663
0.0764126519689784
0.034304298523547
0.0216174651713632
0.015506879610052
0.0187276187239303
0.0141046630903913
0.0091327322635262
0.0155596830524057
0.00980819450176146
0.00748404356990048
0.0101111478134708
0.0145551124250997
0.011267591126214
0.00838889134923623
0.00886083107365529
0.00690623412235422
0.00646844975269483
0.00438939987935507
0.0110367659155733
0.0076999348131535
0.00511615695853915
0.00451486161540292
0.00123775015751984
0.00381449615211249
0.00544358384552863
0.00212820294020435
0.0054774144707078
0.00515030889289979
0.00383206046045685
0.00269799621043071
0.00407722456471528
0.00544713336607276
0.00154155865346257
0.00350295306277044
0.0054013287299465
0.00678715066084815
0.0034629374694714
0.00230609573787968
0.0013666325515088
0.00291094388665336
0.0048911541077897
0.00256769133996074
0.00266426907721996
0.0031897767672876
0.00404731553949302
0.00488153730720347
0.0048809873570993
0.00405489945758652
0.00344075575237061
0.00276450527099304
0.000368028392434869
-0.000567719132615163
-0.000849353783369636
-0.000140508012839067
0.00020528133633069
0
0
0
0
0
0
0
0
0
0
0
0
0
0
0
0
0
0
0
0
0
0
0
0
0
0
0
0
0
0
0
0
0
0
0
0
0
0
0
0
0
0
0
0
0
0
0
0
0
0
0
0
0
0
0
0
0
0
0
0
0
0
0
0
0
0
0
0
0
0
0
0
0
0
0
0
0
0
0
0
0
0
0
0
0
0
0
0
0
0
0
0
0
0
0.0967114806297836
0.0755962295807417
0.0339677690502166
0.0212629497624375
0.0152696092224228
0.0182561846298157
0.0140973891008714
0.00929107043190198
0.0155032000882837
0.00948334755655086
0.00727926054137253
0.0101430547800038
0.0146951264032339
0.0112546099912905
0.00836540782233626
0.00889191525832984
0.00698249147761214
0.00651434062196291
0.00439323680610121
0.0109023386789402
0.00765596181462887
0.00504419874323991
0.00455792332916081
0.00148541060975631
0.00398364620244849
0.0054514956400685
0.002041575459194
0.00525199347944961
0.00511071635475307
0.00384804630803177
0.00286560808765369
0.00430785075991023
0.00581192190903595
0.00154296943114255
0.00313110239706984
0.0051291655538839
0.0067323846691255
0.00343435593276073
0.00228668862205701
0.00142337107544054
0.00254828927720492
0.00452368582571756
0.00264449021307836
0.0026707533771957
0.00303457041426227
0.00376316696538111
0.00469171970674713
0.00493226826759211
0.00415707113616913
0.00341720356823499
0.00287389371282355
0.000693515498654563
-0.000304882175753136
-0.000553108324572985
-0.00024363183415143
0
0
0
0
0
0
0
0
0
0
0
0
0
0
0
0
0
0
0
0
0
0
0
0
0
0
0
0
0
0
0
0
0
0
0
0
0
0
0
0
0
0
0
0
0
0
0
0
0
0
0
0
0
0
0
0
0
0
0
0
0
0
0
0
0
0
0
0
0
0
0
0
0
0
0
0
0
0
0
0
0
0
0
0
0
0
0
0
0
0
0
0
0
0
0
0.0962762242845846
0.0750654381665458
0.03369101507554
0.0208776325905553
0.0150392022481021
0.017789164160535
0.0140883254355238
0.00942991147621234
0.0154763725495499
0.0091946864990774
0.00700771797578167
0.0100793742447342
0.0145776649608092
0.0111997914124756
0.00841314803491279
0.00900897549690795
0.00708249518441371
0.00650916349400899
0.00428041698243187
0.0107578811197317
0.00752187407120204
0.00479634539955143
0.0045578822026007
0.00179693521225214
0.00422004137455162
0.00552493085582598
0.00212404055665235
0.00509697296343616
0.00492619766624395
0.00381428563792913
0.00284517678916045
0.00442034362193298
0.00612595012492245
0.0017497725082812
0.00287193437040146
0.00499334505823858
0.00667564205264015
0.0034432284290781
0.00238189784374348
0.00145537993711532
0.00235195973600218
0.00404959359910939
0.00263004476618748
0.00262342860443437
0.00288647447113417
0.00350773393664999
0.0042678853740651
0.00464891457751825
0.00407161411392226
0.00340899501224923
0.00292730979048263
0.00106128976950693
0
0
0
0
0
0
0
0
0
0
0
0
0
0
0
0
0
0
0
0
0
0
0
0
0
0
0
0
0
0
0
0
0
0
0
0
0
0
0
0
0
0
0
0
0
0
0
0
0
0
0
0
0
0
0
0
0
0
0
0
0
0
0
0
0
0
0
0
0
0
0
0
0
0
0
0
0
0
0
0
0
0
0
0
0
0
0
0
0
0
0
0
0
0
0
0
0
0
0.0959134791745235
0.0746160485526934
0.0336175491440523
0.0205432468519978
0.0147986684515117
0.0173325260192658
0.0140762784896349
0.00958392236305208
0.0154855914014708
0.00896848127645232
0.00677486240646558
0.00997670643337796
0.0143968358645255
0.0110402095279064
0.00844971877202373
0.00918013101953788
0.00725586684922134
0.00655059430712435
0.00417134093694474
0.0105569949420277
0.00741177061224701
0.00449619857778592
0.0044254460299985
0.00209292453399911
0.00448906093601994
0.00564556770143216
0.00224186084638824
0.00507395629256655
0.00475911710388864
0.00366654746408938
0.00278479238089783
0.00437930038645754
0.00638558057583946
0.00194775678206782
0.00276655975004516
0.00492513563690473
0.00671109833554904
0.0034174524153951
0.00246933994111535
0.00149997725737076
0.00203874163794146
0.0036244816379961
0.00256395121081233
0.00252098675847602
0.00264838507400464
0.00320969515706841
0.00384757286341336
0.00417921978176177
0.00376428993067492
0.00325112190984588
0.00294192812024527
0
0
0
0
0
0
0
0
0
0
0
0
0
0
0
0
0
0
0
0
0
0
0
0
0
0
0
0
0
0
0
0
0
0
0
0
0
0
0
0
0
0
0
0
0
0
0
0
0
0
0
0
0
0
0
0
0
0
0
0
0
0
0
0
0
0
0
0
0
0
0
0
0
0
0
0
0
0
0
0
0
0
0
0
0
0
0
0
0
0
0
0
0
0
0
0
0
0
0
0.0956099663886151
0.0744172786640293
0.0335403708182027
0.0201295065708998
0.0146453696337762
0.0169343729509509
0.0141037589319123
0.00976233737347346
0.0155410436155529
0.00889481968117885
0.00661233898768617
0.00977409378581624
0.0140928871339546
0.0107848828985382
0.00830488834469435
0.00925776702632208
0.00748898299687207
0.00668088343450179
0.00412754698394129
0.0104588692129794
0.00724795265301243
0.0042400196236043
0.00425581638890362
0.00217916271354106
0.00462361312999279
0.00580117890927855
0.00241838082356153
0.0051024475917214
0.00475285089628966
0.00345197892245934
0.00247978967206493
0.00423367115157534
0.00640442554793173
0.00222985794941235
0.00271782292914846
0.00484972632833552
0.00666720001100035
0.0033185562189463
0.00242383234917507
0.00156693901727247
0.00193765895999308
0.00310925900834725
0.00229111992362916
0.00229314992112961
0.00237172195359409
0.00287681256596275
0.00340134934560739
0.00364467516178122
0.00329406463372043
0.00285108592786987
0.00278172480952954
0
0
0
0
0
0
0
0
0
0
0
0
0
0
0
0
0
0
0
0
0
0
0
0
0
0
0
0
0
0
0
0
0
0
0
0
0
0
0
0
0
0
0
0
0
0
0
0
0
0
0
0
0
0
0
0
0
0
0
0
0
0
0
0
0
0
0
0
0
0
0
0
0
0
0
0
0
0
0
0
0
0
0
0
0
0
0
0
0
0
0
0
0
0
0
0
0
0
0
0.0953941331865364
0.0743155486186468
0.0336503818256223
0.0198392202212912
0.0146245266389082
0.0166196725438553
0.0141829739219168
0.01000796056452
0.0156746001279577
0.0088932244484518
0.0065221439803439
0.00957093489278154
0.0136847122204702
0.0104119833562283
0.00807473146099091
0.00917276378170515
0.00764358253320378
0.00684533000607835
0.00415117367096383
0.0103667655441711
0.00712207380758173
0.00390701294421953
0.00405231474767084
0.0021950170482537
0.00460136272680767
0.00585156105523925
0.00264043755505232
0.0051771486082092
0.00481826532437849
0.00340000942077827
0.00220772227655165
0.00389045682604023
0.00628016497749851
0.00227738176020491
0.00272080592580262
0.00479934569312481
0.00673189895021895
0.00330803575540542
0.00246306717294801
0.00163088998943524
0.0018803343448734
0.00269913174232872
0.00196069635127484
0.00197257137609881
0.00190104465916484
0.00245551286582638
0.00286912594971436
0.00305100421409414
0.00271036499671075
0
0
0
0
0
0
0
0
0
0
0
0
0
0
0
0
0
0
0
0
0
0
0
0
0
0
0
0
0
0
0
0
0
0
0
0
0
0
0
0
0
0
0
0
0
0
0
0
0
0
0
0
0
0
0
0
0
0
0
0
0
0
0
0
0
0
0
0
0
0
0
0
0
0
0
0
0
0
0
0
0
0
0
0
0
0
0
0
0
0
0
0
0
0
0
0
0
0
0
0
0
0.09559735351991
0.0742579471040897
0.0338546175800989
0.0197475791082816
0.0146528498638338
0.0165557451030834
0.0143216960782343
0.0101765506982494
0.0157575536163397
0.00881572603826696
0.00639682899601047
0.00938299789563259
0.0133099577567527
0.0100490100673158
0.00788465268273102
0.00906454954743809
0.0075429965875264
0.00694949644983727
0.00423003977328574
0.0103369482630878
0.00704422587359282
0.00357753798283576
0.00373518996824595
0.00228978602912914
0.00447776174928771
0.00564134937429947
0.00269893514578756
0.00527855601531472
0.00492010237320805
0.00346940395364531
0.00223122621872644
0.0038220482678113
0.00597961880818375
0.00234424843603322
0.00271709172855475
0.00462987954675898
0.00669871366395733
0.00347850263076255
0.00258888616465958
0.00178818740205397
0.00177207417385807
0.00226264476766129
0.0017080904933477
0.00160213921847706
0.00153372412233234
0.00177672792981068
0.00206945434603449
0.00229677606760958
0
0
0
0
0
0
0
0
0
0
0
0
0
0
0
0
0
0
0
0
0
0
0
0
0
0
0
0
0
0
0
0
0
0
0
0
0
0
0
0
0
0
0
0
0
0
0
0
0
0
0
0
0
0
0
0
0
0
0
0
0
0
0
0
0
0
0
0
0
0
0
0
0
0
0
0
0
0
0
0
0
0
0
0
0
0
0
0
0
0
0
0
0
0
0
0
0
0
0
0
0
0
0.0956965931439411
0.0743452251572634
0.0340013815942766
0.0196523697238704
0.0147855228065841
0.0164370746529809
0.0144682916466907
0.0103736994365732
0.0157921453620501
0.0086996797836369
0.00622655054593621
0.00919096468055468
0.0130111328593556
0.00977557126391391
0.0077498178996414
0.00904451725744668
0.00744945138684168
0.00687935577164004
0.00429011247887072
0.0103838342565583
0.00702275550678398
0.00328115655144433
0.00341665445684479
0.00228830558005573
0.00441689677563289
0.00537030040805565
0.00259761200890961
0.00530687872433913
0.00504648052550813
0.00357089470715266
0.00231384114805388
0.00391056197516536
0.00581078722490904
0.00232199281015043
0.00278416237641057
0.00452018362326606
0.00659473459676467
0.00362946443049016
0.00278238511831009
0.00186243022569083
0.00160338636395824
0.00171738578415904
0
0
0
0
0
0
0
0
0
0
0
0
0
0
0
0
0
0
0
0
0
0
0
0
0
0
0
0
0
0
0
0
0
0
0
0
0
0
0
0
0
0
0
0
0
0
0
0
0
0
0
0
0
0
0
0
0
0
0
0
0
0
0
0
0
0
0
0
0
0
0
0
0
0
0
0
0
0
0
0
0
0
0
0
0
0
0
0
0
0
0
0
0
0
0
0
0
0
0
0
0
0
0
0
0
0
0
0
0.0958414954993715
0.0743883026426568
0.0342474377079989
0.0195625136286717
0.0149822363963903
0.0165006009235401
0.0145994553896473
0.0105822459510652
0.0158687670524758
0.00852563470624727
0.00601173569117382
0.00894491101684027
0.0126798739563181
0.00957614420347308
0.00769488507878929
0.00905661460249642
0.00739468736069154
0.00680470628246501
0.00420559668589469
0.0103998279309396
0.00710035990586827
0.00311546393611067
0.00323394491785662
0.00233944638912666
0.00432977366502198
0.00519796413126662
0.00245770414259997
0.00518671652822444
0.00509835268959742
0.00371563352431783
0.00253585422238517
0.00405645595554332
0.00577379817838743
0.00240211927377477
0.00270347364575592
0.00442337546098102
0.00643067222681669
0
0
0
0
0
0
0
0
0
0
0
0
0
0
0
0
0
0
0
0
0
0
0
0
0
0
0
0
0
0
0
0
0
0
0
0
0
0
0
0
0
0
0
0
0
0
0
0
0
0
0
0
0
0
0
0
0
0
0
0
0
0
0
0
0
0
0
0
0
0
0
0
0
0
0
0
0
0
0
0
0
0
0
0
0
0
0
0
0
0
0
0
0
0
0
0
0
0
0
0
0
0
0
0
0
0
0
0
0
0
0
0
0
0.0959476944309513
0.0745093275713594
0.0344692857015076
0.0196606126577371
0.015160147454941
0.0165602911477309
0.0147221806030284
0.0106923223722265
0.0159861798676423
0.0083763715634729
0.00576521231409253
0.0086908406423213
0.0123562925023577
0.0094076838666262
0.00764143134286237
0.00910124828723735
0.00735478635733672
0.0068491652711596
0.00412013024863267
0.0100383337475416
0.00713471832277374
0.00304688593957222
0.00313061177477068
0.00239513144452298
0.00409704615111652
0.00486831015083911
0.00232819401179675
0.00497990333919123
0.00500496486225754
0.00382750857173656
0.00281918736236112
0.00431159756488244
0.00584564224660454
0.00259941426207882
0.00281095530097479
0.00426732598215361
0
0
0
0
0
0
0
0
0
0
0
0
0
0
0
0
0
0
0
0
0
0
0
0
0
0
0
0
0
0
0
0
0
0
0
0
0
0
0
0
0
0
0
0
0
0
0
0
0
0
0
0
0
0
0
0
0
0
0
0
0
0
0
0
0
0
0
0
0
0
0
0
0
0
0
0
0
0
0
0
0
0
0
0
0
0
0
0
0
0
0
0
0
0
0
0
0
0
0
0
0
0
0
0
0
0
0
0
0
0
0
0
0
0
0.0960809354785897
0.0746628124667077
0.0347639418791704
0.019822140615839
0.0155283957992945
0.01663718635336
0.0148559911506961
0.0108465095906057
0.0160804755094047
0.00825535356184814
0.00554036706307083
0.00842612951929683
0.0120389483496773
0.00925704667655016
0.00762733765284833
0.00918723905013828
0.00738136196936236
0.00691474870245283
0.00410753249403168
0.00968914808860157
0.00699296402103144
0.00298913156668315
0.00311867203058091
0.00251392780846759
0.00390571527760852
0.00450338913648571
0.00211894305296443
0.00479213401025217
0.00485308104414321
0.00383450703414634
0.00304965565299875
0.00460609310170653
0.00597427405381641
0.00285070640683285
0.00302260593686781
0
0
0
0
0
0
0
0
0
0
0
0
0
0
0
0
0
0
0
0
0
0
0
0
0
0
0
0
0
0
0
0
0
0
0
0
0
0
0
0
0
0
0
0
0
0
0
0
0
0
0
0
0
0
0
0
0
0
0
0
0
0
0
0
0
0
0
0
0
0
0
0
0
0
0
0
0
0
0
0
0
0
0
0
0
0
0
0
0
0
0
0
0
0
0
0
0
0
0
0
0
0
0
0
0
0
0
0
0
0
0
0
0
0
0
0.0962615036367131
0.0748481285504993
0.0350936459125523
0.0200370077415237
0.0159697051678102
0.0168736552487443
0.0150281944557148
0.0110260038102047
0.0162582243271522
0.00813764801229297
0.0053676367901195
0.00818779219096977
0.0117266178076218
0.00911377647487317
0.00764855954767525
0.0093076914605371
0.00745117504671716
0.00704791321521056
0.00411680657067343
0.00937380050339744
0.00684521435716552
0.00280956415050101
0.00311959746037946
0.00268446445401028
0.00375456057500801
0.00415288196183958
0.00188167509042539
0.00452067083017902
0.00472964125052182
0.00380969222281809
0.00318015848900479
0.00483499044024834
0.00613537263399987
0.00311102169026639
0.00323844810631452
0
0
0
0
0
0
0
0
0
0
0
0
0
0
0
0
0
0
0
0
0
0
0
0
0
0
0
0
0
0
0
0
0
0
0
0
0
0
0
0
0
0
0
0
0
0
0
0
0
0
0
0
0
0
0
0
0
0
0
0
0
0
0
0
0
0
0
0
0
0
0
0
0
0
0
0
0
0
0
0
0
0
0
0
0
0
0
0
0
0
0
0
0
0
0
0
0
0
0
0
0
0
0
0
0
0
0
0
0
0
0
0
0
0
0
0.0965116124710589
0.075093554410951
0.0354510451918584
0.020262528821625
0.0164067999622892
0.0171349356011996
0.0152939425674131
0.0112536876908984
0.0164807566542398
0.00810126840805654
0.00520630283763443
0.00803583637796544
0.0114371366566145
0.00896690556091355
0.00766824697669565
0.00945691171993289
0.00757546366708339
0.00726046529651047
0.00425770562374659
0.00910305017991801
0.00670541011233275
0.00261067751137155
0.00301056054983353
0.00290285628643748
0.00368003431313254
0.00384574253820164
0.00168906082770867
0.00423196871203078
0.00453390311863626
0.00379160705303932
0.00327369557432131
0.0049846108859064
0.00627311451842326
0.00344884077417121
0.00349529803649288
0
0
0
0
0
0
0
0
0
0
0
0
0
0
0
0
0
0
0
0
0
0
0
0
0
0
0
0
0
0
0
0
0
0
0
0
0
0
0
0
0
0
0
0
0
0
0
0
0
0
0
0
0
0
0
0
0
0
0
0
0
0
0
0
0
0
0
0
0
0
0
0
0
0
0
0
0
0
0
0
0
0
0
0
0
0
0
0
0
0
0
0
0
0
0
0
0
0
0
0
0
0
0
0
0
0
0
0
0
0
0
0
0
0
0
0.0968400541384026
0.0754491191725757
0.0358966034267348
0.020519688646619
0.0168252912989112
0.0173090841998105
0.0154662753706335
0.0114074706723975
0.0167719692539065
0.00814503004785242
0.00514593084348145
0.00788290490137659
0.0112260477400516
0.00884206620963207
0.0076982324226649
0.00961664275930244
0.0077336749670465
0.00749446676698971
0.00452834749203498
0.00914189128797277
0.006666071588494
0.0023647228212062
0.00285202142138512
0.00303597427919503
0.003733425201939
0.00367574660776259
0.00153472544442295
0.00396043289636643
0.004289199941344
0.00365079833061935
0.00333165266805095
0.00505344213852179
0.00632649844070969
0.00374728578915704
0.00384091683608115
0
0
0
0
0
0
0
0
0
0
0
0
0
0
0
0
0
0
0
0
0
0
0
0
0
0
0
0
0
0
0
0
0
0
0
0
0
0
0
0
0
0
0
0
0
0
0
0
0
0
0
0
0
0
0
0
0
0
0
0
0
0
0
0
0
0
0
0
0
0
0
0
0
0
0
0
0
0
0
0
0
0
0
0
0
0
0
0
0
0
0
0
0
0
0
0
0
0
0
0
0
0
0
0
0
0
0
0
0
0
0
0
0
0
0
0.0971539641669479
0.0758890565328642
0.0364407604544228
0.0208530919791735
0.0172612039280461
0.0174286937783402
0.0155319292782577
0.0114621270522318
0.0169415732784584
0.00826213340294699
0.00516636448013235
0.0078629636086268
0.0110391135172483
0.00883099642571779
0.00777040469402717
0.00980595622533548
0.00791683322251179
0.00775676593551545
0.00478188133578639
0.00925885181714389
0.00689533823767411
0.00222719960861728
0.00260902497888669
0.00309366073066876
0.00374458928984064
0.00362635458272344
0.00150120844181657
0.00372823206691116
0.00406295713121361
0.003471709846299
0.00328024312276941
0.00509998807017546
0.00630376446762439
0.00395631486858829
0.00415483890462327
0
0
0
0
0
0
0
0
0
0
0
0
0
0
0
0
0
0
0
0
0
0
0
0
0
0
0
0
0
0
0
0
0
0
0
0
0
0
0
0
0
0
0
0
0
0
0
0
0
0
0
0
0
0
0
0
0
0
0
0
0
0
0
0
0
0
0
0
0
0
0
0
0
0
0
0
0
0
0
0
0
0
0
0
0
0
0
0
0
0
0
0
0
0
0
0
0
0
0
0
0
0
0
0
0
0
0
0
0
0
0
0
0
0
0
0.0974650695440629
0.0763982932889161
0.0371223820060613
0.0212199221715839
0.0177469599592072
0.0175669554660122
0.0156429009903986
0.0115879277411755
0.017183993318799
0.00851974826539073
0.00523148412767441
0.0078777543661537
0.0109389884157719
0.00879256600820189
0.00793439967367885
0.0100286363771512
0.00809694859608867
0.00804044561744175
0.00504645944033985
0.00932422501152378
0.00713602998233802
0.00229050788650784
0.00246299654031317
0.00316001160372765
0.00372981817414157
0.00347418933396316
0.00156811728974007
0.00360428488186671
0.00386345959419707
0.00325063927316503
0.00312290185676942
0.00496467277034926
0.00625831770182106
0.0040114077742996
0.00427424078345925
0
0
0
0
0
0
0
0
0
0
0
0
0
0
0
0
0
0
0
0
0
0
0
0
0
0
0
0
0
0
0
0
0
0
0
0
0
0
0
0
0
0
0
0
0
0
0
0
0
0
0
0
0
0
0
0
0
0
0
0
0
0
0
0
0
0
0
0
0
0
0
0
0
0
0
0
0
0
0
0
0
0
0
0
0
0
0
0
0
0
0
0
0
0
0
0
0
0
0
0
0
0
0
0
0
0
0
0
0
0
0
0
0
0
0
0.097748054671215
0.0768708256505787
0.0378721600698059
0.0216702344905051
0.0182923457707203
0.0177479231887156
0.0157750693805429
0.0117500370503841
0.0173970331920728
0.008688235870726
0.00529604831371444
0.007910805067696
0.0108913573113565
0.00874946496650753
0.00801599167875623
0.0102933215495152
0.00826119785082596
0.00824046660445361
0.00526007517261466
0.00930981054697071
0.00729502603897848
0.00239789309656307
0.00248498746053454
0.00325920553845324
0.00371531262905578
0.00332287978800193
0.00158170232082306
0.00353411232939876
0.00371494754802348
0.00304735564151476
0.00294422635777064
0.00478405619504033
0.00611330153419697
0.00403592539829773
0.00431549507667372
0
0
0
0
0
0
0
0
0
0
0
0
0
0
0
0
0
0
0
0
0
0
0
0
0
0
0
0
0
0
0
0
0
0
0
0
0
0
0
0
0
0
0
0
0
0
0
0
0
0
0
0
0
0
0
0
0
0
0
0
0
0
0
0
0
0
0
0
0
0
0
0
0
0
0
0
0
0
0
0
0
0
0
0
0
0
0
0
0
0
0
0
0
0
0
0
0
0
0
0
0
0
0
0
0
0
0
0
0
0
0
0
0
0
0
0.0981813222216334
0.0775167996934482
0.0386472127369904
0.0222322056437533
0.0189310405219032
0.0179904749093276
0.015920553324579
0.0119262831227494
0.0176153057821323
0.00877781146797572
0.00522164397396363
0.00787641525990508
0.0108346741321501
0.00873107938797999
0.00809071342709059
0.0105032970916892
0.00842568272150653
0.00843761255766216
0.00539883514119384
0.00928273075957072
0.00738234095341745
0.00243703783325531
0.00255203214213483
0.00347628328131321
0.00369124756069416
0.00311854839884548
0.00157256271504823
0.00341890778206165
0.00362980528783221
0.00293289772902936
0.00280212820516345
0.00465548733692947
0.00599041528887348
0.00402185678537782
0.00433171605934153
0.00469689797861156
0
0
0
0
0
0
0
0
0
0
0
0
0
0
0
0
0
0
0
0
0
0
0
0
0
0
0
0
0
0
0
0
0
0
0
0
0
0
0
0
0
0
0
0
0
0
0
0
0
0
0
0
0
0
0
0
0
0
0
0
0
0
0
0
0
0
0
0
0
0
0
0
0
0
0
0
0
0
0
0
0
0
0
0
0
0
0
0
0
0
0
0
0
0
0
0
0
0
0
0
0
0
0
0
0
0
0
0
0
0
0
0
0
0
0.0984225453034036
0.0781703780287473
0.0394664221841502
0.0228301689377726
0.0196663002303708
0.0183407948855398
0.01612032891529
0.0121233497003166
0.017825915458162
0.00885371270001662
0.00513930201758049
0.00781459925462204
0.01081335546976
0.00874102699674
0.0081763812857743
0.0107163828332037
0.00854762315641919
0.00866830859811919
0.00555486695403265
0.00928000818984323
0.00751913311843143
0.00252281198509452
0.00262891836762418
0.00368557364202671
0.00379439800384329
0.00294620859605185
0.00153208506384017
0.00326440257852447
0.00338347034666425
0.00287720918764933
0.00273451082929141
0.00453308250445023
0.00581065090337252
0.00389286034208529
0.0042002815973833
0.00456256439501497
0
0
0
0
0
0
0
0
0
0
0
0
0
0
0
0
0
0
0
0
0
0
0
0
0
0
0
0
0
0
0
0
0
0
0
0
0
0
0
0
0
0
0
0
0
0
0
0
0
0
0
0
0
0
0
0
0
0
0
0
0
0
0
0
0
0
0
0
0
0
0
0
0
0
0
0
0
0
0
0
0
0
0
0
0
0
0
0
0
0
0
0
0
0
0
0
0
0
0
0
0
0
0
0
0
0
0
0
0
0
0
0
0
0
0.0987083800364046
0.0786946507455933
0.040282431503452
0.0235424250043803
0.0204645613533059
0.0188105063789718
0.0164917225831014
0.0123628570022789
0.0180600171396365
0.00891251235835473
0.00502055223245083
0.00776292377685221
0.0107726874847552
0.0088097955972043
0.00824508284259302
0.0109167644927805
0.00869279890753772
0.00885759730030784
0.00575805748022979
0.00930565577204603
0.00768615800173702
0.00266742622000346
0.00277280644050929
0.00391198216506375
0.00393955277678228
0.00297938352600773
0.00156682572212525
0.00309213090196728
0.00308019414182171
0.00258190609223188
0.00274919892299623
0.00452781474436131
0.00565245759008479
0.00372232527530056
0.00393414074263764
0.00425366624326742
0.00529562170857868
0
0
0
0
0
0
0
0
0
0
0
0
0
0
0
0
0
0
0
0
0
0
0
0
0
0
0
0
0
0
0
0
0
0
0
0
0
0
0
0
0
0
0
0
0
0
0
0
0
0
0
0
0
0
0
0
0
0
0
0
0
0
0
0
0
0
0
0
0
0
0
0
0
0
0
0
0
0
0
0
0
0
0
0
0
0
0
0
0
0
0
0
0
0
0
0
0
0
0
0
0
0
0
0
0
0
0
0
0
0
0
0
0
0.0991543514738077
0.0792142615717052
0.0408742841558405
0.0242119707865602
0.0213377348604827
0.0193038363468151
0.016953562432122
0.0127616501764541
0.0183635734888411
0.00903565899430578
0.00486500639907544
0.00761805388984727
0.0106926628237522
0.00880236000158716
0.00832384212627021
0.0110892122403547
0.00878166592150825
0.00901326530233717
0.00584166501160424
0.00945977366185612
0.0078590567133122
0.00282622924481087
0.0029506357520019
0.00418371770183421
0.00406948160514343
0.00295124858509903
0.00167210543169357
0.00293922800745548
0.00269897822126659
0.00219126067968352
0.00245476771600975
0.00455131037220692
0.00554063667706204
0.0035548705455596
0.00359585745764023
0.0037609213489488
0.00478326647475149
0.00398744977594112
0
0
0
0
0
0
0
0
0
0
0
0
0
0
0
0
0
0
0
0
0
0
0
0
0
0
0
0
0
0
0
0
0
0
0
0
0
0
0
0
0
0
0
0
0
0
0
0
0
0
0
0
0
0
0
0
0
0
0
0
0
0
0
0
0
0
0
0
0
0
0
0
0
0
0
0
0
0
0
0
0
0
0
0
0
0
0
0
0
0
0
0
0
0
0
0
0
0
0
0
0
0
0
0
0
0
0
0
0
0
0
0
0.0993681795566641
0.0795786861938154
0.0412837287977678
0.0243193241152948
0.021929051760288
0.0196893414960616
0.0173913049531615
0.0132318045249535
0.0189054220778284
0.00926587590742875
0.00478514896919805
0.00735474846767257
0.0103803872292114
0.00880481867827837
0.00829953676735896
0.0113047087462117
0.00876852017077265
0.00905463355246357
0.00587051157804003
0.00947557584062006
0.00816273003020396
0.00305335933341147
0.00318797645491382
0.00454065407809595
0.0043951486283334
0.00304044518082228
0.00170341995603494
0.00280948332966056
0.0023843110791987
0.00182701675621179
0.00203540291222808
0.00388985049333789
0.00537650571791526
0.00345873806375056
0.00332843512059128
0.00318104140733136
0
0
0
0
0
0
0
0
0
0
0
0
0
0
0
0
0
0
0
0
0
0
0
0
0
0
0
0
0
0
0
0
0
0
0
0
0
0
0
0
0
0
0
0
0
0
0
0
0
0
0
0
0
0
0
0
0
0
0
0
0
0
0
0
0
0
0
0
0
0
0
0
0
0
0
0
0
0
0
0
0
0
0
0
0
0
0
0
0
0
0
0
0
0
0
0
0
0
0
0
0
0
0
0
0
0
0
0
0
0
0
0
0
0
0.0993943326633508
0.0796023774391282
0.0414587329372667
0.0241593369126296
0.0217465893810163
0.0196891996737229
0.0176537065638513
0.0135924580224745
0.0194871794678777
0.00976720475317674
0.00487604009556575
0.00721324401065403
0.00990547155893643
0.00847406160650426
0.00822103688557419
0.0112391167854114
0.0086813142502275
0.00889326328826958
0.00574998692585749
0.00937313291991588
0.0082467673657999
0.00349246935443248
0.00347092901197505
0.00485584464765916
0.00471455385940889
0.00326076046316677
0.00178987119556813
0.00256562540790593
0.00207883249729927
0.00155319973465782
0.00167277092087451
0.00308943192899079
0.00432145312574303
0.00323674721789545
0.00309520097960663
0
0
0
0
0
0
0
0
0
0
0
0
0
0
0
0
0
0
0
0
0
0
0
0
0
0
0
0
0
0
0
0
0
0
0
0
0
0
0
0
0
0
0
0
0
0
0
0
0
0
0
0
0
0
0
0
0
0
0
0
0
0
0
0
0
0
0
0
0
0
0
0
0
0
0
0
0
0
0
0
0
0
0
0
0
0
0
0
0
0
0
0
0
0
0
0
0
0
0
0
0
0
0
0
0
0
0
0
0
0
0
0
0
0
0
0.099611604910865
0.0796450623173612
0.0416130585372273
0.0240530127517061
0.0214731477196823
0.0193618141952305
0.0177479713563349
0.0138780783356304
0.0199862078989525
0.010241227764143
0.00506878499180696
0.00716206400813825
0.00953252591165198
0.00807661836826438
0.00800251947266273
0.0110793302574811
0.00838935053173926
0.00863370724779948
0.00555325806527721
0.0092595632078757
0.00831085907788359
0.00381822345845885
0.00389268784963047
0.00517277955364088
0.0049607398880741
0.0034553697055759
0.00191621690345247
0.00230530970500786
0.00180204011778399
0.00134525415228294
0.00133747433270961
0.00228361370939
0.00317873939328792
0
0
0
0
0
0
0
0
0
0
0
0
0
0
0
0
0
0
0
0
0
0
0
0
0
0
0
0
0
0
0
0
0
0
0
0
0
0
0
0
0
0
0
0
0
0
0
0
0
0
0
0
0
0
0
0
0
0
0
0
0
0
0
0
0
0
0
0
0
0
0
0
0
0
0
0
0
0
0
0
0
0
0
0
0
0
0
0
0
0
0
0
0
0
0
0
0
0
0
0
0
0
0
0
0
0
0
0
0
0
0
0
0
0
0
0
0
0.0995720737214963
0.0796496553664711
0.0416772478541473
0.0237746691923917
0.0210186692794863
0.0188944906009451
0.0174871930014631
0.0139165436933973
0.0203113227877602
0.0106666582952282
0.00526735654553876
0.00724730383590449
0.00917489174314704
0.00768285122526057
0.00772832613902668
0.0108652224102811
0.00813681292489983
0.00831494362613264
0.00539388083575771
0.0091836608422346
0.00840993770715407
0.00421681135045597
0.00424535379219221
0.00556335056565187
0.00528308011319698
0.00366592821055014
0.0021547452223278
0.00212878048043272
0.0015332153885537
0.00114839166907634
0.00110692834135504
0.00151949569861528
0.0020662000861703
0
0
0
0
0
0
0
0
0
0
0
0
0
0
0
0
0
0
0
0
0
0
0
0
0
0
0
0
0
0
0
0
0
0
0
0
0
0
0
0
0
0
0
0
0
0
0
0
0
0
0
0
0
0
0
0
0
0
0
0
0
0
0
0
0
0
0
0
0
0
0
0
0
0
0
0
0
0
0
0
0
0
0
0
0
0
0
0
0
0
0
0
0
0
0
0
0
0
0
0
0
0
0
0
0
0
0
0
0
0
0
0
0
0
0
0
0
0.0994912853499921
0.0794265178084968
0.0416310084038375
0.0234067665246338
0.0203472139428757
0.0181951067217903
0.0169917291178489
0.0134701292713209
0.0202434630290627
0.0107872328441672
0.00539787880559087
0.00730056880819711
0.00894412271149357
0.00731364212221219
0.00751201925032127
0.0105818208625659
0.0077873152666555
0.00808423046516188
0.00524048669825177
0.00918768458144864
0.00850186445072039
0.00458472472446446
0.00467813182924902
0.00592995692146473
0.00567814167661044
0.00397496963199691
0.00243982721297901
0.00207151285548144
0
0
0
0
0
0
0
0
0
0
0
0
0
0
0
0
0
0
0
0
0
0
0
0
0
0
0
0
0
0
0
0
0
0
0
0
0
0
0
0
0
0
0
0
0
0
0
0
0
0
0
0
0
0
0
0
0
0
0
0
0
0
0
0
0
0
0
0
0
0
0
0
0
0
0
0
0
0
0
0
0
0
0
0
0
0
0
0
0
0
0
0
0
0
0
0
0
0
0
0
0
0
0
0
0
0
0
0
0
0
0
0
0
0
0
0
0
0
0
0
0
0
0.0991832655949665
0.0791919344064166
0.0412550704032717
0.0230049298650586
0.0195575413878279
0.0173067717202071
0.0162814348945418
0.0129717245142985
0.0198876532384393
0.0107249313580167
0.00550335140378843
0.00734953045692386
0.00868522316493137
0.00694960011974776
0.00726813172153748
0.0103107825984028
0.00738313393105065
0.00778978413527677
0.00512738383550077
0.00917423848954344
0.00864581215182995
0.00496288432162219
0.00509989423193254
0.00634881480921903
0.00607733343626716
0.00441918779822673
0
0
0
0
0
0
0
0
0
0
0
0
0
0
0
0
0
0
0
0
0
0
0
0
0
0
0
0
0
0
0
0
0
0
0
0
0
0
0
0
0
0
0
0
0
0
0
0
0
0
0
0
0
0
0
0
0
0
0
0
0
0
0
0
0
0
0
0
0
0
0
0
0
0
0
0
0
0
0
0
0
0
0
0
0
0
0
0
0
0
0
0
0
0
0
0
0
0
0
0
0
0
0
0
0
0
0
0
0
0
0
0
0
0
0
0
0
0
0
0
0
0
0
0
0.0990895062607478
0.0789866930847652
0.0409516391332376
0.022639302139254
0.0188301557530065
0.016332687537136
0.0155292109958858
0.0124573534137236
0.0195493861208931
0.0104605366873589
0.00550171718926014
0.00741928336420603
0.00839974423549832
0.00657793188712396
0.0070400957447378
0.0100679868350132
0.00709449220249983
0.00747738637728194
0.00495513653376257
0.00911908030101863
0.00870182613403833
0.00529821916383039
0.00549899624217019
0.00675632287292988
0.00645888349557988
0
0
0
0
0
0
0
0
0
0
0
0
0
0
0
0
0
0
0
0
0
0
0
0
0
0
0
0
0
0
0
0
0
0
0
0
0
0
0
0
0
0
0
0
0
0
0
0
0
0
0
0
0
0
0
0
0
0
0
0
0
0
0
0
0
0
0
0
0
0
0
0
0
0
0
0
0
0
0
0
0
0
0
0
0
0
0
0
0
0
0
0
0
0
0
0
0
0
0
0
0
0
0
0
0
0
0
0
0
0
0
0
0
0
0
0
0
0
0
0
0
0
0
0
0
0.0991629613851674
0.0790540439153798
0.0408052755631561
0.0223684380443551
0.0182907012602713
0.0154452764688332
0.0146980767285793
0.0119328285212447
0.0192677389233408
0.0102016228040655
0.00531795182484715
0.00746653019834021
0.00819883160846505
0.00619218215856439
0.00681730267633734
0.00986585816498602
0.00688426205289794
0.00725835341256245
0.00472797065128668
0.00890409874640329
0.00861868915560015
0.0054253498706722
0.00574085806231275
0.00708580151970643
0.00677971836556706
0
0
0
0
0
0
0
0
0
0
0
0
0
0
0
0
0
0
0
0
0
0
0
0
0
0
0
0
0
0
0
0
0
0
0
0
0
0
0
0
0
0
0
0
0
0
0
0
0
0
0
0
0
0
0
0
0
0
0
0
0
0
0
0
0
0
0
0
0
0
0
0
0
0
0
0
0
0
0
0
0
0
0
0
0
0
0
0
0
0
0
0
0
0
0
0
0
0
0
0
0
0
0
0
0
0
0
0
0
0
0
0
0
0
0
0
0
0
0
0
0
0
0
0
0
0.0993157358769325
0.0792750146636967
0.0408571144555263
0.0222293880427412
0.0178536808809138
0.0147227322089989
0.0139150930321032
0.0113109355272641
0.0189641222896828
0.0099855361141074
0.00512637275813154
0.00733486897354713
0.00795000377886272
0.00586894315083916
0.00658144497053174
0.00963720946554119
0.00667875614963754
0.00708365088470778
0.00457703533200808
0.00863003543349856
0.00839063257251884
0.00546215655966337
0.00584954263246789
0.00729906893477185
0.00703766446949671
0
0
0
0
0
0
0
0
0
0
0
0
0
0
0
0
0
0
0
0
0
0
0
0
0
0
0
0
0
0
0
0
0
0
0
0
0
0
0
0
0
0
0
0
0
0
0
0
0
0
0
0
0
0
0
0
0
0
0
0
0
0
0
0
0
0
0
0
0
0
0
0
0
0
0
0
0
0
0
0
0
0
0
0
0
0
0
0
0
0
0
0
0
0
0
0
0
0
0
0
0
0
0
0
0
0
0
0
0
0
0
0
0
0
0
0
0
0
0
0
0
0
0
0
0
0.0994291336411498
0.0794740874820085
0.0409784391997948
0.0221972933698706
0.0174521507697953
0.014047568221247
0.013279387164452
0.0107609320044784
0.0185700960581143
0.00973553109685694
0.00497141140461801
0.00721872515614714
0.00753369588515094
0.00548792808311806
0.00639665331441083
0.00938057187877828
0.0064262757761918
0.00687116856895545
0.00443718482620532
0.00840640997841741
0.00812603197938539
0.00544048504960811
0.00588928414318912
0.00741475952684528
0.00727738658700792
0
0
0
0
0
0
0
0
0
0
0
0
0
0
0
0
0
0
0
0
0
0
0
0
0
0
0
0
0
0
0
0
0
0
0
0
0
0
0
0
0
0
0
0
0
0
0
0
0
0
0
0
0
0
0
0
0
0
0
0
0
0
0
0
0
0
0
0
0
0
0
0
0
0
0
0
0
0
0
0
0
0
0
0
0
0
0
0
0
0
0
0
0
0
0
0
0
0
0
0
0
0
0
0
0
0
0
0
0
0
0
0
0
0
0
0
0
0
0
0
0
0
0
0
0
0.0995600496989857
0.079656485703198
0.0410672710361932
0.0221979102413187
0.0170917013889206
0.01347633955688
0.0127264594905432
0.0103845169833818
0.0182281092529801
0.00943092117723796
0.00481944145375295
0.00714369624005596
0.0071510490435553
0.00499605955674588
0.00616746440570367
0.00915423334055615
0.00617469749405372
0.00664640858317816
0.00433814192225188
0.00820300666064008
0.00789814806925952
0.00539235957061097
0.0058822351833603
0.00748620480561459
0.00746045872483786
0
0
0
0
0
0
0
0
0
0
0
0
0
0
0
0
0
0
0
0
0
0
0
0
0
0
0
0
0
0
0
0
0
0
0
0
0
0
0
0
0
0
0
0
0
0
0
0
0
0
0
0
0
0
0
0
0
0
0
0
0
0
0
0
0
0
0
0
0
0
0
0
0
0
0
0
0
0
0
0
0
0
0
0
0
0
0
0
0
0
0
0
0
0
0
0
0
0
0
0
0
0
0
0
0
0
0
0
0
0
0
0
0
0
0
0
0
0
0
0
0
0
0
0
0
0.0996715293115155
0.0798556003282523
0.0411127626513659
0.0221928912287956
0.0167702644574174
0.013029380038302
0.0121574919208906
0.0100635958180308
0.0179382360493969
0.00914844628568134
0.00458827624948793
0.00702330368935295
0.00669955102084487
0.00454773113483918
0.00584154839657585
0.00888265142978003
0.00595530703066662
0.00641597179006201
0.00422289210233026
0.00799116407889751
0.0076774909302155
0.00535402523232822
0.00584686511466261
0.00752278946125592
0.007570819547108
0
0
0
0
0
0
0
0
0
0
0
0
0
0
0
0
0
0
0
0
0
0
0
0
0
0
0
0
0
0
0
0
0
0
0
0
0
0
0
0
0
0
0
0
0
0
0
0
0
0
0
0
0
0
0
0
0
0
0
0
0
0
0
0
0
0
0
0
0
0
0
0
0
0
0
0
0
0
0
0
0
0
0
0
0
0
0
0
0
0
0
0
0
0
0
0
0
0
0
0
0
0
0
0
0
0
0
0
0
0
0
0
0
0
0
0
0
0
0
0
0
0
0
0
0
0.0999156400714493
0.0802493860093184
0.0411797374811387
0.0221088653966594
0.0164368814422621
0.0125846097770314
0.0116078502192047
0.00978816936148439
0.01768729551188
0.0089913240992283
0.0043567142395016
0.00681227672751209
0.00623740749197976
0.00411058073041817
0.0055433538796373
0.00855049860381891
0.00570523321967502
0.00628142715330415
0.00410278325921626
0.00774562760038709
0.00749185096868464
0.005272745395366
0.00582486698430207
0.0075259343248411
0.00768296721529831
0
0
0
0
0
0
0
0
0
0
0
0
0
0
0
0
0
0
0
0
0
0
0
0
0
0
0
0
0
0
0
0
0
0
0
0
0
0
0
0
0
0
0
0
0
0
0
0
0
0
0
0
0
0
0
0
0
0
0
0
0
0
0
0
0
0
0
0
0
0
0
0
0
0
0
0
0
0
0
0
0
0
0
0
0
0
0
0
0
0
0
0
0
0
0
0
0
0
0
0
0
0
0
0
0
0
0
0
0
0
0
0
0
0
0
0
0
0
0
0
0
0
0
0
0
0.100153766491612
0.0807332089828754
0.0413430549392724
0.0220546483123874
0.0160441662757391
0.0121393478666896
0.0110943432500151
0.00956415048727278
0.0175063199782154
0.00887656739608289
0.00425679984139045
0.00660877487293744
0.00570995462503571
0.00365694406714593
0.00525359240430883
0.00821333798243537
0.00537900537883921
0.0061006732962794
0.00401679775406393
0.00749312666780322
0.00730387081484854
0.00520898623848584
0.00581682543440145
0.00755770750885342
0.00777007865421466
0.00602098454732393
0.00459564955511798
0
0
0
0
0
0
0
0
0
0
0
0
0
0
0
0
0
0
0
0
0
0
0
0
0
0
0
0
0
0
0
0
0
0
0
0
0
0
0
0
0
0
0
0
0
0
0
0
0
0
0
0
0
0
0
0
0
0
0
0
0
0
0
0
0
0
0
0
0
0
0
0
0
0
0
0
0
0
0
0
0
0
0
0
0
0
0
0
0
0
0
0
0
0
0
0
0
0
0
0
0
0
0
0
0
0
0
0
0
0
0
0
0
0
0
0
0
0
0
0
0
0
0
0.100422934917941
0.0812332110642003
0.041492026335515
0.0220176328993863
0.015674540219734
0.0116948812576207
0.0106236281821538
0.00941793621868078
0.017424288239805
0.00885914689944722
0.00422578188176208
0.00656645248558517
0.00523683297193514
0.00316515365745091
0.00493915478614056
0.00788554473032439
0.00505184760233644
0.00579114529266298
0.00390654908825218
0.00726027284588225
0.00712362054724493
0.00515253309481245
0.00582250584104188
0.00763706738321147
0.00791390311572187
0.00609883566533936
0.00465397745951345
0.00376883915947206
0
0
0
0
0
0
0
0
0
0
0
0
0
0
0
0
0
0
0
0
0
0
0
0
0
0
0
0
0
0
0
0
0
0
0
0
0
0
0
0
0
0
0
0
0
0
0
0
0
0
0
0
0
0
0
0
0
0
0
0
0
0
0
0
0
0
0
0
0
0
0
0
0
0
0
0
0
0
0
0
0
0
0
0
0
0
0
0
0
0
0
0
0
0
0
0
0
0
0
0
0
0
0
0
0
0
0
0
0
0
0
0
0
0
0
0
0
0
0
0
0
0
0.100710027325753
0.0817565273695304
0.0416682167138728
0.0219468041625626
0.0152938147469943
0.0112723155242129
0.0101434981344246
0.0093054279503011
0.017367520934985
0.00889186911081335
0.00425157260324694
0.00657534620224396
0.00489424661253808
0.00273833324148813
0.00461101255795492
0.00750920563890153
0.00469213379109981
0.00545856764806238
0.00360576075439858
0.00693698318764951
0.00688640023066088
0.00509673588395581
0.00579544789347903
0.00767307312890603
0.00808556675451865
0.00624365198869202
0.00469381757501952
0.00402767254147537
0.00256355052681611
0.00176034889980788
0.00123220215885406
0.000962240577682931
0.000781090863864081
0
0
0
0
0
0
0
0
0
0
0
0
0
0
0
0
0
0
0
0
0
0
0
0
0
0
0
0
0
0
0
0
0
0
0
0
0
0
0
0
0
0
0
0
0
0
0
0
0
0
0
0
0
0
0
0
0
0
0
0
0
0
0
0
0
0
0
0
0
0
0
0
0
0
0
0
0
0
0
0
0
0
0
0
0
0
0
0
0
0
0
0
0
0
0
0
0
0
0
0
0
0
0
0
0
0
0
0
0
0
0
0
0
0
0
0
0
0.100791065172104
0.0822341665084747
0.0418588992209981
0.0218708340074633
0.0149185177405309
0.0108631254894847
0.0096818573355812
0.00898656072321615
0.0173002871633618
0.00894564337171367
0.00423133789152001
0.00645024436550961
0.00456180087206599
0.00245940366728113
0.00439121274549647
0.00703673753109911
0.00429494310574713
0.00515894481321434
0.00334609946044215
0.00638311489399999
0.00651879814559319
0.00508115093822865
0.00574053589707683
0.00755146720546065
0.00798936999304359
0.0062609012851277
0.00476683348226889
0.00424845407991111
0.0027005672012378
0.00189183523151035
0.00138933184484049
0.00117899591496168
0.00110132883490348
0
0
0
0
0
0
0
0
0
0
0
0
0
0
0
0
0
0
0
0
0
0
0
0
0
0
0
0
0
0
0
0
0
0
0
0
0
0
0
0
0
0
0
0
0
0
0
0
0
0
0
0
0
0
0
0
0
0
0
0
0
0
0
0
0
0
0
0
0
0
0
0
0
0
0
0
0
0
0
0
0
0
0
0
0
0
0
0
0
0
0
0
0
0
0
0
0
0
0
0
0
0
0
0
0
0
0
0
0
0
0
0
0
0
0
0
0
0.100866908239618
0.0826416652169652
0.0420113599301373
0.0217792110390369
0.0145202029070603
0.0103978223540967
0.00923056719253015
0.00870169924009909
0.0172947444465659
0.00899182939138229
0.00422372682081718
0.00634255072509741
0.00420724397993747
0.00222261908636892
0.00426313696224513
0.00659150196051112
0.00384093424901113
0.00481260125400768
0.00305073261507443
0.0057770328054565
0.00598022257591421
0.00493833647767569
0.00559930003410033
0.00735832454496517
0.00782603660688047
0.00624853262380719
0.004861546676586
0.00452811581432343
0.00281974570015786
0.00199380408624083
0.00152982666214366
0.00138115917230676
0.00138331022340363
0.00129433247738255
0
0
0
0
0
0
0
0
0
0
0
0
0
0
0
0
0
0
0
0
0
0
0
0
0
0
0
0
0
0
0
0
0
0
0
0
0
0
0
0
0
0
0
0
0
0
0
0
0
0
0
0
0
0
0
0
0
0
0
0
0
0
0
0
0
0
0
0
0
0
0
0
0
0
0
0
0
0
0
0
0
0
0
0
0
0
0
0
0
0
0
0
0
0
0
0
0
0
0
0
0
0
0
0
0
0
0
0
0
0
0
0
0
0
0
0
0.100697923080428
0.0830895015480409
0.0420708130268294
0.0216484796595076
0.014114010149892
0.00990951952696431
0.00874856854403707
0.00824719500858563
0.017327333504104
0.00911621869714802
0.00428337844795368
0.00630819794167818
0.0039669431392373
0.00198208123621112
0.0041801886918253
0.00628393067598521
0.00341914280338196
0.00441083900243711
0.00273448191987836
0.00517471898434145
0.00539398225394383
0.00465210399303069
0.00531157804660369
0.00704804682304175
0.00759101650726229
0.00617644046554625
0.00477519846292122
0.00484620936663863
0.00300994474563845
0.0020650466980823
0.00157350193343134
0.00141022927024767
0.00140882880842138
0
0
0
0
0
0
0
0
0
0
0
0
0
0
0
0
0
0
0
0
0
0
0
0
0
0
0
0
0
0
0
0
0
0
0
0
0
0
0
0
0
0
0
0
0
0
0
0
0
0
0
0
0
0
0
0
0
0
0
0
0
0
0
0
0
0
0
0
0
0
0
0
0
0
0
0
0
0
0
0
0
0
0
0
0
0
0
0
0
0
0
0
0
0
0
0
0
0
0
0
0
0
0
0
0
0
0
0
0
0
0
0
0
0
0
0
0
0.0991575638991656
0.0824939497633544
0.0419907147776659
0.0214581423278329
0.0137442643201997
0.00950025653460226
0.00833992583865198
0.00790568294722321
0.0166688356937084
0.00919660916087323
0.00444804472837314
0.00629320079675181
0.0037971198688763
0.00194456748321859
0.00397982720413729
0.00601345617107836
0.00328387177043512
0.004129838002158
0.00243221980433957
0.00465850351653814
0.00495039463302244
0.00434364036736349
0.00490588202728009
0.00654963217018831
0.00720280185976668
0.00601965451405746
0.00467976009176016
0.00449188930608083
0.00324432105169123
0.00224414156306465
0
0
0
0
0
0
0
0
0
0
0
0
0
0
0
0
0
0
0
0
0
0
0
0
0
0
0
0
0
0
0
0
0
0
0
0
0
0
0
0
0
0
0
0
0
0
0
0
0
0
0
0
0
0
0
0
0
0
0
0
0
0
0
0
0
0
0
0
0
0
0
0
0
0
0
0
0
0
0
0
0
0
0
0
0
0
0
0
0
0
0
0
0
0
0
0
0
0
0
0
0
0
0
0
0
0
0
0
0
0
0
0
0
0
0
0
0
0
0
0
0.0976814912420775
0.0812943577230162
0.041405341026865
0.0212123284454883
0.0132934560515328
0.00909639143113689
0.00797340897794622
0.00759709872908857
0.0161030999029588
0.00891127731874743
0.00460023376896133
0.00629235708727729
0.00365920740394535
0.00195657074386445
0.0038796851978759
0.00559525563655471
0.00315335894308268
0.00390266925524692
0.00214887508754853
0.0040938561021486
0.00449093977576655
0.00404768762120196
0.00448233410579588
0.00594307311319725
0.00667239906720526
0.00577617238781938
0.00454256184826566
0.00410215070623676
0
0
0
0
0
0
0
0
0
0
0
0
0
0
0
0
0
0
0
0
0
0
0
0
0
0
0
0
0
0
0
0
0
0
0
0
0
0
0
0
0
0
0
0
0
0
0
0
0
0
0
0
0
0
0
0
0
0
0
0
0
0
0
0
0
0
0
0
0
0
0
0
0
0
0
0
0
0
0
0
0
0
0
0
0
0
0
0
0
0
0
0
0
0
0
0
0
0
0
0
0
0
0
0
0
0
0
0
0
0
0
0
0
0
0
0
0
0
0
0
0
0
0.0962409512674967
0.080160128264078
0.0404325981445852
0.0206019501532014
0.0127908105078835
0.00861578010209717
0.00760115503948631
0.0073221448397717
0.015570644429393
0.00869490960873034
0.00454322806283741
0.00630233711897036
0.00351990201048814
0.00198988607375577
0.0038159173314327
0.00523282077362296
0.00297115561823142
0.00369644911078182
0.00202871276484406
0.0035743571367805
0.0039889061143265
0.00376278014921221
0.00411270872342683
0.00531930553457302
0.006032855406348
0.00541405689192828
0
0
0
0
0
0
0
0
0
0
0
0
0
0
0
0
0
0
0
0
0
0
0
0
0
0
0
0
0
0
0
0
0
0
0
0
0
0
0
0
0
0
0
0
0
0
0
0
0
0
0
0
0
0
0
0
0
0
0
0
0
0
0
0
0
0
0
0
0
0
0
0
0
0
0
0
0
0
0
0
0
0
0
0
0
0
0
0
0
0
0
0
0
0
0
0
0
0
0
0
0
0
0
0
0
0
0
0
0
0
0
0
0
0
0
0
0
0
0
0
0
0
0
0
0.0948704854353702
0.0791655297938182
0.0395674495635434
0.0198677680426475
0.0120914363896656
0.00809807569566657
0.00714157457497245
0.00703679397521008
0.0150685353194514
0.00850954693451501
0.00458033486092493
0.00623580414832318
0.00338523685508159
0.00199306655802157
0.00373164706483854
0.00488037553971148
0.0027873662258543
0.00340816431947634
0.00192385371129786
0.00318640313042289
0.00346234912937585
0.00336582206014755
0.00366691990306015
0.00466092240731472
0.00531178978036044
0
0
0
0
0
0
0
0
0
0
0
0
0
0
0
0
0
0
0
0
0
0
0
0
0
0
0
0
0
0
0
0
0
0
0
0
0
0
0
0
0
0
0
0
0
0
0
0
0
0
0
0
0
0
0
0
0
0
0
0
0
0
0
0
0
0
0
0
0
0
0
0
0
0
0
0
0
0
0
0
0
0
0
0
0
0
0
0
0
0
0
0
0
0
0
0
0
0
0
0
0
0
0
0
0
0
0
0
0
0
0
0
0
0
0
0
0
0
0
0
0
0
0
0
0
0.0939505813996486
0.0782134533517879
0.0388128324243996
0.0194363525031243
0.0120456860776261
0.00791991888384997
0.00673051004083045
0.00667527601833158
0.0145551974286843
0.008333870749453
0.00459118054335072
0.00618923225272927
0.00353566234153412
0.00200321215100318
0.00353193375526273
0.00450810435265307
0.00262119659225028
0.0030833878265497
0.00180097403511712
0.00281177023373751
0.00297748831671891
0.00294355820661691
0.00312535690678437
0.0039188991909418
0.00451020970387509
0
0
0
0
0
0
0
0
0
0
0
0
0
0
0
0
0
0
0
0
0
0
0
0
0
0
0
0
0
0
0
0
0
0
0
0
0
0
0
0
0
0
0
0
0
0
0
0
0
0
0
0
0
0
0
0
0
0
0
0
0
0
0
0
0
0
0
0
0
0
0
0
0
0
0
0
0
0
0
0
0
0
0
0
0
0
0
0
0
0
0
0
0
0
0
0
0
0
0
0
0
0
0
0
0
0
0
0
0
0
0
0
0
0
0
0
0
0
0
0
0
0
0
0
0
0.0930310933437403
0.0776137929015079
0.038068780274611
0.0190403248934887
0.0122305494810385
0.00828176475474888
0.00662999670064084
0.00635195131837496
0.0139820208706038
0.0081481661281171
0.00459234324718504
0.00609240609176191
0.00364601576370527
0.00221671155575695
0.00333272521871905
0.0040306277475944
0.00243587121103323
0.00277715215162458
0.00166040260746819
0.00234229796933279
0.00249088162722655
0.00245552906071625
0.00254997047084999
0.00308570447469995
0
0
0
0
0
0
0
0
0
0
0
0
0
0
0
0
0
0
0
0
0
0
0
0
0
0
0
0
0
0
0
0
0
0
0
0
0
0
0
0
0
0
0
0
0
0
0
0
0
0
0
0
0
0
0
0
0
0
0
0
0
0
0
0
0
0
0
0
0
0
0
0
0
0
0
0
0
0
0
0
0
0
0
0
0
0
0
0
0
0
0
0
0
0
0
0
0
0
0
0
0
0
0
0
0
0
0
0
0
0
0
0
0
0
0
0
0
0
0
0
0
0
0
0
0
0
0.0920984619801655
0.0770013081076759
0.0375354764644618
0.0186195582064143
0.0124014030379272
0.00879403533004268
0.00690093342448468
0.00623951971604017
0.0134635847401428
0.00788512235652541
0.0045647376222674
0.00598544057379249
0.0037235971498016
0.00242801710962815
0.00331072208191938
0.00358894895715896
0.00217381208718484
0.00245275925014403
0.0015402869998707
0.00188920276262462
0.00195954791592355
0.001978047249397
0.0019737953482405
0.0022168866131255
0
0
0
0
0
0
0
0
0
0
0
0
0
0
0
0
0
0
0
0
0
0
0
0
0
0
0
0
0
0
0
0
0
0
0
0
0
0
0
0
0
0
0
0
0
0
0
0
0
0
0
0
0
0
0
0
0
0
0
0
0
0
0
0
0
0
0
0
0
0
0
0
0
0
0
0
0
0
0
0
0
0
0
0
0
0
0
0
0
0
0
0
0
0
0
0
0
0
0
0
0
0
0
0
0
0
0
0
0
0
0
0
0
0
0
0
0
0
0
0
0
0
0
0
0
0
0.0911314806747406
0.0763068453442828
0.0369565680380877
0.0183507425246954
0.0124430343200312
0.00906748947134765
0.00718075658957801
0.00637705360608931
0.0130793545458476
0.00766401826143346
0.00448700695073056
0.00582704747884122
0.00375783562324692
0.00257462370840779
0.00318753943318506
0.00330288148778164
0.00199908912758942
0.00212549341356085
0.00145232939101518
0.00149962415647489
0
0
0
0
0
0
0
0
0
0
0
0
0
0
0
0
0
0
0
0
0
0
0
0
0
0
0
0
0
0
0
0
0
0
0
0
0
0
0
0
0
0
0
0
0
0
0
0
0
0
0
0
0
0
0
0
0
0
0
0
0
0
0
0
0
0
0
0
0
0
0
0
0
0
0
0
0
0
0
0
0
0
0
0
0
0
0
0
0
0
0
0
0
0
0
0
0
0
0
0
0
0
0
0
0
0
0
0
0
0
0
0
0
0
0
0
0
0
0
0
0
0
0
0
0
0
0
0
0
0
0.0901499735365281
0.0756204790108836
0.0363376662426711
0.0180255462675688
0.0124785371936115
0.00931921652472234
0.00743370740254669
0.00659932199369904
0.0129927412481762
0.00761416890503873
0.00445426813588253
0.0055813081238793
0.003718566862727
0.0026751988698349
0.00303264798838453
0.00302572347709248
0.00197652198505823
0
0
0
0
0
0
0
0
0
0
0
0
0
0
0
0
0
0
0
0
0
0
0
0
0
0
0
0
0
0
0
0
0
0
0
0
0
0
0
0
0
0
0
0
0
0
0
0
0
0
0
0
0
0
0
0
0
0
0
0
0
0
0
0
0
0
0
0
0
0
0
0
0
0
0
0
0
0
0
0
0
0
0
0
0
0
0
0
0
0
0
0
0
0
0
0
0
0
0
0
0
0
0
0
0
0
0
0
0
0
0
0
0
0
0
0
0
0
0
0
0
0
0
0
0
0
0
0
0
0
0
0
0
0.0892412218784121
0.0749346234398277
0.0357073053870314
0.0176509994383345
0.0124647289585788
0.00953276521628703
0.00763781959846334
0.00678160521021398
0.0129632116898653
0.00774833728942556
0.00454195291904871
0.00540317932427694
0.00362584867880431
0.00274153669977424
0.00287272013240257
0.0027347946923574
0
0
0
0
0
0
0
0
0
0
0
0
0
0
0
0
0
0
0
0
0
0
0
0
0
0
0
0
0
0
0
0
0
0
0
0
0
0
0
0
0
0
0
0
0
0
0
0
0
0
0
0
0
0
0
0
0
0
0
0
0
0
0
0
0
0
0
0
0
0
0
0
0
0
0
0
0
0
0
0
0
0
0
0
0
0
0
0
0
0
0
0
0
0
0
0
0
0
0
0
0
0
0
0
0
0
0
0
0
0
0
0
0
0
0
0
0
0
0
0
0
0
0
0
0
0
0
0
0
0
0
0
0
0
0.0882408589583412
0.0741212409192757
0.0350805004018716
0.0172180195835877
0.0123690784278464
0.00966950407230825
0.00787705817946528
0.0068880432788844
0.0127687041930994
0.00784408471213266
0.00472969085713027
0.00529450828218422
0.00359884948781744
0.00275314599913205
0.0026868237225033
0
0
0
0
0
0
0
0
0
0
0
0
0
0
0
0
0
0
0
0
0
0
0
0
0
0
0
0
0
0
0
0
0
0
0
0
0
0
0
0
0
0
0
0
0
0
0
0
0
0
0
0
0
0
0
0
0
0
0
0
0
0
0
0
0
0
0
0
0
0
0
0
0
0
0
0
0
0
0
0
0
0
0
0
0
0
0
0
0
0
0
0
0
0
0
0
0
0
0
0
0
0
0
0
0
0
0
0
0
0
0
0
0
0
0
0
0
0
0
0
0
0
0
0
0
0
0
0
0
0
0
0
0
0
0
0.087333384645593
0.0733113360865596
0.0343903606059628
0.0167794838999904
0.0122326802988608
0.00975529198869014
0.00810079028438141
0.00701606915605311
0.0125771155324368
0.00794108804123971
0.00494779293109573
0.00532210119874426
0.0036287527629036
0.00275114106848146
0
0
0
0
0
0
0
0
0
0
0
0
0
0
0
0
0
0
0
0
0
0
0
0
0
0
0
0
0
0
0
0
0
0
0
0
0
0
0
0
0
0
0
0
0
0
0
0
0
0
0
0
0
0
0
0
0
0
0
0
0
0
0
0
0
0
0
0
0
0
0
0
0
0
0
0
0
0
0
0
0
0
0
0
0
0
0
0
0
0
0
0
0
0
0
0
0
0
0
0
0
0
0
0
0
0
0
0
0
0
0
0
0
0
0
0
0
0
0
0
0
0
0
0
0
0
0
0
0
0
0
0
0
0
0
0
0.0860515894486141
0.0725407825990945
0.0336866632688773
0.0163482688439887
0.0120412283062909
0.00979923577234326
0.00829939567290077
0.00715120863624388
0.0123342486806844
0.00806182251988811
0.00517786344167454
0.00538187749188652
0.00373380535975744
0
0
0
0
0
0
0
0
0
0
0
0
0
0
0
0
0
0
0
0
0
0
0
0
0
0
0
0
0
0
0
0
0
0
0
0
0
0
0
0
0
0
0
0
0
0
0
0
0
0
0
0
0
0
0
0
0
0
0
0
0
0
0
0
0
0
0
0
0
0
0
0
0
0
0
0
0
0
0
0
0
0
0
0
0
0
0
0
0
0
0
0
0
0
0
0
0
0
0
0
0
0
0
0
0
0
0
0
0
0
0
0
0
0
0
0
0
0
0
0
0
0
0
0
0
0
0
0
0
0
0
0
0
0
0
0
0
0.0847222692891387
0.0714429359157492
0.0330473266282669
0.0158769342035777
0.0117959250806967
0.00979033163964982
0.00848111633210004
0.0072702769943384
0.0120864733858041
0.00812136727049183
0.00541425685719827
0.00540646394629132
0
0
0
0
0
0
0
0
0
0
0
0
0
0
0
0
0
0
0
0
0
0
0
0
0
0
0
0
0
0
0
0
0
0
0
0
0
0
0
0
0
0
0
0
0
0
0
0
0
0
0
0
0
0
0
0
0
0
0
0
0
0
0
0
0
0
0
0
0
0
0
0
0
0
0
0
0
0
0
0
0
0
0
0
0
0
0
0
0
0
0
0
0
0
0
0
0
0
0
0
0
0
0
0
0
0
0
0
0
0
0
0
0
0
0
0
0
0
0
0
0
0
0
0
0
0
0
0
0
0
0
0
0
0
0
0
0
0
0.08329140924733
0.0704699241015056
0.0324940655831205
0.0154997676478948
0.0115127047800851
0.00975036246807308
0.00865077721157642
0.00731800194177349
0.0117820717863019
0.00813063455654685
0.0055586201281533
0
0
0
0
0
0
0
0
0
0
0
0
0
0
0
0
0
0
0
0
0
0
0
0
0
0
0
0
0
0
0
0
0
0
0
0
0
0
0
0
0
0
0
0
0
0
0
0
0
0
0
0
0
0
0
0
0
0
0
0
0
0
0
0
0
0
0
0
0
0
0
0
0
0
0
0
0
0
0
0
0
0
0
0
0
0
0
0
0
0
0
0
0
0
0
0
0
0
0
0
0
0
0
0
0
0
0
0
0
0
0
0
0
0
0
0
0
0
0
0
0
0
0
0
0
0
0
0
0
0
0
0
0
0
0
0
0
0
0
0.0818950974723089
0.0695081947053905
0.0320649648945353
0.0151905322403167
0.0112986946604202
0.00956119503280245
0.00849463633314291
0.00732473376948834
0.0113936504437843
0.00805208294368039
0.0056528135005777
0
0
0
0
0
0
0
0
0
0
0
0
0
0
0
0
0
0
0
0
0
0
0
0
0
0
0
0
0
0
0
0
0
0
0
0
0
0
0
0
0
0
0
0
0
0
0
0
0
0
0
0
0
0
0
0
0
0
0
0
0
0
0
0
0
0
0
0
0
0
0
0
0
0
0
0
0
0
0
0
0
0
0
0
0
0
0
0
0
0
0
0
0
0
0
0
0
0
0
0
0
0
0
0
0
0
0
0
0
0
0
0
0
0
0
0
0
0
0
0
0
0
0
0
0
0
0
0
0
0
0
0
0
0
0
0
0
0
0
0.0805530962662414
0.0685746194289065
0.0316393391587122
0.014998972457805
0.0111470269257686
0.00938295062478584
0.0082421819834233
0.00714843009207816
0.0109827851569483
0.00791438883065668
0
0
0
0
0
0
0
0
0
0
0
0
0
0
0
0
0
0
0
0
0
0
0
0
0
0
0
0
0
0
0
0
0
0
0
0
0
0
0
0
0
0
0
0
0
0
0
0
0
0
0
0
0
0
0
0
0
0
0
0
0
0
0
0
0
0
0
0
0
0
0
0
0
0
0
0
0
0
0
0
0
0
0
0
0
0
0
0
0
0
0
0
0
0
0
0
0
0
0
0
0
0
0
0
0
0
0
0
0
0
0
0
0
0
0
0
0
0
0
0
0
0
0
0
0
0
0
0
0
0
0
0
0
0
0
0
0
0
0
0
0.079294054644964
0.0676574359470469
0.0312337664230949
0.0147491282664772
0.0110443610004087
0.00925609617902362
0.00801089893981492
0.00686342561295188
0.01037633534573
0.00773120398386146
0
0
0
0
0
0
0
0
0
0
0
0
0
0
0
0
0
0
0
0
0
0
0
0
0
0
0
0
0
0
0
0
0
0
0
0
0
0
0
0
0
0
0
0
0
0
0
0
0
0
0
0
0
0
0
0
0
0
0
0
0
0
0
0
0
0
0
0
0
0
0
0
0
0
0
0
0
0
0
0
0
0
0
0
0
0
0
0
0
0
0
0
0
0
0
0
0
0
0
0
0
0
0
0
0
0
0
0
0
0
0
0
0
0
0
0
0
0
0
0
0
0
0
0
0
0
0
0
0
0
0
0
0
0
0
0
0
0
0
0
0.0780528281550758
0.0668051620239837
0.030806803954816
0.0145236909218238
0.0109368476609608
0.00918522611494713
0.00781417878655043
0.0065803296999575
0.00963925132072343
0.00731203229972761
0
0
0
0
0
0
0
0
0
0
0
0
0
0
0
0
0
0
0
0
0
0
0
0
0
0
0
0
0
0
0
0
0
0
0
0
0
0
0
0
0
0
0
0
0
0
0
0
0
0
0
0
0
0
0
0
0
0
0
0
0
0
0
0
0
0
0
0
0
0
0
0
0
0
0
0
0
0
0
0
0
0
0
0
0
0
0
0
0
0
0
0
0
0
0
0
0
0
0
0
0
0
0
0
0
0
0
0
0
0
0
0
0
0
0
0
0
0
0
0
0
0
0
0
0
0
0
0
0
0
0
0
0
0
0
0
0
0
0
0
0.0767828496066812
0.0659671187442622
0.0303948026296047
0.0142868805989318
0.010830303497407
0.00905853966309884
0.00766704340215133
0.00634611645657718
0.00895034186525327
0
0
0
0
0
0
0
0
0
0
0
0
0
0
0
0
0
0
0
0
0
0
0
0
0
0
0
0
0
0
0
0
0
0
0
0
0
0
0
0
0
0
0
0
0
0
0
0
0
0
0
0
0
0
0
0
0
0
0
0
0
0
0
0
0
0
0
0
0
0
0
0
0
0
0
0
0
0
0
0
0
0
0
0
0
0
0
0
0
0
0
0
0
0
0
0
0
0
0
0
0
0
0
0
0
0
0
0
0
0
0
0
0
0
0
0
0
0
0
0
0
0
0
0
0
0
0
0
0
0
0
0
0
0
0
0
0
0
0
0
0
0.0756429041965548
0.0651990122399379
0.030022472863084
0.0140353451590764
0.0106902308321022
0.00893348118178513
0.00748142172746026
0.00617171365788135
0.00831787394450451
0
0
0
0
0
0
0
0
0
0
0
0
0
0
0
0
0
0
0
0
0
0
0
0
0
0
0
0
0
0
0
0
0
0
0
0
0
0
0
0
0
0
0
0
0
0
0
0
0
0
0
0
0
0
0
0
0
0
0
0
0
0
0
0
0
0
0
0
0
0
0
0
0
0
0
0
0
0
0
0
0
0
0
0
0
0
0
0
0
0
0
0
0
0
0
0
0
0
0
0
0
0
0
0
0
0
0
0
0
0
0
0
0
0
0
0
0
0
0
0
0
0
0
0
0
0
0
0
0
0
0
0
0
0
0
0
0
0
0
0
0
0.0746167226986586
0.0644841292378003
0.0296602057654449
0.013796679232143
0.0105365624808091
0.00876527475085006
0.00726955949118542
0.00595821160759878
0.00773727371789885
0
0
0
0
0
0
0
0
0
0
0
0
0
0
0
0
0
0
0
0
0
0
0
0
0
0
0
0
0
0
0
0
0
0
0
0
0
0
0
0
0
0
0
0
0
0
0
0
0
0
0
0
0
0
0
0
0
0
0
0
0
0
0
0
0
0
0
0
0
0
0
0
0
0
0
0
0
0
0
0
0
0
0
0
0
0
0
0
0
0
0
0
0
0
0
0
0
0
0
0
0
0
0
0
0
0
0
0
0
0
0
0
0
0
0
0
0
0
0
0
0
0
0
0
0
0
0
0
0
0
0
0
0
0
0
0
0
0
0
0
0
0.0736251458295648
0.0638500825359742
0.0293505321712074
0.0135912438713112
0.010400524516013
0.00857975995708563
0.00702794542044301
0.00573710980536547
0.00715819823981584
0
0
0
0
0
0
0
0
0
0
0
0
0
0
0
0
0
0
0
0
0
0
0
0
0
0
0
0
0
0
0
0
0
0
0
0
0
0
0
0
0
0
0
0
0
0
0
0
0
0
0
0
0
0
0
0
0
0
0
0
0
0
0
0
0
0
0
0
0
0
0
0
0
0
0
0
0
0
0
0
0
0
0
0
0
0
0
0
0
0
0
0
0
0
0
0
0
0
0
0
0
0
0
0
0
0
0
0
0
0
0
0
0
0
0
0
0
0
0
0
0
0
0
0
0
0
0
0
0
0
0
0
0
0
0
0
0
0
0
0
0
0.0726476938980031
0.0632439485749198
0.0290982010512602
0.013436924517186
0.0102763049335524
0.00840952193775407
0.00678277737111452
0.00549303698583932
0.00657579714376472
0
0
0
0
0
0
0
0
0
0
0
0
0
0
0
0
0
0
0
0
0
0
0
0
0
0
0
0
0
0
0
0
0
0
0
0
0
0
0
0
0
0
0
0
0
0
0
0
0
0
0
0
0
0
0
0
0
0
0
0
0
0
0
0
0
0
0
0
0
0
0
0
0
0
0
0
0
0
0
0
0
0
0
0
0
0
0
0
0
0
0
0
0
0
0
0
0
0
0
0
0
0
0
0
0
0
0
0
0
0
0
0
0
0
0
0
0
0
0
0
0
0
0
0
0
0
0
0
0
0
0
0
0
0
0
0
0
0
0
0
0
0.0716090216745434
0.0626535539547588
0.0288698016688367
0.0133253687470228
0.0102315550252531
0.0082826376601997
0.00657608053549874
0.00523814505664531
0.00579375102379438
0
0
0
0
0
0
0
0
0
0
0
0
0
0
0
0
0
0
0
0
0
0
0
0
0
0
0
0
0
0
0
0
0
0
0
0
0
0
0
0
0
0
0
0
0
0
0
0
0
0
0
0
0
0
0
0
0
0
0
0
0
0
0
0
0
0
0
0
0
0
0
0
0
0
0
0
0
0
0
0
0
0
0
0
0
0
0
0
0
0
0
0
0
0
0
0
0
0
0
0
0
0
0
0
0
0
0
0
0
0
0
0
0
0
0
0
0
0
0
0
0
0
0
0
0
0
0
0
0
0
0
0
0
0
0
0
0
0
0
0
0
0.0705811377638864
0.0620201566672691
0.0286383860553827
0.0132249484760128
0.0102329437798522
0.00821163122768317
0.00638129343690078
0.00500425084646877
0
0
0
0
0
0
0
0
0
0
0
0
0
0
0
0
0
0
0
0
0
0
0
0
0
0
0
0
0
0
0
0
0
0
0
0
0
0
0
0
0
0
0
0
0
0
0
0
0
0
0
0
0
0
0
0
0
0
0
0
0
0
0
0
0
0
0
0
0
0
0
0
0
0
0
0
0
0
0
0
0
0
0
0
0
0
0
0
0
0
0
0
0
0
0
0
0
0
0
0
0
0
0
0
0
0
0
0
0
0
0
0
0
0
0
0
0
0
0
0
0
0
0
0
0
0
0
0
0
0
0
0
0
0
0
0
0
0
0
0
0
0
0.0695772809681675
0.0613998245936516
0.0283692264770702
0.0130926373039711
0.0102259116988598
0.00816683239903175
0.00621474296288338
0
0
0
0
0
0
0
0
0
0
0
0
0
0
0
0
0
0
0
0
0
0
0
0
0
0
0
0
0
0
0
0
0
0
0
0
0
0
0
0
0
0
0
0
0
0
0
0
0
0
0
0
0
0
0
0
0
0
0
0
0
0
0
0
0
0
0
0
0
0
0
0
0
0
0
0
0
0
0
0
0
0
0
0
0
0
0
0
0
0
0
0
0
0
0
0
0
0
0
0
0
0
0
0
0
0
0
0
0
0
0
0
0
0
0
0
0
0
0
0
0
0
0
0
0
0
0
0
0
0
0
0
0
0
0
0
0
0
0
0
0
0
0
0.0685778300822337
0.0608473003767868
0.0281081653708385
0.0129467530231751
0.0102102244942922
0.00812701725043352
0
0
0
0
0
0
0
0
0
0
0
0
0
0
0
0
0
0
0
0
0
0
0
0
0
0
0
0
0
0
0
0
0
0
0
0
0
0
0
0
0
0
0
0
0
0
0
0
0
0
0
0
0
0
0
0
0
0
0
0
0
0
0
0
0
0
0
0
0
0
0
0
0
0
0
0
0
0
0
0
0
0
0
0
0
0
0
0
0
0
0
0
0
0
0
0
0
0
0
0
0
0
0
0
0
0
0
0
0
0
0
0
0
0
0
0
0
0
0
0
0
0
0
0
0
0
0
0
0
0
0
0
0
0
0
0
0
0
0
0
0
0
0
0
0.0676436996537279
0.0602985787472546
0.0278604575277184
0.0127968508273371
0.0101546665204595
0.00807376608422106
0
0
0
0
0
0
0
0
0
0
0
0
0
0
0
0
0
0
0
0
0
0
0
0
0
0
0
0
0
0
0
0
0
0
0
0
0
0
0
0
0
0
0
0
0
0
0
0
0
0
0
0
0
0
0
0
0
0
0
0
0
0
0
0
0
0
0
0
0
0
0
0
0
0
0
0
0
0
0
0
0
0
0
0
0
0
0
0
0
0
0
0
0
0
0
0
0
0
0
0
0
0
0
0
0
0
0
0
0
0
0
0
0
0
0
0
0
0
0
0
0
0
0
0
0
0
0
0
0
0
0
0
0
0
0
0
0
0
0
0
0
0
0
0
0.0666286123226404
0.059646697631244
0.0275724174008141
0.0126823112203155
0.0100847542187048
0
0
0
0
0
0
0
0
0
0
0
0
0
0
0
0
0
0
0
0
0
0
0
0
0
0
0
0
0
0
0
0
0
0
0
0
0
0
0
0
0
0
0
0
0
0
0
0
0
0
0
0
0
0
0
0
0
0
0
0
0
0
0
0
0
0
0
0
0
0
0
0
0
0
0
0
0
0
0
0
0
0
0
0
0
0
0
0
0
0
0
0
0
0
0
0
0
0
0
0
0
0
0
0
0
0
0
0
0
0
0
0
0
0
0
0
0
0
0
0
0
0
0
0
0
0
0
0
0
0
0
0
0
0
0
0
0
0
0
0
0
0
0
0
0
0.0656698900661765
0.0589926022680482
0.027293629751142
0.0125608449896003
0
0
0
0
0
0
0
0
0
0
0
0
0
0
0
0
0
0
0
0
0
0
0
0
0
0
0
0
0
0
0
0
0
0
0
0
0
0
0
0
0
0
0
0
0
0
0
0
0
0
0
0
0
0
0
0
0
0
0
0
0
0
0
0
0
0
0
0
0
0
0
0
0
0
0
0
0
0
0
0
0
0
0
0
0
0
0
0
0
0
0
0
0
0
0
0
0
0
0
0
0
0
0
0
0
0
0
0
0
0
0
0
0
0
0
0
0
0
0
0
0
0
0
0
0
0
0
0
0
0
0
0
0
0
0
0
0
0
0
0
0
0
0
0
0
0
0.0647265100733008
0.0583688270652724
0.0270103801232288
0.0124533849111836
0
0
0
0
0
0
0
0
0
0
0
0
0
0
0
0
0
0
0
0
0
0
0
0
0
0
0
0
0
0
0
0
0
0
0
0
0
0
0
0
0
0
0
0
0
0
0
0
0
0
0
0
0
0
0
0
0
0
0
0
0
0
0
0
0
0
0
0
0
0
0
0
0
0
0
0
0
0
0
0
0
0
0
0
0
0
0
0
0
0
0
0
0
0
0
0
0
0
0
0
0
0
0
0
0
0
0
0
0
0
0
0
0
0
0
0
0
0
0
0
0
0
0
0
0
0
0
0
0
0
0
0
0
0
0
0
0
0
0
0
0
0
0
0
0
0
0.0638005157800016
0.0577551565108609
0.0267387620553806
0.0123363114572375
0
0
0
0
0
0
0
0
0
0
0
0
0
0
0
0
0
0
0
0
0
0
0
0
0
0
0
0
0
0
0
0
0
0
0
0
0
0
0
0
0
0
0
0
0
0
0
0
0
0
0
0
0
0
0
0
0
0
0
0
0
0
0
0
0
0
0
0
0
0
0
0
0
0
0
0
0
0
0
0
0
0
0
0
0
0
0
0
0
0
0
0
0
0
0
0
0
0
0
0
0
0
0
0
0
0
0
0
0
0
0
0
0
0
0
0
0
0
0
0
0
0
0
0
0
0
0
0
0
0
0
0
0
0
0
0
0
0
0
0
0
0
0
0
0
0
0.062851846707539
0.0571466725349673
0.0264725294469658
0.0122437124497824
0
0
0
0
0
0
0
0
0
0
0
0
0
0
0
0
0
0
0
0
0
0
0
0
0
0
0
0
0
0
0
0
0
0
0
0
0
0
0
0
0
0
0
0
0
0
0
0
0
0
0
0
0
0
0
0
0
0
0
0
0
0
0
0
0
0
0
0
0
0
0
0
0
0
0
0
0
0
0
0
0
0
0
0
0
0
0
0
0
0
0
0
0
0
0
0
0
0
0
0
0
0
0
0
0
0
0
0
0
0
0
0
0
0
0
0
0
0
0
0
0
0
0
0
0
0
0
0
0
0
0
0
0
0
0
0
0
0
0
0
0
0
0
0
0
0
0.06190983301815
0.0565214196232803
0.0262064045864332
0
0
0
0
0
0
0
0
0
0
0
0
0
0
0
0
0
0
0
0
0
0
0
0
0
0
0
0
0
0
0
0
0
0
0
0
0
0
0
0
0
0
0
0
0
0
0
0
0
0
0
0
0
0
0
0
0
0
0
0
0
0
0
0
0
0
0
0
0
0
0
0
0
0
0
0
0
0
0
0
0
0
0
0
0
0
0
0
0
0
0
0
0
0
0
0
0
0
0
0
0
0
0
0
0
0
0
0
0
0
0
0
0
0
0
0
0
0
0
0
0
0
0
0
0
0
0
0
0
0
0
0
0
0
0
0
0
0
0
0
0
0
0
0
0
0
0
0.0609640706156007
0.0558940151113211
0.0259462320278978
0
0
0
0
0
0
0
0
0
0
0
0
0
0
0
0
0
0
0
0
0
0
0
0
0
0
0
0
0
0
0
0
0
0
0
0
0
0
0
0
0
0
0
0
0
0
0
0
0
0
0
0
0
0
0
0
0
0
0
0
0
0
0
0
0
0
0
0
0
0
0
0
0
0
0
0
0
0
0
0
0
0
0
0
0
0
0
0
0
0
0
0
0
0
0
0
0
0
0
0
0
0
0
0
0
0
0
0
0
0
0
0
0
0
0
0
0
0
0
0
0
0
0
0
0
0
0
0
0
0
0
0
0
0
0
0
0
0
0
0
0
0
0
0
0
0
0
0.0600528069683246
0.0552626566983368
0.0256930687606856
0
0
0
0
0
0
0
0
0
0
0
0
0
0
0
0
0
0
0
0
0
0
0
0
0
0
0
0
0
0
0
0
0
0
0
0
0
0
0
0
0
0
0
0
0
0
0
0
0
0
0
0
0
0
0
0
0
0
0
0
0
0
0
0
0
0
0
0
0
0
0
0
0
0
0
0
0
0
0
0
0
0
0
0
0
0
0
0
0
0
0
0
0
0
0
0
0
0
0
0
0
0
0
0
0
0
0
0
0
0
0
0
0
0
0
0
0
0
0
0
0
0
0
0
0
0
0
0
0
0
0
0
0
0
0
0
0
0
0
0
0
0
0
0
0
0
0
0.0591483029920971
0.0546359870405666
0.0254288782367717
0
0
0
0
0
0
0
0
0
0
0
0
0
0
0
0
0
0
0
0
0
0
0
0
0
0
0
0
0
0
0
0
0
0
0
0
0
0
0
0
0
0
0
0
0
0
0
0
0
0
0
0
0
0
0
0
0
0
0
0
0
0
0
0
0
0
0
0
0
0
0
0
0
0
0
0
0
0
0
0
0
0
0
0
0
0
0
0
0
0
0
0
0
0
0
0
0
0
0
0
0
0
0
0
0
0
0
0
0
0
0
0
0
0
0
0
0
0
0
0
0
0
0
0
0
0
0
0
0
0
0
0
0
0
0
0
0
0
0
0
0
0
0
0
0
0
0
0.0582482479115832
0.0540227423552654
0.0251817268203681
0
0
0
0
0
0
0
0
0
0
0
0
0
0
0
0
0
0
0
0
0
0
0
0
0
0
0
0
0
0
0
0
0
0
0
0
0
0
0
0
0
0
0
0
0
0
0
0
0
0
0
0
0
0
0
0
0
0
0
0
0
0
0
0
0
0
0
0
0
0
0
0
0
0
0
0
0
0
0
0
0
0
0
0
0
0
0
0
0
0
0
0
0
0
0
0
0
0
0
0
0
0
0
0
0
0
0
0
0
0
0
0
0
0
0
0
0
0
0
0
0
0
0
0
0
0
0
0
0
0
0
0
0
0
0
0
0
0
0
0
0
0
0
0
0
0
0
0.057387240542435
0.0534165488635698
0.0249316704295227
0
0
0
0
0
0
0
0
0
0
0
0
0
0
0
0
0
0
0
0
0
0
0
0
0
0
0
0
0
0
0
0
0
0
0
0
0
0
0
0
0
0
0
0
0
0
0
0
0
0
0
0
0
0
0
0
0
0
0
0
0
0
0
0
0
0
0
0
0
0
0
0
0
0
0
0
0
0
0
0
0
0
0
0
0
0
0
0
0
0
0
0
0
0
0
0
0
0
0
0
0
0
0
0
0
0
0
0
0
0
0
0
0
0
0
0
0
0
0
0
0
0
0
0
0
0
0
0
0
0
0
0
0
0
0
0
0
0
0
0
0
0
0
0
0
0
0
0.0565177185653303
0.0528322113987163
0.0246760820327916
0
0
0
0
0
0
0
0
0
0
0
0
0
0
0
0
0
0
0
0
0
0
0
0
0
0
0
0
0
0
0
0
0
0
0
0
0
0
0
0
0
0
0
0
0
0
0
0
0
0
0
0
0
0
0
0
0
0
0
0
0
0
0
0
0
0
0
0
0
0
0
0
0
0
0
0
0
0
0
0
0
0
0
0
0
0
0
0
0
0
0
0
0
0
0
0
0
0
0
0
0
0
0
0
0
0
0
0
0
0
0
0
0
0
0
0
0
0
0
0
0
0
0
0
0
0
0
0
0
0
0
0
0
0
0
0
0
0
0
0
0
0
0
0
0
0
0
0.0557170225175792
0.0522273174216284
0.0244394490177964
0
0
0
0
0
0
0
0
0
0
0
0
0
0
0
0
0
0
0
0
0
0
0
0
0
0
0
0
0
0
0
0
0
0
0
0
0
0
0
0
0
0
0
0
0
0
0
0
0
0
0
0
0
0
0
0
0
0
0
0
0
0
0
0
0
0
0
0
0
0
0
0
0
0
0
0
0
0
0
0
0
0
0
0
0
0
0
0
0
0
0
0
0
0
0
0
0
0
0
0
0
0
0
0
0
0
0
0
0
0
0
0
0
0
0
0
0
0
0
0
0
0
0
0
0
0
0
0
0
0
0
0
0
0
0
0
0
0
0
0
0
0
0
0
0
0
0
0.0549197184363511
0.0516879971305461
0.0241862478147132
0
0
0
0
0
0
0
0
0
0
0
0
0
0
0
0
0
0
0
0
0
0
0
0
0
0
0
0
0
0
0
0
0
0
0
0
0
0
0
0
0
0
0
0
0
0
0
0
0
0
0
0
0
0
0
0
0
0
0
0
0
0
0
0
0
0
0
0
0
0
0
0
0
0
0
0
0
0
0
0
0
0
0
0
0
0
0
0
0
0
0
0
0
0
0
0
0
0
0
0
0
0
0
0
0
0
0
0
0
0
0
0
0
0
0
0
0
0
0
0
0
0
0
0
0
0
0
0
0
0
0
0
0
0
0
0
0
0
0
0
0
0
0
0
0
0
0
0.0541550266982645
0.0511509510271439
0.0239704419847433
0
0
0
0
0
0
0
0
0
0
0
0
0
0
0
0
0
0
0
0
0
0
0
0
0
0
0
0
0
0
0
0
0
0
0
0
0
0
0
0
0
0
0
0
0
0
0
0
0
0
0
0
0
0
0
0
0
0
0
0
0
0
0
0
0
0
0
0
0
0
0
0
0
0
0
0
0
0
0
0
0
0
0
0
0
0
0
0
0
0
0
0
0
0
0
0
0
0
0
0
0
0
0
0
0
0
0
0
0
0
0
0
0
0
0
0
0
0
0
0
0
0
0
0
0
0
0
0
0
0
0
0
0
0
0
0
0
0
0
0
0
0
0
0
0
0
0
0.0534003453979521
0.0506372822645813
0.0237435846034628
0
0
0
0
0
0
0
0
0
0
0
0
0
0
0
0
0
0
0
0
0
0
0
0
0
0
0
0
0
0
0
0
0
0
0
0
0
0
0
0
0
0
0
0
0
0
0
0
0
0
0
0
0
0
0
0
0
0
0
0
0
0
0
0
0
0
0
0
0
0
0
0
0
0
0
0
0
0
0
0
0
0
0
0
0
0
0
0
0
0
0
0
0
0
0
0
0
0
0
0
0
0
0
0
0
0
0
0
0
0
0
0
0
0
0
0
0
0
0
0
0
0
0
0
0
0
0
0
0
0
0
0
0
0
0
0
0
0
0
0
0
0
0
0
0
0
0
0.0526534336154484
0.0501277113412787
0.0235193814492346
0
0
0
0
0
0
0
0
0
0
0
0
0
0
0
0
0
0
0
0
0
0
0
0
0
0
0
0
0
0
0
0
0
0
0
0
0
0
0
0
0
0
0
0
0
0
0
0
0
0
0
0
0
0
0
0
0
0
0
0
0
0
0
0
0
0
0
0
0
0
0
0
0
0
0
0
0
0
0
0
0
0
0
0
0
0
0
0
0
0
0
0
0
0
0
0
0
0
0
0
0
0
0
0
0
0
0
0
0
0
0
0
0
0
0
0
0
0
0
0
0
0
0
0
0
0
0
0
0
0
0
0
0
0
0
0
0
0
0
0
0
0
0
0
0
0
0
0.0519223499951204
0.0496287669561553
0
0
0
0
0
0
0
0
0
0
0
0
0
0
0
0
0
0
0
0
0
0
0
0
0
0
0
0
0
0
0
0
0
0
0
0
0
0
0
0
0
0
0
0
0
0
0
0
0
0
0
0
0
0
0
0
0
0
0
0
0
0
0
0
0
0
0
0
0
0
0
0
0
0
0
0
0
0
0
0
0
0
0
0
0
0
0
0
0
0
0
0
0
0
0
0
0
0
0
0
0
0
0
0
0
0
0
0
0
0
0
0
0
0
0
0
0
0
0
0
0
0
0
0
0
0
0
0
0
0
0
0
0
0
0
0
0
0
0
0
0
0
0
0
0
0
0
0
0.0512062924329133
0.0491434077914935
0
0
0
0
0
0
0
0
0
0
0
0
0
0
0
0
0
0
0
0
0
0
0
0
0
0
0
0
0
0
0
0
0
0
0
0
0
0
0
0
0
0
0
0
0
0
0
0
0
0
0
0
0
0
0
0
0
0
0
0
0
0
0
0
0
0
0
0
0
0
0
0
0
0
0
0
0
0
0
0
0
0
0
0
0
0
0
0
0
0
0
0
0
0
0
0
0
0
0
0
0
0
0
0
0
0
0
0
0
0
0
0
0
0
0
0
0
0
0
0
0
0
0
0
0
0
0
0
0
0
0
0
0
0
0
0
0
0
0
0
0
0
0
0
0
0
0
0
0.0504947581657116
0.048673812176763
0
0
0
0
0
0
0
0
0
0
0
0
0
0
0
0
0
0
0
0
0
0
0
0
0
0
0
0
0
0
0
0
0
0
0
0
0
0
0
0
0
0
0
0
0
0
0
0
0
0
0
0
0
0
0
0
0
0
0
0
0
0
0
0
0
0
0
0
0
0
0
0
0
0
0
0
0
0
0
0
0
0
0
0
0
0
0
0
0
0
0
0
0
0
0
0
0
0
0
0
0
0
0
0
0
0
0
0
0
0
0
0
0
0
0
0
0
0
0
0
0
0
0
0
0
0
0
0
0
0
0
0
0
0
0
0
0
0
0
0
0
0
0
0
0
0
0
0
0.0497902110625618
0.0482060913703947
0
0
0
0
0
0
0
0
0
0
0
0
0
0
0
0
0
0
0
0
0
0
0
0
0
0
0
0
0
0
0
0
0
0
0
0
0
0
0
0
0
0
0
0
0
0
0
0
0
0
0
0
0
0
0
0
0
0
0
0
0
0
0
0
0
0
0
0
0
0
0
0
0
0
0
0
0
0
0
0
0
0
0
0
0
0
0
0
0
0
0
0
0
0
0
0
0
0
0
0
0
0
0
0
0
0
0
0
0
0
0
0
0
0
0
0
0
0
0
0
0
0
0
0
0
0
0
0
0
0
0
0
0
0
0
0
0
0
0
0
0
0
0
0
0
0
0
0
0.0491035483571737
0.0477467941509065
0
0
0
0
0
0
0
0
0
0
0
0
0
0
0
0
0
0
0
0
0
0
0
0
0
0
0
0
0
0
0
0
0
0
0
0
0
0
0
0
0
0
0
0
0
0
0
0
0
0
0
0
0
0
0
0
0
0
0
0
0
0
0
0
0
0
0
0
0
0
0
0
0
0
0
0
0
0
0
0
0
0
0
0
0
0
0
0
0
0
0
0
0
0
0
0
0
0
0
0
0
0
0
0
0
0
0
0
0
0
0
0
0
0
0
0
0
0
0
0
0
0
0
0
0
0
0
0
0
0
0
0
0
0
0
0
0
0
0
0
0
0
0
0
0
0
0
0
0.0484238218349809
0.0473003391880067
0
0
0
0
0
0
0
0
0
0
0
0
0
0
0
0
0
0
0
0
0
0
0
0
0
0
0
0
0
0
0
0
0
0
0
0
0
0
0
0
0
0
0
0
0
0
0
0
0
0
0
0
0
0
0
0
0
0
0
0
0
0
0
0
0
0
0
0
0
0
0
0
0
0
0
0
0
0
0
0
0
0
0
0
0
0
0
0
0
0
0
0
0
0
0
0
0
0
0
0
0
0
0
0
0
0
0
0
0
0
0
0
0
0
0
0
0
0
0
0
0
0
0
0
0
0
0
0
0
0
0
0
0
0
0
0
0
0
0
0
0
0
0
0
0
0
0
0
0.0477477362007372
0.046862205037848
0
0
0
0
0
0
0
0
0
0
0
0
0
0
0
0
0
0
0
0
0
0
0
0
0
0
0
0
0
0
0
0
0
0
0
0
0
0
0
0
0
0
0
0
0
0
0
0
0
0
0
0
0
0
0
0
0
0
0
0
0
0
0
0
0
0
0
0
0
0
0
0
0
0
0
0
0
0
0
0
0
0
0
0
0
0
0
0
0
0
0
0
0
0
0
0
0
0
0
0
0
0
0
0
0
0
0
0
0
0
0
0
0
0
0
0
0
0
0
0
0
0
0
0
0
0
0
0
0
0
0
0
0
0
0
0
0
0
0
0
0
0
0
0
0
0
0
0
0.0470342682222576
0.046423912494247
0
0
0
0
0
0
0
0
0
0
0
0
0
0
0
0
0
0
0
0
0
0
0
0
0
0
0
0
0
0
0
0
0
0
0
0
0
0
0
0
0
0
0
0
0
0
0
0
0
0
0
0
0
0
0
0
0
0
0
0
0
0
0
0
0
0
0
0
0
0
0
0
0
0
0
0
0
0
0
0
0
0
0
0
0
0
0
0
0
0
0
0
0
0
0
0
0
0
0
0
0
0
0
0
0
0
0
0
0
0
0
0
0
0
0
0
0
0
0
0
0
0
0
0
0
0
0
0
0
0
0
0
0
0
0
0
0
0
0
0
0
0
0
0
0
0
0
0
0.0463275056370663
0.0459536395766188
0
0
0
0
0
0
0
0
0
0
0
0
0
0
0
0
0
0
0
0
0
0
0
0
0
0
0
0
0
0
0
0
0
0
0
0
0
0
0
0
0
0
0
0
0
0
0
0
0
0
0
0
0
0
0
0
0
0
0
0
0
0
0
0
0
0
0
0
0
0
0
0
0
0
0
0
0
0
0
0
0
0
0
0
0
0
0
0
0
0
0
0
0
0
0
0
0
0
0
0
0
0
0
0
0
0
0
0
0
0
0
0
0
0
0
0
0
0
0
0
0
0
0
0
0
0
0
0
0
0
0
0
0
0
0
0
0
0
0
0
0
0
0
0
0
0
0
0
0.0456544492719195
0.0454883011398438
0
0
0
0
0
0
0
0
0
0
0
0
0
0
0
0
0
0
0
0
0
0
0
0
0
0
0
0
0
0
0
0
0
0
0
0
0
0
0
0
0
0
0
0
0
0
0
0
0
0
0
0
0
0
0
0
0
0
0
0
0
0
0
0
0
0
0
0
0
0
0
0
0
0
0
0
0
0
0
0
0
0
0
0
0
0
0
0
0
0
0
0
0
0
0
0
0
0
0
0
0
0
0
0
0
0
0
0
0
0
0
0
0
0
0
0
0
0
0
0
0
0
0
0
0
0
0
0
0
0
0
0
0
0
0
0
0
0
0
0
0
0
0
0
0
0
0
0
0.0450254629125689
0.0450535660831026
0
0
0
0
0
0
0
0
0
0
0
0
0
0
0
0
0
0
0
0
0
0
0
0
0
0
0
0
0
0
0
0
0
0
0
0
0
0
0
0
0
0
0
0
0
0
0
0
0
0
0
0
0
0
0
0
0
0
0
0
0
0
0
0
0
0
0
0
0
0
0
0
0
0
0
0
0
0
0
0
0
0
0
0
0
0
0
0
0
0
0
0
0
0
0
0
0
0
0
0
0
0
0
0
0
0
0
0
0
0
0
0
0
0
0
0
0
0
0
0
0
0
0
0
0
0
0
0
0
0
0
0
0
0
0
0
0
0
0
0
0
0
0
0
0
0
0
0
0.0444256487016118
0.0446436409804149
0
0
0
0
0
0
0
0
0
0
0
0
0
0
0
0
0
0
0
0
0
0
0
0
0
0
0
0
0
0
0
0
0
0
0
0
0
0
0
0
0
0
0
0
0
0
0
0
0
0
0
0
0
0
0
0
0
0
0
0
0
0
0
0
0
0
0
0
0
0
0
0
0
0
0
0
0
0
0
0
0
0
0
0
0
0
0
0
0
0
0
0
0
0
0
0
0
0
0
0
0
0
0
0
0
0
0
0
0
0
0
0
0
0
0
0
0
0
0
0
0
0
0
0
0
0
0
0
0
0
0
0
0
0
0
0
0
0
0
0
0
0
0
0
0
0
0
0
0.0438279244512719
0.0442630286556872
0
0
0
0
0
0
0
0
0
0
0
0
0
0
0
0
0
0
0
0
0
0
0
0
0
0
0
0
0
0
0
0
0
0
0
0
0
0
0
0
0
0
0
0
0
0
0
0
0
0
0
0
0
0
0
0
0
0
0
0
0
0
0
0
0
0
0
0
0
0
0
0
0
0
0
0
0
0
0
0
0
0
0
0
0
0
0
0
0
0
0
0
0
0
0
0
0
0
0
0
0
0
0
0
0
0
0
0
0
0
0
0
0
0
0
0
0
0
0
0
0
0
0
0
0
0
0
0
0
0
0
0
0
0
0
0
0
0
0
0
0
0
0
0
0
0
0
0
0.0432290505860712
0.0438814821869728
0
0
0
0
0
0
0
0
0
0
0
0
0
0
0
0
0
0
0
0
0
0
0
0
0
0
0
0
0
0
0
0
0
0
0
0
0
0
0
0
0
0
0
0
0
0
0
0
0
0
0
0
0
0
0
0
0
0
0
0
0
0
0
0
0
0
0
0
0
0
0
0
0
0
0
0
0
0
0
0
0
0
0
0
0
0
0
0
0
0
0
0
0
0
0
0
0
0
0
0
0
0
0
0
0
0
0
0
0
0
0
0
0
0
0
0
0
0
0
0
0
0
0
0
0
0
0
0
0
0
0
0
0
0
0
0
0
0
0
0
0
0
0
0
0
0
0
0
0.0426965354344715
0.0434955979644297
0
0
0
0
0
0
0
0
0
0
0
0
0
0
0
0
0
0
0
0
0
0
0
0
0
0
0
0
0
0
0
0
0
0
0
0
0
0
0
0
0
0
0
0
0
0
0
0
0
0
0
0
0
0
0
0
0
0
0
0
0
0
0
0
0
0
0
0
0
0
0
0
0
0
0
0
0
0
0
0
0
0
0
0
0
0
0
0
0
0
0
0
0
0
0
0
0
0
0
0
0
0
0
0
0
0
0
0
0
0
0
0
0
0
0
0
0
0
0
0
0
0
0
0
0
0
0
0
0
0
0
0
0
0
0
0
0
0
0
0
0
0
0
0
0
0
0
0
0.0421600610650247
0.0431312781301958
0
0
0
0
0
0
0
0
0
0
0
0
0
0
0
0
0
0
0
0
0
0
0
0
0
0
0
0
0
0
0
0
0
0
0
0
0
0
0
0
0
0
0
0
0
0
0
0
0
0
0
0
0
0
0
0
0
0
0
0
0
0
0
0
0
0
0
0
0
0
0
0
0
0
0
0
0
0
0
0
0
0
0
0
0
0
0
0
0
0
0
0
0
0
0
0
0
0
0
0
0
0
0
0
0
0
0
0
0
0
0
0
0
0
0
0
0
0
0
0
0
0
0
0
0
0
0
0
0
0
0
0
0
0
0
0
0
0
0
0
0
0
0
0
0
0
0
0
0.041628190847479
0.0427524354972763
0
0
0
0
0
0
0
0
0
0
0
0
0
0
0
0
0
0
0
0
0
0
0
0
0
0
0
0
0
0
0
0
0
0
0
0
0
0
0
0
0
0
0
0
0
0
0
0
0
0
0
0
0
0
0
0
0
0
0
0
0
0
0
0
0
0
0
0
0
0
0
0
0
0
0
0
0
0
0
0
0
0
0
0
0
0
0
0
0
0
0
0
0
0
0
0
0
0
0
0
0
0
0
0
0
0
0
0
0
0
0
0
0
0
0
0
0
0
0
0
0
0
0
0
0
0
0
0
0
0
0
0
0
0
0
0
0
0
0
0
0
0
0
0
0
0
0
0
0.0411192023318391
0.0423779975007143
0
0
0
0
0
0
0
0
0
0
0
0
0
0
0
0
0
0
0
0
0
0
0
0
0
0
0
0
0
0
0
0
0
0
0
0
0
0
0
0
0
0
0
0
0
0
0
0
0
0
0
0
0
0
0
0
0
0
0
0
0
0
0
0
0
0
0
0
0
0
0
0
0
0
0
0
0
0
0
0
0
0
0
0
0
0
0
0
0
0
0
0
0
0
0
0
0
0
0
0
0
0
0
0
0
0
0
0
0
0
0
0
0
0
0
0
0
0
0
0
0
0
0
0
0
0
0
0
0
0
0
0
0
0
0
0
0
0
0
0
0
0
0
0
0
0
0
0
0.0406233151190761
0.0420319589998989
0
0
0
0
0
0
0
0
0
0
0
0
0
0
0
0
0
0
0
0
0
0
0
0
0
0
0
0
0
0
0
0
0
0
0
0
0
0
0
0
0
0
0
0
0
0
0
0
0
0
0
0
0
0
0
0
0
0
0
0
0
0
0
0
0
0
0
0
0
0
0
0
0
0
0
0
0
0
0
0
0
0
0
0
0
0
0
0
0
0
0
0
0
0
0
0
0
0
0
0
0
0
0
0
0
0
0
0
0
0
0
0
0
0
0
0
0
0
0
0
0
0
0
0
0
0
0
0
0
0
0
0
0
0
0
0
0
0
0
0
0
0
0
0
0
0
0
0
0.0401210879417348
0.0416946211515666
0
0
0
0
0
0
0
0
0
0
0
0
0
0
0
0
0
0
0
0
0
0
0
0
0
0
0
0
0
0
0
0
0
0
0
0
0
0
0
0
0
0
0
0
0
0
0
0
0
0
0
0
0
0
0
0
0
0
0
0
0
0
0
0
0
0
0
0
0
0
0
0
0
0
0
0
0
0
0
0
0
0
0
0
0
0
0
0
0
0
0
0
0
0
0
0
0
0
0
0
0
0
0
0
0
0
0
0
0
0
0
0
0
0
0
0
0
0
0
0
0
0
0
0
0
0
0
0
0
0
0
0
0
0
0
0
0
0
0
0
0
0
0
0
0
0
0
0
0.0396196775967365
0.041377322964186
0
0
0
0
0
0
0
0
0
0
0
0
0
0
0
0
0
0
0
0
0
0
0
0
0
0
0
0
0
0
0
0
0
0
0
0
0
0
0
0
0
0
0
0
0
0
0
0
0
0
0
0
0
0
0
0
0
0
0
0
0
0
0
0
0
0
0
0
0
0
0
0
0
0
0
0
0
0
0
0
0
0
0
0
0
0
0
0
0
0
0
0
0
0
0
0
0
0
0
0
0
0
0
0
0
0
0
0
0
0
0
0
0
0
0
0
0
0
0
0
0
0
0
0
0
0
0
0
0
0
0
0
0
0
0
0
0
0
0
0
0
0
0
0
0
0
0
0
0.0391227715844527
0.041063807872881
0
0
0
0
0
0
0
0
0
0
0
0
0
0
0
0
0
0
0
0
0
0
0
0
0
0
0
0
0
0
0
0
0
0
0
0
0
0
0
0
0
0
0
0
0
0
0
0
0
0
0
0
0
0
0
0
0
0
0
0
0
0
0
0
0
0
0
0
0
0
0
0
0
0
0
0
0
0
0
0
0
0
0
0
0
0
0
0
0
0
0
0
0
0
0
0
0
0
0
0
0
0
0
0
0
0
0
0
0
0
0
0
0
0
0
0
0
0
0
0
0
0
0
0
0
0
0
0
0
0
0
0
0
0
0
0
0
0
0
0
0
0
0
0
0
0
0
0
0.0386330676172211
0.0407539056781235
0
0
0
0
0
0
0
0
0
0
0
0
0
0
0
0
0
0
0
0
0
0
0
0
0
0
0
0
0
0
0
0
0
0
0
0
0
0
0
0
0
0
0
0
0
0
0
0
0
0
0
0
0
0
0
0
0
0
0
0
0
0
0
0
0
0
0
0
0
0
0
0
0
0
0
0
0
0
0
0
0
0
0
0
0
0
0
0
0
0
0
0
0
0
0
0
0
0
0
0
0
0
0
0
0
0
0
0
0
0
0
0
0
0
0
0
0
0
0
0
0
0
0
0
0
0
0
0
0
0
0
0
0
0
0
0
0
0
0
0
0
0
0
0
0
0
0
0
0.0381405051441939
0.0404444674073639
0
0
0
0
0
0
0
0
0
0
0
0
0
0
0
0
0
0
0
0
0
0
0
0
0
0
0
0
0
0
0
0
0
0
0
0
0
0
0
0
0
0
0
0
0
0
0
0
0
0
0
0
0
0
0
0
0
0
0
0
0
0
0
0
0
0
0
0
0
0
0
0
0
0
0
0
0
0
0
0
0
0
0
0
0
0
0
0
0
0
0
0
0
0
0
0
0
0
0
0
0
0
0
0
0
0
0
0
0
0
0
0
0
0
0
0
0
0
0
0
0
0
0
0
0
0
0
0
0
0
0
0
0
0
0
0
0
0
0
0
0
0
0
0
0
0
0
0
0.0376559408332234
0.0401327943238617
0
0
0
0
0
0
0
0
0
0
0
0
0
0
0
0
0
0
0
0
0
0
0
0
0
0
0
0
0
0
0
0
0
0
0
0
0
0
0
0
0
0
0
0
0
0
0
0
0
0
0
0
0
0
0
0
0
0
0
0
0
0
0
0
0
0
0
0
0
0
0
0
0
0
0
0
0
0
0
0
0
0
0
0
0
0
0
0
0
0
0
0
0
0
0
0
0
0
0
0
0
0
0
0
0
0
0
0
0
0
0
0
0
0
0
0
0
0
0
0
0
0
0
0
0
0
0
0
0
0
0
0
0
0
0
0
0
0
0
0
0
0
0
0
0
0
0
0
0.0371926336852812
0.0398279202849288
0
0
0
0
0
0
0
0
0
0
0
0
0
0
0
0
0
0
0
0
0
0
0
0
0
0
0
0
0
0
0
0
0
0
0
0
0
0
0
0
0
0
0
0
0
0
0
0
0
0
0
0
0
0
0
0
0
0
0
0
0
0
0
0
0
0
0
0
0
0
0
0
0
0
0
0
0
0
0
0
0
0
0
0
0
0
0
0
0
0
0
0
0
0
0
0
0
0
0
0
0
0
0
0
0
0
0
0
0
0
0
0
0
0
0
0
0
0
0
0
0
0
0
0
0
0
0
0
0
0
0
0
0
0
0
0
0
0
0
0
0
0
0
0
0
0
0
0
0.0367350844575904
0.0395357872311229
0
0
0
0
0
0
0
0
0
0
0
0
0
0
0
0
0
0
0
0
0
0
0
0
0
0
0
0
0
0
0
0
0
0
0
0
0
0
0
0
0
0
0
0
0
0
0
0
0
0
0
0
0
0
0
0
0
0
0
0
0
0
0
0
0
0
0
0
0
0
0
0
0
0
0
0
0
0
0
0
0
0
0
0
0
0
0
0
0
0
0
0
0
0
0
0
0
0
0
0
0
0
0
0
0
0
0
0
0
0
0
0
0
0
0
0
0
0
0
0
0
0
0
0
0
0
0
0
0
0
0
0
0
0
0
0
0
0
0
0
0
0
0
0
0
0
0
0
0.0362834073526956
0.0392508768741949
0
0
0
0
0
0
0
0
0
0
0
0
0
0
0
0
0
0
0
0
0
0
0
0
0
0
0
0
0
0
0
0
0
0
0
0
0
0
0
0
0
0
0
0
0
0
0
0
0
0
0
0
0
0
0
0
0
0
0
0
0
0
0
0
0
0
0
0
0
0
0
0
0
0
0
0
0
0
0
0
0
0
0
0
0
0
0
0
0
0
0
0
0
0
0
0
0
0
0
0
0
0
0
0
0
0
0
0
0
0
0
0
0
0
0
0
0
0
0
0
0
0
0
0
0
0
0
0
0
0
0
0
0
0
0
0
0
0
0
0
0
0
0
0
0
0
0
0
0.0358215175158401
0.0389672765459805
0
0
0
0
0
0
0
0
0
0
0
0
0
0
0
0
0
0
0
0
0
0
0
0
0
0
0
0
0
0
0
0
0
0
0
0
0
0
0
0
0
0
0
0
0
0
0
0
0
0
0
0
0
0
0
0
0
0
0
0
0
0
0
0
0
0
0
0
0
0
0
0
0
0
0
0
0
0
0
0
0
0
0
0
0
0
0
0
0
0
0
0
0
0
0
0
0
0
0
0
0
0
0
0
0
0
0
0
0
0
0
0
0
0
0
0
0
0
0
0
0
0
0
0
0
0
0
0
0
0
0
0
0
0
0
0
0
0
0
0
0
0
0
0
0
0
0
0
0.0353728480912379
0.0386852385517692
0
0
0
0
0
0
0
0
0
0
0
0
0
0
0
0
0
0
0
0
0
0
0
0
0
0
0
0
0
0
0
0
0
0
0
0
0
0
0
0
0
0
0
0
0
0
0
0
0
0
0
0
0
0
0
0
0
0
0
0
0
0
0
0
0
0
0
0
0
0
0
0
0
0
0
0
0
0
0
0
0
0
0
0
0
0
0
0
0
0
0
0
0
0
0
0
0
0
0
0
0
0
0
0
0
0
0
0
0
0
0
0
0
0
0
0
0
0
0
0
0
0
0
0
0
0
0
0
0
0
0
0
0
0
0
0
0
0
0
0
0
0
0
0
0
0
0
0
0.0349257907203706
0.0384030083013917
0
0
0
0
0
0
0
0
0
0
0
0
0
0
0
0
0
0
0
0
0
0
0
0
0
0
0
0
0
0
0
0
0
0
0
0
0
0
0
0
0
0
0
0
0
0
0
0
0
0
0
0
0
0
0
0
0
0
0
0
0
0
0
0
0
0
0
0
0
0
0
0
0
0
0
0
0
0
0
0
0
0
0
0
0
0
0
0
0
0
0
0
0
0
0
0
0
0
0
0
0
0
0
0
0
0
0
0
0
0
0
0
0
0
0
0
0
0
0
0
0
0
0
0
0
0
0
0
0
0
0
0
0
0
0
0
0
0
0
0
0
0
0
0
0
0
0
0
0.0344847187430211
0.0381238969165755
0
0
0
0
0
0
0
0
0
0
0
0
0
0
0
0
0
0
0
0
0
0
0
0
0
0
0
0
0
0
0
0
0
0
0
0
0
0
0
0
0
0
0
0
0
0
0
0
0
0
0
0
0
0
0
0
0
0
0
0
0
0
0
0
0
0
0
0
0
0
0
0
0
0
0
0
0
0
0
0
0
0
0
0
0
0
0
0
0
0
0
0
0
0
0
0
0
0
0
0
0
0
0
0
0
0
0
0
0
0
0
0
0
0
0
0
0
0
0
0
0
0
0
0
0
0
0
0
0
0
0
0
0
0
0
0
0
0
0
0
0
0
0
0
0
0
0
0
0.0340701769186385
0.0378607280883034
0
0
0
0
0
0
0
0
0
0
0
0
0
0
0
0
0
0
0
0
0
0
0
0
0
0
0
0
0
0
0
0
0
0
0
0
0
0
0
0
0
0
0
0
0
0
0
0
0
0
0
0
0
0
0
0
0
0
0
0
0
0
0
0
0
0
0
0
0
0
0
0
0
0
0
0
0
0
0
0
0
0
0
0
0
0
0
0
0
0
0
0
0
0
0
0
0
0
0
0
0
0
0
0
0
0
0
0
0
0
0
0
0
0
0
0
0
0
0
0
0
0
0
0
0
0
0
0
0
0
0
0
0
0
0
0
0
0
0
0
0
0
0
0
0
0
0
0
0.0336547306786634
0.0376042519213655
0
0
0
0
0
0
0
0
0
0
0
0
0
0
0
0
0
0
0
0
0
0
0
0
0
0
0
0
0
0
0
0
0
0
0
0
0
0
0
0
0
0
0
0
0
0
0
0
0
0
0
0
0
0
0
0
0
0
0
0
0
0
0
0
0
0
0
0
0
0
0
0
0
0
0
0
0
0
0
0
0
0
0
0
0
0
0
0
0
0
0
0
0
0
0
0
0
0
0
0
0
0
0
0
0
0
0
0
0
0
0
0
0
0
0
0
0
0
0
0
0
0
0
0
0
0
0
0
0
0
0
0
0
0
0
0
0
0
0
0
0
0
0
0
0
0
0
0
0.0332753466597244
0.0373462884069288
0
0
0
0
0
0
0
0
0
0
0
0
0
0
0
0
0
0
0
0
0
0
0
0
0
0
0
0
0
0
0
0
0
0
0
0
0
0
0
0
0
0
0
0
0
0
0
0
0
0
0
0
0
0
0
0
0
0
0
0
0
0
0
0
0
0
0
0
0
0
0
0
0
0
0
0
0
0
0
0
0
0
0
0
0
0
0
0
0
0
0
0
0
0
0
0
0
0
0
0
0
0
0
0
0
0
0
0
0
0
0
0
0
0
0
0
0
0
0
0
0
0
0
0
0
0
0
0
0
0
0
0
0
0
0
0
0
0
0
0
0
0
0
0
0
0
0
0
0.0329361610652668
0.0371398533911548
0
0
0
0
0
0
0
0
0
0
0
0
0
0
0
0
0
0
0
0
0
0
0
0
0
0
0
0
0
0
0
0
0
0
0
0
0
0
0
0
0
0
0
0
0
0
0
0
0
0
0
0
0
0
0
0
0
0
0
0
0
0
0
0
0
0
0
0
0
0
0
0
0
0
0
0
0
0
0
0
0
0
0
0
0
0
0
0
0
0
0
0
0
0
0
0
0
0
0
0
0
0
0
0
0
0
0
0
0
0
0
0
0
0
0
0
0
0
0
0
0
0
0
0
0
0
0
0
0
0
0
0
0
0
0
0
0
0
0
0
0
0
0
0
0
0
0
0
0.0326649239284289
0.0369507129994906
0
0
0
0
0
0
0
0
0
0
0
0
0
0
0
0
0
0
0
0
0
0
0
0
0
0
0
0
0
0
0
0
0
0
0
0
0
0
0
0
0
0
0
0
0
0
0
0
0
0
0
0
0
0
0
0
0
0
0
0
0
0
0
0
0
0
0
0
0
0
0
0
0
0
0
0
0
0
0
0
0
0
0
0
0
0
0
0
0
0
0
0
0
0
0
0
0
0
0
0
0
0
0
0
0
0
0
0
0
0
0
0
0
0
0
0
0
0
0
0
0
0
0
0
0
0
0
0
0
0
0
0
0
0
0
0
0
0
0
0
0
0
0
0
0
0
0
0
0.0323931381949333
0.0367998844029476
0
0
0
0
0
0
0
0
0
0
0
0
0
0
0
0
0
0
0
0
0
0
0
0
0
0
0
0
0
0
0
0
0
0
0
0
0
0
0
0
0
0
0
0
0
0
0
0
0
0
0
0
0
0
0
0
0
0
0
0
0
0
0
0
0
0
0
0
0
0
0
0
0
0
0
0
0
0
0
0
0
0
0
0
0
0
0
0
0
0
0
0
0
0
0
0
0
0
0
0
0
0
0
0
0
0
0
0
0
0
0
0
0
0
0
0
0
0
0
0
0
0
0
0
0
0
0
0
0
0
0
0
0
0
0
0
0
0
0
0
0
0
0
0
0
0
0
0
0.0321447948957703
0.0366456793995008
0
0
0
0
0
0
0
0
0
0
0
0
0
0
0
0
0
0
0
0
0
0
0
0
0
0
0
0
0
0
0
0
0
0
0
0
0
0
0
0
0
0
0
0
0
0
0
0
0
0
0
0
0
0
0
0
0
0
0
0
0
0
0
0
0
0
0
0
0
0
0
0
0
0
0
0
0
0
0
0
0
0
0
0
0
0
0
0
0
0
0
0
0
0
0
0
0
0
0
0
0
0
0
0
0
0
0
0
0
0
0
0
0
0
0
0
0
0
0
0
0
0
0
0
0
0
0
0
0
0
0
0
0
0
0
0
0
0
0
0
0
0
0
0
0
0
0
0
0.0318963449711802
0.0365173801557471
0
0
0
0
0
0
0
0
0
0
0
0
0
0
0
0
0
0
0
0
0
0
0
0
0
0
0
0
0
0
0
0
0
0
0
0
0
0
0
0
0
0
0
0
0
0
0
0
0
0
0
0
0
0
0
0
0
0
0
0
0
0
0
0
0
0
0
0
0
0
0
0
0
0
0
0
0
0
0
0
0
0
0
0
0
0
0
0
0
0
0
0
0
0
0
0
0
0
0
0
0
0
0
0
0
0
0
0
0
0
0
0
0
0
0
0
0
0
0
0
0
0
0
0
0
0
0
0
0
0
0
0
0
0
0
0
0
0
0
0
0
0
0
0
0
0
0
0
0.0316497543952287
0.0363877945352963
0
0
0
0
0
0
0
0
0
0
0
0
0
0
0
0
0
0
0
0
0
0
0
0
0
0
0
0
0
0
0
0
0
0
0
0
0
0
0
0
0
0
0
0
0
0
0
0
0
0
0
0
0
0
0
0
0
0
0
0
0
0
0
0
0
0
0
0
0
0
0
0
0
0
0
0
0
0
0
0
0
0
0
0
0
0
0
0
0
0
0
0
0
0
0
0
0
0
0
0
0
0
0
0
0
0
0
0
0
0
0
0
0
0
0
0
0
0
0
0
0
0
0
0
0
0
0
0
0
0
0
0
0
0
0
0
0
0
0
0
0
0
0
0
0
0
0
0
0.0314055483757054
0.0362603961378304
0
0
0
0
0
0
0
0
0
0
0
0
0
0
0
0
0
0
0
0
0
0
0
0
0
0
0
0
0
0
0
0
0
0
0
0
0
0
0
0
0
0
0
0
0
0
0
0
0
0
0
0
0
0
0
0
0
0
0
0
0
0
0
0
0
0
0
0
0
0
0
0
0
0
0
0
0
0
0
0
0
0
0
0
0
0
0
0
0
0
0
0
0
0
0
0
0
0
0
0
0
0
0
0
0
0
0
0
0
0
0
0
0
0
0
0
0
0
0
0
0
0
0
0
0
0
0
0
0
0
0
0
0
0
0
0
0
0
0
0
0
0
0
0
0
0
0
0
0.0311762776492362
0.0361359101758694
0
0
0
0
0
0
0
0
0
0
0
0
0
0
0
0
0
0
0
0
0
0
0
0
0
0
0
0
0
0
0
0
0
0
0
0
0
0
0
0
0
0
0
0
0
0
0
0
0
0
0
0
0
0
0
0
0
0
0
0
0
0
0
0
0
0
0
0
0
0
0
0
0
0
0
0
0
0
0
0
0
0
0
0
0
0
0
0
0
0
0
0
0
0
0
0
0
0
0
0
0
0
0
0
0
0
0
0
0
0
0
0
0
0
0
0
0
0
0
0
0
0
0
0
0
0
0
0
0
0
0
0
0
0
0
0
0
0
0
0
0
0
0
0
0
0
0
0
0.0309504178824586
0.0360288234228809
0
0
0
0
0
0
0
0
0
0
0
0
0
0
0
0
0
0
0
0
0
0
0
0
0
0
0
0
0
0
0
0
0
0
0
0
0
0
0
0
0
0
0
0
0
0
0
0
0
0
0
0
0
0
0
0
0
0
0
0
0
0
0
0
0
0
0
0
0
0
0
0
0
0
0
0
0
0
0
0
0
0
0
0
0
0
0
0
0
0
0
0
0
0
0
0
0
0
0
0
0
0
0
0
0
0
0
0
0
0
0
0
0
0
0
0
0
0
0
0
0
0
0
0
0
0
0
0
0
0
0
0
0
0
0
0
0
0
0
0
0
0
0
0
0
0
0
0
0.0307449270029007
0.0359300844820086
0
0
0
0
0
0
0
0
0
0
0
0
0
0
0
0
0
0
0
0
0
0
0
0
0
0
0
0
0
0
0
0
0
0
0
0
0
0
0
0
0
0
0
0
0
0
0
0
0
0
0
0
0
0
0
0
0
0
0
0
0
0
0
0
0
0
0
0
0
0
0
0
0
0
0
0
0
0
0
0
0
0
0
0
0
0
0
0
0
0
0
0
0
0
0
0
0
0
0
0
0
0
0
0
0
0
0
0
0
0
0
0
0
0
0
0
0
0
0
0
0
0
0
0
0
0
0
0
0
0
0
0
0
0
0
0
0
0
0
0
0
0
0
0
0
0
0
0
0.0305426492474907
0.0358406322334735
0
0
0
0
0
0
0
0
0
0
0
0
0
0
0
0
0
0
0
0
0
0
0
0
0
0
0
0
0
0
0
0
0
0
0
0
0
0
0
0
0
0
0
0
0
0
0
0
0
0
0
0
0
0
0
0
0
0
0
0
0
0
0
0
0
0
0
0
0
0
0
0
0
0
0
0
0
0
0
0
0
0
0
0
0
0
0
0
0
0
0
0
0
0
0
0
0
0
0
0
0
0
0
0
0
0
0
0
0
0
0
0
0
0
0
0
0
0
0
0
0
0
0
0
0
0
0
0
0
0
0
0
0
0
0
0
0
0
0
0
0
0
0
0
0
0
0
0
0.0303350135011116
0.0357577380966102
0
0
0
0
0
0
0
0
0
0
0
0
0
0
0
0
0
0
0
0
0
0
0
0
0
0
0
0
0
0
0
0
0
0
0
0
0
0
0
0
0
0
0
0
0
0
0
0
0
0
0
0
0
0
0
0
0
0
0
0
0
0
0
0
0
0
0
0
0
0
0
0
0
0
0
0
0
0
0
0
0
0
0
0
0
0
0
0
0
0
0
0
0
0
0
0
0
0
0
0
0
0
0
0
0
0
0
0
0
0
0
0
0
0
0
0
0
0
0
0
0
0
0
0
0
0
0
0
0
0
0
0
0
0
0
0
0
0
0
0
0
0
0
0
0
0
0
0
0.0301303920710785
0.0356653938263213
0
0
0
0
0
0
0
0
0
0
0
0
0
0
0
0
0
0
0
0
0
0
0
0
0
0
0
0
0
0
0
0
0
0
0
0
0
0
0
0
0
0
0
0
0
0
0
0
0
0
0
0
0
0
0
0
0
0
0
0
0
0
0
0
0
0
0
0
0
0
0
0
0
0
0
0
0
0
0
0
0
0
0
0
0
0
0
0
0
0
0
0
0
0
0
0
0
0
0
0
0
0
0
0
0
0
0
0
0
0
0
0
0
0
0
0
0
0
0
0
0
0
0
0
0
0
0
0
0
0
0
0
0
0
0
0
0
0
0
0
0
0
0
0
0
0
0
0
0.0299394746535528
0.0355816904052679
0
0
0
0
0
0
0
0
0
0
0
0
0
0
0
0
0
0
0
0
0
0
0
0
0
0
0
0
0
0
0
0
0
0
0
0
0
0
0
0
0
0
0
0
0
0
0
0
0
0
0
0
0
0
0
0
0
0
0
0
0
0
0
0
0
0
0
0
0
0
0
0
0
0
0
0
0
0
0
0
0
0
0
0
0
0
0
0
0
0
0
0
0
0
0
0
0
0
0
0
0
0
0
0
0
0
0
0
0
0
0
0
0
0
0
0
0
0
0
0
0
0
0
0
0
0
0
0
0
0
0
0
0
0
0
0
0
0
0
0
0
0
0
0
0
0
0
0
0.0297873926108463
0.035512921638667
0
0
0
0
0
0
0
0
0
0
0
0
0
0
0
0
0
0
0
0
0
0
0
0
0
0
0
0
0
0
0
0
0
0
0
0
0
0
0
0
0
0
0
0
0
0
0
0
0
0
0
0
0
0
0
0
0
0
0
0
0
0
0
0
0
0
0
0
0
0
0
0
0
0
0
0
0
0
0
0
0
0
0
0
0
0
0
0
0
0
0
0
0
0
0
0
0
0
0
0
0
0
0
0
0
0
0
0
0
0
0
0
0
0
0
0
0
0
0
0
0
0
0
0
0
0
0
0
0
0
0
0
0
0
0
0
0
0
0
0
0
0
0
0
0
0
0
0
0.0296326716925987
0.0354494684311932
0
0
0
0
0
0
0
0
0
0
0
0
0
0
0
0
0
0
0
0
0
0
0
0
0
0
0
0
0
0
0
0
0
0
0
0
0
0
0
0
0
0
0
0
0
0
0
0
0
0
0
0
0
0
0
0
0
0
0
0
0
0
0
0
0
0
0
0
0
0
0
0
0
0
0
0
0
0
0
0
0
0
0
0
0
0
0
0
0
0
0
0
0
0
0
0
0
0
0
0
0
0
0
0
0
0
0
0
0
0
0
0
0
0
0
0
0
0
0
0
0
0
0
0
0
0
0
0
0
0
0
0
0
0
0
0
0
0
0
0
0
0
0
0
0
0
0
0
0.0294799290057399
0.0353836974539641
0
0
0
0
0
0
0
0
0
0
0
0
0
0
0
0
0
0
0
0
0
0
0
0
0
0
0
0
0
0
0
0
0
0
0
0
0
0
0
0
0
0
0
0
0
0
0
0
0
0
0
0
0
0
0
0
0
0
0
0
0
0
0
0
0
0
0
0
0
0
0
0
0
0
0
0
0
0
0
0
0
0
0
0
0
0
0
0
0
0
0
0
0
0
0
0
0
0
0
0
0
0
0
0
0
0
0
0
0
0
0
0
0
0
0
0
0
0
0
0
0
0
0
0
0
0
0
0
0
0
0
0
0
0
0
0
0
0
0
0
0
0
0
0
0
0
0
0
0.0293339370946205
0.0353208236973952
0
0
0
0
0
0
0
0
0
0
0
0
0
0
0
0
0
0
0
0
0
0
0
0
0
0
0
0
0
0
0
0
0
0
0
0
0
0
0
0
0
0
0
0
0
0
0
0
0
0
0
0
0
0
0
0
0
0
0
0
0
0
0
0
0
0
0
0
0
0
0
0
0
0
0
0
0
0
0
0
0
0
0
0
0
0
0
0
0
0
0
0
0
0
0
0
0
0
0
0
0
0
0
0
0
0
0
0
0
0
0
0
0
0
0
0
0
0
0
0
0
0
0
0
0
0
0
0
0
0
0
0
0
0
0
0
0
0
0
0
0
0
0
0
0
0
0
0
0.0291957860808596
0.0352664192783308
0
0
0
0
0
0
0
0
0
0
0
0
0
0
0
0
0
0
0
0
0
0
0
0
0
0
0
0
0
0
0
0
0
0
0
0
0
0
0
0
0
0
0
0
0
0
0
0
0
0
0
0
0
0
0
0
0
0
0
0
0
0
0
0
0
0
0
0
0
0
0
0
0
0
0
0
0
0
0
0
0
0
0
0
0
0
0
0
0
0
0
0
0
0
0
0
0
0
0
0
0
0
0
0
0
0
0
0
0
0
0
0
0
0
0
0
0
0
0
0
0
0
0
0
0
0
0
0
0
0
0
0
0
0
0
0
0
0
0
0
0
0
0
0
0
0
0
0
0.0290723399830379
0.0352236635615776
0
0
0
0
0
0
0
0
0
0
0
0
0
0
0
0
0
0
0
0
0
0
0
0
0
0
0
0
0
0
0
0
0
0
0
0
0
0
0
0
0
0
0
0
0
0
0
0
0
0
0
0
0
0
0
0
0
0
0
0
0
0
0
0
0
0
0
0
0
0
0
0
0
0
0
0
0
0
0
0
0
0
0
0
0
0
0
0
0
0
0
0
0
0
0
0
0
0
0
0
0
0
0
0
0
0
0
0
0
0
0
0
0
0
0
0
0
0
0
0
0
0
0
0
0
0
0
0
0
0
0
0
0
0
0
0
0
0
0
0
0
0
0
0
0
0
0
0
0.0289528462586467
0.0351964197780259
0
0
0
0
0
0
0
0
0
0
0
0
0
0
0
0
0
0
0
0
0
0
0
0
0
0
0
0
0
0
0
0
0
0
0
0
0
0
0
0
0
0
0
0
0
0
0
0
0
0
0
0
0
0
0
0
0
0
0
0
0
0
0
0
0
0
0
0
0
0
0
0
0
0
0
0
0
0
0
0
0
0
0
0
0
0
0
0
0
0
0
0
0
0
0
0
0
0
0
0
0
0
0
0
0
0
0
0
0
0
0
0
0
0
0
0
0
0
0
0
0
0
0
0
0
0
0
0
0
0
0
0
0
0
0
0
0
0
0
0
0
0
0
0
0
0
0
0
0.0288355096601894
0.0351725187553235
0
0
0
0
0
0
0
0
0
0
0
0
0
0
0
0
0
0
0
0
0
0
0
0
0
0
0
0
0
0
0
0
0
0
0
0
0
0
0
0
0
0
0
0
0
0
0
0
0
0
0
0
0
0
0
0
0
0
0
0
0
0
0
0
0
0
0
0
0
0
0
0
0
0
0
0
0
0
0
0
0
0
0
0
0
0
0
0
0
0
0
0
0
0
0
0
0
0
0
0
0
0
0
0
0
0
0
0
0
0
0
0
0
0
0
0
0
0
0
0
0
0
0
0
0
0
0
0
0
0
0
0
0
0
0
0
0
0
0
0
0
0
0
0
0
0
0
0
0.028723255952242
0.0351589576435464
0
0
0
0
0
0
0
0
0
0
0
0
0
0
0
0
0
0
0
0
0
0
0
0
0
0
0
0
0
0
0
0
0
0
0
0
0
0
0
0
0
0
0
0
0
0
0
0
0
0
0
0
0
0
0
0
0
0
0
0
0
0
0
0
0
0
0
0
0
0
0
0
0
0
0
0
0
0
0
0
0
0
0
0
0
0
0
0
0
0
0
0
0
0
0
0
0
0
0
0
0
0
0
0
0
0
0
0
0
0
0
0
0
0
0
0
0
0
0
0
0
0
0
0
0
0
0
0
0
0
0
0
0
0
0
0
0
0
0
0
0
0
0
0
0
0
0
0
0.0286045045352507
0.0351419708559779
0
0
0
0
0
0
0
0
0
0
0
0
0
0
0
0
0
0
0
0
0
0
0
0
0
0
0
0
0
0
0
0
0
0
0
0
0
0
0
0
0
0
0
0
0
0
0
0
0
0
0
0
0
0
0
0
0
0
0
0
0
0
0
0
0
0
0
0
0
0
0
0
0
0
0
0
0
0
0
0
0
0
0
0
0
0
0
0
0
0
0
0
0
0
0
0
0
0
0
0
0
0
0
0
0
0
0
0
0
0
0
0
0
0
0
0
0
0
0
0
0
0
0
0
0
0
0
0
0
0
0
0
0
0
0
0
0
0
0
0
0
0
0
0
0
0
0
0
0.0284850874773721
0.0351193854395321
0
0
0
0
0
0
0
0
0
0
0
0
0
0
0
0
0
0
0
0
0
0
0
0
0
0
0
0
0
0
0
0
0
0
0
0
0
0
0
0
0
0
0
0
0
0
0
0
0
0
0
0
0
0
0
0
0
0
0
0
0
0
0
0
0
0
0
0
0
0
0
0
0
0
0
0
0
0
0
0
0
0
0
0
0
0
0
0
0
0
0
0
0
0
0
0
0
0
0
0
0
0
0
0
0
0
0
0
0
0
0
0
0
0
0
0
0
0
0
0
0
0
0
0
0
0
0
0
0
0
0
0
0
0
0
0
0
0
0
0
0
0
0
0
0
0
0
0
0.0283720909085096
0.0350967183542411
0
0
0
0
0
0
0
0
0
0
0
0
0
0
0
0
0
0
0
0
0
0
0
0
0
0
0
0
0
0
0
0
0
0
0
0
0
0
0
0
0
0
0
0
0
0
0
0
0
0
0
0
0
0
0
0
0
0
0
0
0
0
0
0
0
0
0
0
0
0
0
0
0
0
0
0
0
0
0
0
0
0
0
0
0
0
0
0
0
0
0
0
0
0
0
0
0
0
0
0
0
0
0
0
0
0
0
0
0
0
0
0
0
0
0
0
0
0
0
0
0
0
0
0
0
0
0
0
0
0
0
0
0
0
0
0
0
0
0
0
0
0
0
0
0
0
0
0
0.0282647972224503
0.0350790965813276
0
0
0
0
0
0
0
0
0
0
0
0
0
0
0
0
0
0
0
0
0
0
0
0
0
0
0
0
0
0
0
0
0
0
0
0
0
0
0
0
0
0
0
0
0
0
0
0
0
0
0
0
0
0
0
0
0
0
0
0
0
0
0
0
0
0
0
0
0
0
0
0
0
0
0
0
0
0
0
0
0
0
0
0
0
0
0
0
0
0
0
0
0
0
0
0
0
0
0
0
0
0
0
0
0
0
0
0
0
0
0
0
0
0
0
0
0
0
0
0
0
0
0
0
0
0
0
0
0
0
0
0
0
0
0
0
0
0
0
0
0
0
0
0
0
0
0
0
0.0281639551280739
0.0350655962013314
0
0
0
0
0
0
0
0
0
0
0
0
0
0
0
0
0
0
0
0
0
0
0
0
0
0
0
0
0
0
0
0
0
0
0
0
0
0
0
0
0
0
0
0
0
0
0
0
0
0
0
0
0
0
0
0
0
0
0
0
0
0
0
0
0
0
0
0
0
0
0
0
0
0
0
0
0
0
0
0
0
0
0
0
0
0
0
0
0
0
0
0
0
0
0
0
0
0
0
0
0
0
0
0
0
0
0
0
0
0
0
0
0
0
0
0
0
0
0
0
0
0
0
0
0
0
0
0
0
0
0
0
0
0
0
0
0
0
0
0
0
0
0
0
0
0
0
0
0.0280593628312295
0.0350459313899329
0
0
0
0
0
0
0
0
0
0
0
0
0
0
0
0
0
0
0
0
0
0
0
0
0
0
0
0
0
0
0
0
0
0
0
0
0
0
0
0
0
0
0
0
0
0
0
0
0
0
0
0
0
0
0
0
0
0
0
0
0
0
0
0
0
0
0
0
0
0
0
0
0
0
0
0
0
0
0
0
0
0
0
0
0
0
0
0
0
0
0
0
0
0
0
0
0
0
0
0
0
0
0
0
0
0
0
0
0
0
0
0
0
0
0
0
0
0
0
0
0
0
0
0
0
0
0
0
0
0
0
0
0
0
0
0
0
0
0
0
0
0
0
0
0
0
0
0
0.0279547352066982
0.035021767272309
0
0
0
0
0
0
0
0
0
0
0
0
0
0
0
0
0
0
0
0
0
0
0
0
0
0
0
0
0
0
0
0
0
0
0
0
0
0
0
0
0
0
0
0
0
0
0
0
0
0
0
0
0
0
0
0
0
0
0
0
0
0
0
0
0
0
0
0
0
0
0
0
0
0
0
0
0
0
0
0
0
0
0
0
0
0
0
0
0
0
0
0
0
0
0
0
0
0
0
0
0
0
0
0
0
0
0
0
0
0
0
0
0
0
0
0
0
0
0
0
0
0
0
0
0
0
0
0
0
0
0
0
0
0
0
0
0
0
0
0
0
0
0
0
0
0
0
0
0.0278699400493922
0.0349994800577006
0
0
0
0
0
0
0
0
0
0
0
0
0
0
0
0
0
0
0
0
0
0
0
0
0
0
0
0
0
0
0
0
0
0
0
0
0
0
0
0
0
0
0
0
0
0
0
0
0
0
0
0
0
0
0
0
0
0
0
0
0
0
0
0
0
0
0
0
0
0
0
0
0
0
0
0
0
0
0
0
0
0
0
0
0
0
0
0
0
0
0
0
0
0
0
0
0
0
0
0
0
0
0
0
0
0
0
0
0
0
0
0
0
0
0
0
0
0
0
0
0
0
0
0
0
0
0
0
0
0
0
0
0
0
0
0
0
0
0
0
0
0
0
0
0
0
0
0
0.0277917929693656
0.0350024088154147
0
0
0
0
0
0
0
0
0
0
0
0
0
0
0
0
0
0
0
0
0
0
0
0
0
0
0
0
0
0
0
0
0
0
0
0
0
0
0
0
0
0
0
0
0
0
0
0
0
0
0
0
0
0
0
0
0
0
0
0
0
0
0
0
0
0
0
0
0
0
0
0
0
0
0
0
0
0
0
0
0
0
0
0
0
0
0
0
0
0
0
0
0
0
0
0
0
0
0
0
0
0
0
0
0
0
0
0
0
0
0
0
0
0
0
0
0
0
0
0
0
0
0
0
0
0
0
0
0
0
0
0
0
0
0
0
0
0
0
0
0
0
0
0
0
0
0
0
0.0277191375401208
0.0350105739322787
0
0
0
0
0
0
0
0
0
0
0
0
0
0
0
0
0
0
0
0
0
0
0
0
0
0
0
0
0
0
0
0
0
0
0
0
0
0
0
0
0
0
0
0
0
0
0
0
0
0
0
0
0
0
0
0
0
0
0
0
0
0
0
0
0
0
0
0
0
0
0
0
0
0
0
0
0
0
0
0
0
0
0
0
0
0
0
0
0
0
0
0
0
0
0
0
0
0
0
0
0
0
0
0
0
0
0
0
0
0
0
0
0
0
0
0
0
0
0
0
0
0
0
0
0
0
0
0
0
0
0
0
0
0
0
0
0
0
0
0
0
0
0
0
0
0
0
0
0.0276491951094815
0.0350246510248388
0
0
0
0
0
0
0
0
0
0
0
0
0
0
0
0
0
0
0
0
0
0
0
0
0
0
0
0
0
0
0
0
0
0
0
0
0
0
0
0
0
0
0
0
0
0
0
0
0
0
0
0
0
0
0
0
0
0
0
0
0
0
0
0
0
0
0
0
0
0
0
0
0
0
0
0
0
0
0
0
0
0
0
0
0
0
0
0
0
0
0
0
0
0
0
0
0
0
0
0
0
0
0
0
0
0
0
0
0
0
0
0
0
0
0
0
0
0
0
0
0
0
0
0
0
0
0
0
0
0
0
0
0
0
0
0
0
0
0
0
0
0
0
0
0
0
0
0
0.0275751047774128
0.0350389149044806
0
0
0
0
0
0
0
0
0
0
0
0
0
0
0
0
0
0
0
0
0
0
0
0
0
0
0
0
0
0
0
0
0
0
0
0
0
0
0
0
0
0
0
0
0
0
0
0
0
0
0
0
0
0
0
0
0
0
0
0
0
0
0
0
0
0
0
0
0
0
0
0
0
0
0
0
0
0
0
0
0
0
0
0
0
0
0
0
0
0
0
0
0
0
0
0
0
0
0
0
0
0
0
0
0
0
0
0
0
0
0
0
0
0
0
0
0
0
0
0
0
0
0
0
0
0
0
0
0
0
0
0
0
0
0
0
0
0
0
0
0
0
0
0
0
0
0
0
0.0274952517073987
0.0350418524639111
0
0
0
0
0
0
0
0
0
0
0
0
0
0
0
0
0
0
0
0
0
0
0
0
0
0
0
0
0
0
0
0
0
0
0
0
0
0
0
0
0
0
0
0
0
0
0
0
0
0
0
0
0
0
0
0
0
0
0
0
0
0
0
0
0
0
0
0
0
0
0
0
0
0
0
0
0
0
0
0
0
0
0
0
0
0
0
0
0
0
0
0
0
0
0
0
0
0
0
0
0
0
0
0
0
0
0
0
0
0
0
0
0
0
0
0
0
0
0
0
0
0
0
0
0
0
0
0
0
0
0
0
0
0
0
0
0
0
0
0
0
0
0
0
0
0
0
0
0.0274185661621057
0.0350393118135714
0
0
0
0
0
0
0
0
0
0
0
0
0
0
0
0
0
0
0
0
0
0
0
0
0
0
0
0
0
0
0
0
0
0
0
0
0
0
0
0
0
0
0
0
0
0
0
0
0
0
0
0
0
0
0
0
0
0
0
0
0
0
0
0
0
0
0
0
0
0
0
0
0
0
0
0
0
0
0
0
0
0
0
0
0
0
0
0
0
0
0
0
0
0
0
0
0
0
0
0
0
0
0
0
0
0
0
0
0
0
0
0
0
0
0
0
0
0
0
0
0
0
0
0
0
0
0
0
0
0
0
0
0
0
0
0
0
0
0
0
0
0
0
0
0
0
0
0
0.0273382920861038
0.0350313009911744
0
0
0
0
0
0
0
0
0
0
0
0
0
0
0
0
0
0
0
0
0
0
0
0
0
0
0
0
0
0
0
0
0
0
0
0
0
0
0
0
0
0
0
0
0
0
0
0
0
0
0
0
0
0
0
0
0
0
0
0
0
0
0
0
0
0
0
0
0
0
0
0
0
0
0
0
0
0
0
0
0
0
0
0
0
0
0
0
0
0
0
0
0
0
0
0
0
0
0
0
0
0
0
0
0
0
0
0
0
0
0
0
0
0
0
0
0
0
0
0
0
0
0
0
0
0
0
0
0
0
0
0
0
0
0
0
0
0
0
0
0
0
0
0
0
0
0
0
0.0272558829192548
0.0350195633865387
0
0
0
0
0
0
0
0
0
0
0
0
0
0
0
0
0
0
0
0
0
0
0
0
0
0
0
0
0
0
0
0
0
0
0
0
0
0
0
0
0
0
0
0
0
0
0
0
0
0
0
0
0
0
0
0
0
0
0
0
0
0
0
0
0
0
0
0
0
0
0
0
0
0
0
0
0
0
0
0
0
0
0
0
0
0
0
0
0
0
0
0
0
0
0
0
0
0
0
0
0
0
0
0
0
0
0
0
0
0
0
0
0
0
0
0
0
0
0
0
0
0
0
0
0
0
0
0
0
0
0
0
0
0
0
0
0
0
0
0
0
0
0
0
0
0
0
0
0.0271695671011894
0.0349928521045149
0
0
0
0
0
0
0
0
0
0
0
0
0
0
0
0
0
0
0
0
0
0
0
0
0
0
0
0
0
0
0
0
0
0
0
0
0
0
0
0
0
0
0
0
0
0
0
0
0
0
0
0
0
0
0
0
0
0
0
0
0
0
0
0
0
0
0
0
0
0
0
0
0
0
0
0
0
0
0
0
0
0
0
0
0
0
0
0
0
0
0
0
0
0
0
0
0
0
0
0
0
0
0
0
0
0
0
0
0
0
0
0
0
0
0
0
0
0
0
0
0
0
0
0
0
0
0
0
0
0
0
0
0
0
0
0
0
0
0
0
0
0
0
0
0
0
0
0
0.0270865883641953
0.0349557886904215
0
0
0
0
0
0
0
0
0
0
0
0
0
0
0
0
0
0
0
0
0
0
0
0
0
0
0
0
0
0
0
0
0
0
0
0
0
0
0
0
0
0
0
0
0
0
0
0
0
0
0
0
0
0
0
0
0
0
0
0
0
0
0
0
0
0
0
0
0
0
0
0
0
0
0
0
0
0
0
0
0
0
0
0
0
0
0
0
0
0
0
0
0
0
0
0
0
0
0
0
0
0
0
0
0
0
0
0
0
0
0
0
0
0
0
0
0
0
0
0
0
0
0
0
0
0
0
0
0
0
0
0
0
0
0
0
0
0
0
0
0
0
0
0
0
0
0
0
0.0270061978765469
0.0349211709159198
0
0
0
0
0
0
0
0
0
0
0
0
0
0
0
0
0
0
0
0
0
0
0
0
0
0
0
0
0
0
0
0
0
0
0
0
0
0
0
0
0
0
0
0
0
0
0
0
0
0
0
0
0
0
0
0
0
0
0
0
0
0
0
0
0
0
0
0
0
0
0
0
0
0
0
0
0
0
0
0
0
0
0
0
0
0
0
0
0
0
0
0
0
0
0
0
0
0
0
0
0
0
0
0
0
0
0
0
0
0
0
0
0
0
0
0
0
0
0
0
0
0
0
0
0
0
0
0
0
0
0
0
0
0
0
0
0
0
0
0
0
0
0
0
0
0
0
0
0.0269333221030969
0.0348931152286264
0
0
0
0
0
0
0
0
0
0
0
0
0
0
0
0
0
0
0
0
0
0
0
0
0
0
0
0
0
0
0
0
0
0
0
0
0
0
0
0
0
0
0
0
0
0
0
0
0
0
0
0
0
0
0
0
0
0
0
0
0
0
0
0
0
0
0
0
0
0
0
0
0
0
0
0
0
0
0
0
0
0
0
0
0
0
0
0
0
0
0
0
0
0
0
0
0
0
0
0
0
0
0
0
0
0
0
0
0
0
0
0
0
0
0
0
0
0
0
0
0
0
0
0
0
0
0
0
0
0
0
0
0
0
0
0
0
0
0
0
0
0
0
0
0
0
0
0
0.0268601832284813
0.0348700985490854
0
0
0
0
0
0
0
0
0
0
0
0
0
0
0
0
0
0
0
0
0
0
0
0
0
0
0
0
0
0
0
0
0
0
0
0
0
0
0
0
0
0
0
0
0
0
0
0
0
0
0
0
0
0
0
0
0
0
0
0
0
0
0
0
0
0
0
0
0
0
0
0
0
0
0
0
0
0
0
0
0
0
0
0
0
0
0
0
0
0
0
0
0
0
0
0
0
0
0
0
0
0
0
0
0
0
0
0
0
0
0
0
0
0
0
0
0
0
0
0
0
0
0
0
0
0
0
0
0
0
0
0
0
0
0
0
0
0
0
0
0
0
0
0
0
0
0
0
0.0267887364746008
0.0348446111689751
0
0
0
0
0
0
0
0
0
0
0
0
0
0
0
0
0
0
0
0
0
0
0
0
0
0
0
0
0
0
0
0
0
0
0
0
0
0
0
0
0
0
0
0
0
0
0
0
0
0
0
0
0
0
0
0
0
0
0
0
0
0
0
0
0
0
0
0
0
0
0
0
0
0
0
0
0
0
0
0
0
0
0
0
0
0
0
0
0
0
0
0
0
0
0
0
0
0
0
0
0
0
0
0
0
0
0
0
0
0
0
0
0
0
0
0
0
0
0
0
0
0
0
0
0
0
0
0
0
0
0
0
0
0
0
0
0
0
0
0
0
0
0
0
0
0
0
0
0.0267180247363251
0.0348221965413665
0
0
0
0
0
0
0
0
0
0
0
0
0
0
0
0
0
0
0
0
0
0
0
0
0
0
0
0
0
0
0
0
0
0
0
0
0
0
0
0
0
0
0
0
0
0
0
0
0
0
0
0
0
0
0
0
0
0
0
0
0
0
0
0
0
0
0
0
0
0
0
0
0
0
0
0
0
0
0
0
0
0
0
0
0
0
0
0
0
0
0
0
0
0
0
0
0
0
0
0
0
0
0
0
0
0
0
0
0
0
0
0
0
0
0
0
0
0
0
0
0
0
0
0
0
0
0
0
0
0
0
0
0
0
0
0
0
0
0
0
0
0
0
0
0
0
0
0
0.0266652669974717
0.0348004200420572
0
0
0
0
0
0
0
0
0
0
0
0
0
0
0
0
0
0
0
0
0
0
0
0
0
0
0
0
0
0
0
0
0
0
0
0
0
0
0
0
0
0
0
0
0
0
0
0
0
0
0
0
0
0
0
0
0
0
0
0
0
0
0
0
0
0
0
0
0
0
0
0
0
0
0
0
0
0
0
0
0
0
0
0
0
0
0
0
0
0
0
0
0
0
0
0
0
0
0
0
0
0
0
0
0
0
0
0
0
0
0
0
0
0
0
0
0
0
0
0
0
0
0
0
0
0
0
0
0
0
0
0
0
0
0
0
0
0
0
0
0
0
0
0
0
0
0
0
0.0266194232928878
0.0348077093520699
0
0
0
0
0
0
0
0
0
0
0
0
0
0
0
0
0
0
0
0
0
0
0
0
0
0
0
0
0
0
0
0
0
0
0
0
0
0
0
0
0
0
0
0
0
0
0
0
0
0
0
0
0
0
0
0
0
0
0
0
0
0
0
0
0
0
0
0
0
0
0
0
0
0
0
0
0
0
0
0
0
0
0
0
0
0
0
0
0
0
0
0
0
0
0
0
0
0
0
0
0
0
0
0
0
0
0
0
0
0
0
0
0
0
0
0
0
0
0
0
0
0
0
0
0
0
0
0
0
0
0
0
0
0
0
0
0
0
0
0
0
0
0
0
0
0
0
0
0.0265765825340404
0.0348185718211771
0
0
0
0
0
0
0
0
0
0
0
0
0
0
0
0
0
0
0
0
0
0
0
0
0
0
0
0
0
0
0
0
0
0
0
0
0
0
0
0
0
0
0
0
0
0
0
0
0
0
0
0
0
0
0
0
0
0
0
0
0
0
0
0
0
0
0
0
0
0
0
0
0
0
0
0
0
0
0
0
0
0
0
0
0
0
0
0
0
0
0
0
0
0
0
0
0
0
0
0
0
0
0
0
0
0
0
0
0
0
0
0
0
0
0
0
0
0
0
0
0
0
0
0
0
0
0
0
0
0
0
0
0
0
0
0
0
0
0
0
0
0
0
0
0
0
0
0
0.0265869694533088
0.0348314756242048
0
0
0
0
0
0
0
0
0
0
0
0
0
0
0
0
0
0
0
0
0
0
0
0
0
0
0
0
0
0
0
0
0
0
0
0
0
0
0
0
0
0
0
0
0
0
0
0
0
0
0
0
0
0
0
0
0
0
0
0
0
0
0
0
0
0
0
0
0
0
0
0
0
0
0
0
0
0
0
0
0
0
0
0
0
0
0
0
0
0
0
0
0
0
0
0
0
0
0
0
0
0
0
0
0
0
0
0
0
0
0
0
0
0
0
0
0
0
0
0
0
0
0
0
0
0
0
0
0
0
0
0
0
0
0
0
0
0
0
0
0
0
0
0
0
0
0
0
0.0265971747596871
0.0348680551234843
0
0
0
0
0
0
0
0
0
0
0
0
0
0
0
0
0
0
0
0
0
0
0
0
0
0
0
0
0
0
0
0
0
0
0
0
0
0
0
0
0
0
0
0
0
0
0
0
0
0
0
0
0
0
0
0
0
0
0
0
0
0
0
0
0
0
0
0
0
0
0
0
0
0
0
0
0
0
0
0
0
0
0
0
0
0
0
0
0
0
0
0
0
0
0
0
0
0
0
0
0
0
0
0
0
0
0
0
0
0
0
0
0
0
0
0
0
0
0
0
0
0
0
0
0
0
0
0
0
0
0
0
0
0
0
0
0
0
0
0
0
0
0
0
0
0
0
0
0.0266051074449172
0.0349022821818536
0
0
0
0
0
0
0
0
0
0
0
0
0
0
0
0
0
0
0
0
0
0
0
0
0
0
0
0
0
0
0
0
0
0
0
0
0
0
0
0
0
0
0
0
0
0
0
0
0
0
0
0
0
0
0
0
0
0
0
0
0
0
0
0
0
0
0
0
0
0
0
0
0
0
0
0
0
0
0
0
0
0
0
0
0
0
0
0
0
0
0
0
0
0
0
0
0
0
0
0
0
0
0
0
0
0
0
0
0
0
0
0
0
0
0
0
0
0
0
0
0
0
0
0
0
0
0
0
0
0
0
0
0
0
0
0
0
0
0
0
0
0
0
0
0
0
0
0
0.0266156565098917
0.0349404973126063
0
0
0
0
0
0
0
0
0
0
0
0
0
0
0
0
0
0
0
0
0
0
0
0
0
0
0
0
0
0
0
0
0
0
0
0
0
0
0
0
0
0
0
0
0
0
0
0
0
0
0
0
0
0
0
0
0
0
0
0
0
0
0
0
0
0
0
0
0
0
0
0
0
0
0
0
0
0
0
0
0
0
0
0
0
0
0
0
0
0
0
0
0
0
0
0
0
0
0
0
0
0
0
0
0
0
0
0
0
0
0
0
0
0
0
0
0
0
0
0
0
0
0
0
0
0
0
0
0
0
0
0
0
0
0
0
0
0
0
0
0
0
0
0
0
0
0
0
0.0266268696157979
0.0349813901290032
0
0
0
0
0
0
0
0
0
0
0
0
0
0
0
0
0
0
0
0
0
0
0
0
0
0
0
0
0
0
0
0
0
0
0
0
0
0
0
0
0
0
0
0
0
0
0
0
0
0
0
0
0
0
0
0
0
0
0
0
0
0
0
0
0
0
0
0
0
0
0
0
0
0
0
0
0
0
0
0
0
0
0
0
0
0
0
0
0
0
0
0
0
0
0
0
0
0
0
0
0
0
0
0
0
0
0
0
0
0
0
0
0
0
0
0
0
0
0
0
0
0
0
0
0
0
0
0
0
0
0
0
0
0
0
0
0
0
0
0
0
0
0
0
0
0
0
0
0.0266447964118864
0.0350222721952559
0
0
0
0
0
0
0
0
0
0
0
0
0
0
0
0
0
0
0
0
0
0
0
0
0
0
0
0
0
0
0
0
0
0
0
0
0
0
0
0
0
0
0
0
0
0
0
0
0
0
0
0
0
0
0
0
0
0
0
0
0
0
0
0
0
0
0
0
0
0
0
0
0
0
0
0
0
0
0
0
0
0
0
0
0
0
0
0
0
0
0
0
0
0
0
0
0
0
0
0
0
0
0
0
0
0
0
0
0
0
0
0
0
0
0
0
0
0
0
0
0
0
0
0
0
0
0
0
0
0
0
0
0
0
0
0
0
0
0
0
0
0
0
0
0
0
0
0
0.0266643561973684
0.0350699405309487
0
0
0
0
0
0
0
0
0
0
0
0
0
0
0
0
0
0
0
0
0
0
0
0
0
0
0
0
0
0
0
0
0
0
0
0
0
0
0
0
0
0
0
0
0
0
0
0
0
0
0
0
0
0
0
0
0
0
0
0
0
0
0
0
0
0
0
0
0
0
0
0
0
0
0
0
0
0
0
0
0
0
0
0
0
0
0
0
0
0
0
0
0
0
0
0
0
0
0
0
0
0
0
0
0
0
0
0
0
0
0
0
0
0
0
0
0
0
0
0
0
0
0
0
0
0
0
0
0
0
0
0
0
0
0
0
0
0
0
0
0
0
0
0
0
0
0
0
0.0267426912415748
0.0351220184343509
0
0
0
0
0
0
0
0
0
0
0
0
0
0
0
0
0
0
0
0
0
0
0
0
0
0
0
0
0
0
0
0
0
0
0
0
0
0
0
0
0
0
0
0
0
0
0
0
0
0
0
0
0
0
0
0
0
0
0
0
0
0
0
0
0
0
0
0
0
0
0
0
0
0
0
0
0
0
0
0
0
0
0
0
0
0
0
0
0
0
0
0
0
0
0
0
0
0
0
0
0
0
0
0
0
0
0
0
0
0
0
0
0
0
0
0
0
0
0
0
0
0
0
0
0
0
0
0
0
0
0
0
0
0
0
0
0
0
0
0
0
0
0
0
0
0
0
0
0.0267980126064726
0.035173294472712
0
0
0
0
0
0
0
0
0
0
0
0
0
0
0
0
0
0
0
0
0
0
0
0
0
0
0
0
0
0
0
0
0
0
0
0
0
0
0
0
0
0
0
0
0
0
0
0
0
0
0
0
0
0
0
0
0
0
0
0
0
0
0
0
0
0
0
0
0
0
0
0
0
0
0
0
0
0
0
0
0
0
0
0
0
0
0
0
0
0
0
0
0
0
0
0
0
0
0
0
0
0
0
0
0
0
0
0
0
0
0
0
0
0
0
0
0
0
0
0
0
0
0
0
0
0
0
0
0
0
0
0
0
0
0
0
0
0
0
0
0
0
0
0
0
0
0
0
0.0268671289952488
0.0351956914229798
0
0
0
0
0
0
0
0
0
0
0
0
0
0
0
0
0
0
0
0
0
0
0
0
0
0
0
0
0
0
0
0
0
0
0
0
0
0
0
0
0
0
0
0
0
0
0
0
0
0
0
0
0
0
0
0
0
0
0
0
0
0
0
0
0
0
0
0
0
0
0
0
0
0
0
0
0
0
0
0
0
0
0
0
0
0
0
0
0
0
0
0
0
0
0
0
0
0
0
0
0
0
0
0
0
0
0
0
0
0
0
0
0
0
0
0
0
0
0
0
0
0
0
0
0
0
0
0
0
0
0
0
0
0
0
0
0
0
0
0
0
0
0
0
0
0
0
0
0.0269402627686281
0.0352273659519267
0
0
0
0
0
0
0
0
0
0
0
0
0
0
0
0
0
0
0
0
0
0
0
0
0
0
0
0
0
0
0
0
0
0
0
0
0
0
0
0
0
0
0
0
0
0
0
0
0
0
0
0
0
0
0
0
0
0
0
0
0
0
0
0
0
0
0
0
0
0
0
0
0
0
0
0
0
0
0
0
0
0
0
0
0
0
0
0
0
0
0
0
0
0
0
0
0
0
0
0
0
0
0
0
0
0
0
0
0
0
0
0
0
0
0
0
0
0
0
0
0
0
0
0
0
0
0
0
0
0
0
0
0
0
0
0
0
0
0
0
0
0
0
0
0
0
0
0
0.0270155362028634
0.0352650344591114
0
0
0
0
0
0
0
0
0
0
0
0
0
0
0
0
0
0
0
0
0
0
0
0
0
0
0
0
0
0
0
0
0
0
0
0
0
0
0
0
0
0
0
0
0
0
0
0
0
0
0
0
0
0
0
0
0
0
0
0
0
0
0
0
0
0
0
0
0
0
0
0
0
0
0
0
0
0
0
0
0
0
0
0
0
0
0
0
0
0
0
0
0
0
0
0
0
0
0
0
0
0
0
0
0
0
0
0
0
0
0
0
0
0
0
0
0
0
0
0
0
0
0
0
0
0
0
0
0
0
0
0
0
0
0
0
0
0
0
0
0
0
0
0
0
0
0
0
0.0270936281191529
0.0353044486294451
0
0
0
0
0
0
0
0
0
0
0
0
0
0
0
0
0
0
0
0
0
0
0
0
0
0
0
0
0
0
0
0
0
0
0
0
0
0
0
0
0
0
0
0
0
0
0
0
0
0
0
0
0
0
0
0
0
0
0
0
0
0
0
0
0
0
0
0
0
0
0
0
0
0
0
0
0
0
0
0
0
0
0
0
0
0
0
0
0
0
0
0
0
0
0
0
0
0
0
0
0
0
0
0
0
0
0
0
0
0
0
0
0
0
0
0
0
0
0
0
0
0
0
0
0
0
0
0
0
0
0
0
0
0
0
0
0
0
0
0
0
0
0
0
0
0
0
0
0.0271827777910458
0.035347744749731
0
0
0
0
0
0
0
0
0
0
0
0
0
0
0
0
0
0
0
0
0
0
0
0
0
0
0
0
0
0
0
0
0
0
0
0
0
0
0
0
0
0
0
0
0
0
0
0
0
0
0
0
0
0
0
0
0
0
0
0
0
0
0
0
0
0
0
0
0
0
0
0
0
0
0
0
0
0
0
0
0
0
0
0
0
0
0
0
0
0
0
0
0
0
0
0
0
0
0
0
0
0
0
0
0
0
0
0
0
0
0
0
0
0
0
0
0
0
0
0
0
0
0
0
0
0
0
0
0
0
0
0
0
0
0
0
0
0
0
0
0
0
0
0
0
0
0
0
0.0272511367935787
0.03540091681637
0
0
0
0
0
0
0
0
0
0
0
0
0
0
0
0
0
0
0
0
0
0
0
0
0
0
0
0
0
0
0
0
0
0
0
0
0
0
0
0
0
0
0
0
0
0
0
0
0
0
0
0
0
0
0
0
0
0
0
0
0
0
0
0
0
0
0
0
0
0
0
0
0
0
0
0
0
0
0
0
0
0
0
0
0
0
0
0
0
0
0
0
0
0
0
0
0
0
0
0
0
0
0
0
0
0
0
0
0
0
0
0
0
0
0
0
0
0
0
0
0
0
0
0
0
0
0
0
0
0
0
0
0
0
0
0
0
0
0
0
0
0
0
0
0
0
0
0
0.02731860646385
0.0354516424926317
0
0
0
0
0
0
0
0
0
0
0
0
0
0
0
0
0
0
0
0
0
0
0
0
0
0
0
0
0
0
0
0
0
0
0
0
0
0
0
0
0
0
0
0
0
0
0
0
0
0
0
0
0
0
0
0
0
0
0
0
0
0
0
0
0
0
0
0
0
0
0
0
0
0
0
0
0
0
0
0
0
0
0
0
0
0
0
0
0
0
0
0
0
0
0
0
0
0
0
0
0
0
0
0
0
0
0
0
0
0
0
0
0
0
0
0
0
0
0
0
0
0
0
0
0
0
0
0
0
0
0
0
0
0
0
0
0
0
0
0
0
0
0
0
0
0
0
0
0.0273900560493496
0.0355014864908156
0
0
0
0
0
0
0
0
0
0
0
0
0
0
0
0
0
0
0
0
0
0
0
0
0
0
0
0
0
0
0
0
0
0
0
0
0
0
0
0
0
0
0
0
0
0
0
0
0
0
0
0
0
0
0
0
0
0
0
0
0
0
0
0
0
0
0
0
0
0
0
0
0
0
0
0
0
0
0
0
0
0
0
0
0
0
0
0
0
0
0
0
0
0
0
0
0
0
0
0
0
0
0
0
0
0
0
0
0
0
0
0
0
0
0
0
0
0
0
0
0
0
0
0
0
0
0
0
0
0
0
0
0
0
0
0
0
0
0
0
0
0
0
0
0
0
0
0
0.0274825354829227
0.0355614651756455
0
0
0
0
0
0
0
0
0
0
0
0
0
0
0
0
0
0
0
0
0
0
0
0
0
0
0
0
0
0
0
0
0
0
0
0
0
0
0
0
0
0
0
0
0
0
0
0
0
0
0
0
0
0
0
0
0
0
0
0
0
0
0
0
0
0
0
0
0
0
0
0
0
0
0
0
0
0
0
0
0
0
0
0
0
0
0
0
0
0
0
0
0
0
0
0
0
0
0
0
0
0
0
0
0
0
0
0
0
0
0
0
0
0
0
0
0
0
0
0
0
0
0
0
0
0
0
0
0
0
0
0
0
0
0
0
0
0
0
0
0
0
0
0
0
0
0
0
0.0275769384656822
0.0356411425997129
0
0
0
0
0
0
0
0
0
0
0
0
0
0
0
0
0
0
0
0
0
0
0
0
0
0
0
0
0
0
0
0
0
0
0
0
0
0
0
0
0
0
0
0
0
0
0
0
0
0
0
0
0
0
0
0
0
0
0
0
0
0
0
0
0
0
0
0
0
0
0
0
0
0
0
0
0
0
0
0
0
0
0
0
0
0
0
0
0
0
0
0
0
0
0
0
0
0
0
0
0
0
0
0
0
0
0
0
0
0
0
0
0
0
0
0
0
0
0
0
0
0
0
0
0
0
0
0
0
0
0
0
0
0
0
0
0
0
0
0
0
0
0
0
0
0
0
0
0.0276734642097896
0.0357216944453559
0
0
0
0
0
0
0
0
0
0
0
0
0
0
0
0
0
0
0
0
0
0
0
0
0
0
0
0
0
0
0
0
0
0
0
0
0
0
0
0
0
0
0
0
0
0
0
0
0
0
0
0
0
0
0
0
0
0
0
0
0
0
0
0
0
0
0
0
0
0
0
0
0
0
0
0
0
0
0
0
0
0
0
0
0
0
0
0
0
0
0
0
0
0
0
0
0
0
0
0
0
0
0
0
0
0
0
0
0
0
0
0
0
0
0
0
0
0
0
0
0
0
0
0
0
0
0
0
0
0
0
0
0
0
0
0
0
0
0
0
0
0
0
0
0
0
0
0
0.0277720411044185
0.0358045012749474
0
0
0
0
0
0
0
0
0
0
0
0
0
0
0
0
0
0
0
0
0
0
0
0
0
0
0
0
0
0
0
0
0
0
0
0
0
0
0
0
0
0
0
0
0
0
0
0
0
0
0
0
0
0
0
0
0
0
0
0
0
0
0
0
0
0
0
0
0
0
0
0
0
0
0
0
0
0
0
0
0
0
0
0
0
0
0
0
0
0
0
0
0
0
0
0
0
0
0
0
0
0
0
0
0
0
0
0
0
0
0
0
0
0
0
0
0
0
0
0
0
0
0
0
0
0
0
0
0
0
0
0
0
0
0
0
0
0
0
0
0
0
0
0
0
0
0
0
0.0278790704167976
0.0358882220975806
0
0
0
0
0
0
0
0
0
0
0
0
0
0
0
0
0
0
0
0
0
0
0
0
0
0
0
0
0
0
0
0
0
0
0
0
0
0
0
0
0
0
0
0
0
0
0
0
0
0
0
0
0
0
0
0
0
0
0
0
0
0
0
0
0
0
0
0
0
0
0
0
0
0
0
0
0
0
0
0
0
0
0
0
0
0
0
0
0
0
0
0
0
0
0
0
0
0
0
0
0
0
0
0
0
0
0
0
0
0
0
0
0
0
0
0
0
0
0
0
0
0
0
0
0
0
0
0
0
0
0
0
0
0
0
0
0
0
0
0
0
0
0
0
0
0
0
0
0.0279266947153054
0.0359484221347579
0
0
0
0
0
0
0
0
0
0
0
0
0
0
0
0
0
0
0
0
0
0
0
0
0
0
0
0
0
0
0
0
0
0
0
0
0
0
0
0
0
0
0
0
0
0
0
0
0
0
0
0
0
0
0
0
0
0
0
0
0
0
0
0
0
0
0
0
0
0
0
0
0
0
0
0
0
0
0
0
0
0
0
0
0
0
0
0
0
0
0
0
0
0
0
0
0
0
0
0
0
0
0
0
0
0
0
0
0
0
0
0
0
0
0
0
0
0
0
0
0
0
0
0
0
0
0
0
0
0
0
0
0
0
0
0
0
0
0
0
0
0
0
0
0
0
0
0
0.0279839188685502
0.0360705709654534
0
0
0
0
0
0
0
0
0
0
0
0
0
0
0
0
0
0
0
0
0
0
0
0
0
0
0
0
0
0
0
0
0
0
0
0
0
0
0
0
0
0
0
0
0
0
0
0
0
0
0
0
0
0
0
0
0
0
0
0
0
0
0
0
0
0
0
0
0
0
0
0
0
0
0
0
0
0
0
0
0
0
0
0
0
0
0
0
0
0
0
0
0
0
0
0
0
0
0
0
0
0
0
0
0
0
0
0
0
0
0
0
0
0
0
0
0
0
0
0
0
0
0
0
0
0
0
0
0
0
0
0
0
0
0
0
0
0
0
0
0
0
0
0
0
0
0
0
0.0280454416077404
0.0362373838979567
0
0
0
0
0
0
0
0
0
0
0
0
0
0
0
0
0
0
0
0
0
0
0
0
0
0
0
0
0
0
0
0
0
0
0
0
0
0
0
0
0
0
0
0
0
0
0
0
0
0
0
0
0
0
0
0
0
0
0
0
0
0
0
0
0
0
0
0
0
0
0
0
0
0
0
0
0
0
0
0
0
0
0
0
0
0
0
0
0
0
0
0
0
0
0
0
0
0
0
0
0
0
0
0
0
0
0
0
0
0
0
0
0
0
0
0
0
0
0
0
0
0
0
0
0
0
0
0
0
0
0
0
0
0
0
0
0
0
0
0
0
0
0
0
0
0
0
0
0.0281072000896816
0.036406928518117
0
0
0
0
0
0
0
0
0
0
0
0
0
0
0
0
0
0
0
0
0
0
0
0
0
0
0
0
0
0
0
0
0
0
0
0
0
0
0
0
0
0
0
0
0
0
0
0
0
0
0
0
0
0
0
0
0
0
0
0
0
0
0
0
0
0
0
0
0
0
0
0
0
0
0
0
0
0
0
0
0
0
0
0
0
0
0
0
0
0
0
0
0
0
0
0
0
0
0
0
0
0
0
0
0
0
0
0
0
0
0
0
0
0
0
0
0
0
0
0
0
0
0
0
0
0
0
0
0
0
0
0
0
0
0
0
0
0
0
0
0
0
0
0
0
0
0
0
0.0281341827678548
0.0365728814262401
0
0
0
0
0
0
0
0
0
0
0
0
0
0
0
0
0
0
0
0
0
0
0
0
0
0
0
0
0
0
0
0
0
0
0
0
0
0
0
0
0
0
0
0
0
0
0
0
0
0
0
0
0
0
0
0
0
0
0
0
0
0
0
0
0
0
0
0
0
0
0
0
0
0
0
0
0
0
0
0
0
0
0
0
0
0
0
0
0
0
0
0
0
0
0
0
0
0
0
0
0
0
0
0
0
0
0
0
0
0
0
0
0
0
0
0
0
0
0
0
0
0
0
0
0
0
0
0
0
0
0
0
0
0
0
0
0
0
0
0
0
0
0
0
0
0
0
0
0.0281793288783183
0.0367835933626022
0
0
0
0
0
0
0
0
0
0
0
0
0
0
0
0
0
0
0
0
0
0
0
0
0
0
0
0
0
0
0
0
0
0
0
0
0
0
0
0
0
0
0
0
0
0
0
0
0
0
0
0
0
0
0
0
0
0
0
0
0
0
0
0
0
0
0
0
0
0
0
0
0
0
0
0
0
0
0
0
0
0
0
0
0
0
0
0
0
0
0
0
0
0
0
0
0
0
0
0
0
0
0
0
0
0
0
0
0
0
0
0
0
0
0
0
0
0
0
0
0
0
0
0
0
0
0
0
0
0
0
0
0
0
0
0
0
0
0
0
0
0
0
0
0
0
0
0
0.0282274008739891
0.036998551120384
0
0
0
0
0
0
0
0
0
0
0
0
0
0
0
0
0
0
0
0
0
0
0
0
0
0
0
0
0
0
0
0
0
0
0
0
0
0
0
0
0
0
0
0
0
0
0
0
0
0
0
0
0
0
0
0
0
0
0
0
0
0
0
0
0
0
0
0
0
0
0
0
0
0
0
0
0
0
0
0
0
0
0
0
0
0
0
0
0
0
0
0
0
0
0
0
0
0
0
0
0
0
0
0
0
0
0
0
0
0
0
0
0
0
0
0
0
0
0
0
0
0
0
0
0
0
0
0
0
0
0
0
0
0
0
0
0
0
0
0
0
0
0
0
0
0
0
0
0.0283123317362467
0.0372182549996145
0
0
0
0
0
0
0
0
0
0
0
0
0
0
0
0
0
0
0
0
0
0
0
0
0
0
0
0
0
0
0
0
0
0
0
0
0
0
0
0
0
0
0
0
0
0
0
0
0
0
0
0
0
0
0
0
0
0
0
0
0
0
0
0
0
0
0
0
0
0
0
0
0
0
0
0
0
0
0
0
0
0
0
0
0
0
0
0
0
0
0
0
0
0
0
0
0
0
0
0
0
0
0
0
0
0
0
0
0
0
0
0
0
0
0
0
0
0
0
0
0
0
0
0
0
0
0
0
0
0
0
0
0
0
0
0
0
0
0
0
0
0
0
0
0
0
0
0
0.0284384059075222
0.0374944047459343
0
0
0
0
0
0
0
0
0
0
0
0
0
0
0
0
0
0
0
0
0
0
0
0
0
0
0
0
0
0
0
0
0
0
0
0
0
0
0
0
0
0
0
0
0
0
0
0
0
0
0
0
0
0
0
0
0
0
0
0
0
0
0
0
0
0
0
0
0
0
0
0
0
0
0
0
0
0
0
0
0
0
0
0
0
0
0
0
0
0
0
0
0
0
0
0
0
0
0
0
0
0
0
0
0
0
0
0
0
0
0
0
0
0
0
0
0
0
0
0
0
0
0
0
0
0
0
0
0
0
0
0
0
0
0
0
0
0
0
0
0
0
0
0
0
0
0
0
0.0285658475193865
0.0378060928366175
0
0
0
0
0
0
0
0
0
0
0
0
0
0
0
0
0
0
0
0
0
0
0
0
0
0
0
0
0
0
0
0
0
0
0
0
0
0
0
0
0
0
0
0
0
0
0
0
0
0
0
0
0
0
0
0
0
0
0
0
0
0
0
0
0
0
0
0
0
0
0
0
0
0
0
0
0
0
0
0
0
0
0
0
0
0
0
0
0
0
0
0
0
0
0
0
0
0
0
0
0
0
0
0
0
0
0
0
0
0
0
0
0
0
0
0
0
0
0
0
0
0
0
0
0
0
0
0
0
0
0
0
0
0
0
0
0
0
0
0
0
0
0
0
0
0
0
0
0.0286905284635913
0.0381145244845532
0
0
0
0
0
0
0
0
0
0
0
0
0
0
0
0
0
0
0
0
0
0
0
0
0
0
0
0
0
0
0
0
0
0
0
0
0
0
0
0
0
0
0
0
0
0
0
0
0
0
0
0
0
0
0
0
0
0
0
0
0
0
0
0
0
0
0
0
0
0
0
0
0
0
0
0
0
0
0
0
0
0
0
0
0
0
0
0
0
0
0
0
0
0
0
0
0
0
0
0
0
0
0
0
0
0
0
0
0
0
0
0
0
0
0
0
0
0
0
0
0
0
0
0
0
0
0
0
0
0
0
0
0
0
0
0
0
0
0
0
0
0
0
0
0
0
0
0
0.0288586223839932
0.0384208304209117
0
0
0
0
0
0
0
0
0
0
0
0
0
0
0
0
0
0
0
0
0
0
0
0
0
0
0
0
0
0
0
0
0
0
0
0
0
0
0
0
0
0
0
0
0
0
0
0
0
0
0
0
0
0
0
0
0
0
0
0
0
0
0
0
0
0
0
0
0
0
0
0
0
0
0
0
0
0
0
0
0
0
0
0
0
0
0
0
0
0
0
0
0
0
0
0
0
0
0
0
0
0
0
0
0
0
0
0
0
0
0
0
0
0
0
0
0
0
0
0
0
0
0
0
0
0
0
0
0
0
0
0
0
0
0
0
0
0
0
0
0
0
0
0
0
0
0
0
0.0290287209370233
0.0387517311002175
0
0
0
0
0
0
0
0
0
0
0
0
0
0
0
0
0
0
0
0
0
0
0
0
0
0
0
0
0
0
0
0
0
0
0
0
0
0
0
0
0
0
0
0
0
0
0
0
0
0
0
0
0
0
0
0
0
0
0
0
0
0
0
0
0
0
0
0
0
0
0
0
0
0
0
0
0
0
0
0
0
0
0
0
0
0
0
0
0
0
0
0
0
0
0
0
0
0
0
0
0
0
0
0
0
0
0
0
0
0
0
0
0
0
0
0
0
0
0
0
0
0
0
0
0
0
0
0
0
0
0
0
0
0
0
0
0
0
0
0
0
0
0
0
0
0
0
0
0.0292105376106627
0.0390832668128743
0
0
0
0
0
0
0
0
0
0
0
0
0
0
0
0
0
0
0
0
0
0
0
0
0
0
0
0
0
0
0
0
0
0
0
0
0
0
0
0
0
0
0
0
0
0
0
0
0
0
0
0
0
0
0
0
0
0
0
0
0
0
0
0
0
0
0
0
0
0
0
0
0
0
0
0
0
0
0
0
0
0
0
0
0
0
0
0
0
0
0
0
0
0
0
0
0
0
0
0
0
0
0
0
0
0
0
0
0
0
0
0
0
0
0
0
0
0
0
0
0
0
0
0
0
0
0
0
0
0
0
0
0
0
0
0
0
0
0
0
0
0
0
0
0
0
0
0
0.0294124560793616
0.0394265146217907
0
0
0
0
0
0
0
0
0
0
0
0
0
0
0
0
0
0
0
0
0
0
0
0
0
0
0
0
0
0
0
0
0
0
0
0
0
0
0
0
0
0
0
0
0
0
0
0
0
0
0
0
0
0
0
0
0
0
0
0
0
0
0
0
0
0
0
0
0
0
0
0
0
0
0
0
0
0
0
0
0
0
0
0
0
0
0
0
0
0
0
0
0
0
0
0
0
0
0
0
0
0
0
0
0
0
0
0
0
0
0
0
0
0
0
0
0
0
0
0
0
0
0
0
0
0
0
0
0
0
0
0
0
0
0
0
0
0
0
0
0
0
0
0
0
0
0
0
0.0296240340032977
0.0398042455858237
0
0
0
0
0
0
0
0
0
0
0
0
0
0
0
0
0
0
0
0
0
0
0
0
0
0
0
0
0
0
0
0
0
0
0
0
0
0
0
0
0
0
0
0
0
0
0
0
0
0
0
0
0
0
0
0
0
0
0
0
0
0
0
0
0
0
0
0
0
0
0
0
0
0
0
0
0
0
0
0
0
0
0
0
0
0
0
0
0
0
0
0
0
0
0
0
0
0
0
0
0
0
0
0
0
0
0
0
0
0
0
0
0
0
0
0
0
0
0
0
0
0
0
0
0
0
0
0
0
0
0
0
0
0
0
0
0
0
0
0
0
0
0
0
0
0
0
0
0.0297709545284519
0.0401155546471436
0
0
0
0
0
0
0
0
0
0
0
0
0
0
0
0
0
0
0
0
0
0
0
0
0
0
0
0
0
0
0
0
0
0
0
0
0
0
0
0
0
0
0
0
0
0
0
0
0
0
0
0
0
0
0
0
0
0
0
0
0
0
0
0
0
0
0
0
0
0
0
0
0
0
0
0
0
0
0
0
0
0
0
0
0
0
0
0
0
0
0
0
0
0
0
0
0
0
0
0
0
0
0
0
0
0
0
0
0
0
0
0
0
0
0
0
0
0
0
0
0
0
0
0
0
0
0
0
0
0
0
0
0
0
0
0
0
0
0
0
0
0
0
0
0
0
0
0
0.0299202549299744
0.0404265363593112
0
0
0
0
0
0
0
0
0
0
0
0
0
0
0
0
0
0
0
0
0
0
0
0
0
0
0
0
0
0
0
0
0
0
0
0
0
0
0
0
0
0
0
0
0
0
0
0
0
0
0
0
0
0
0
0
0
0
0
0
0
0
0
0
0
0
0
0
0
0
0
0
0
0
0
0
0
0
0
0
0
0
0
0
0
0
0
0
0
0
0
0
0
0
0
0
0
0
0
0
0
0
0
0
0
0
0
0
0
0
0
0
0
0
0
0
0
0
0
0
0
0
0
0
0
0
0
0
0
0
0
0
0
0
0
0
0
0
0
0
0
0
0
0
0
0
0
0
0.0300726483044806
0.0407356553939835
0
0
0
0
0
0
0
0
0
0
0
0
0
0
0
0
0
0
0
0
0
0
0
0
0
0
0
0
0
0
0
0
0
0
0
0
0
0
0
0
0
0
0
0
0
0
0
0
0
0
0
0
0
0
0
0
0
0
0
0
0
0
0
0
0
0
0
0
0
0
0
0
0
0
0
0
0
0
0
0
0
0
0
0
0
0
0
0
0
0
0
0
0
0
0
0
0
0
0
0
0
0
0
0
0
0
0
0
0
0
0
0
0
0
0
0
0
0
0
0
0
0
0
0
0
0
0
0
0
0
0
0
0
0
0
0
0
0
0
0
0
0
0
0
0
0
0
0
0.030222033676161
0.041046566054881
0
0
0
0
0
0
0
0
0
0
0
0
0
0
0
0
0
0
0
0
0
0
0
0
0
0
0
0
0
0
0
0
0
0
0
0
0
0
0
0
0
0
0
0
0
0
0
0
0
0
0
0
0
0
0
0
0
0
0
0
0
0
0
0
0
0
0
0
0
0
0
0
0
0
0
0
0
0
0
0
0
0
0
0
0
0
0
0
0
0
0
0
0
0
0
0
0
0
0
0
0
0
0
0
0
0
0
0
0
0
0
0
0
0
0
0
0
0
0
0
0
0
0
0
0
0
0
0
0
0
0
0
0
0
0
0
0
0
0
0
0
0
0
0
0
0
0
0
0.0303757932573767
0.0413532627924676
0
0
0
0
0
0
0
0
0
0
0
0
0
0
0
0
0
0
0
0
0
0
0
0
0
0
0
0
0
0
0
0
0
0
0
0
0
0
0
0
0
0
0
0
0
0
0
0
0
0
0
0
0
0
0
0
0
0
0
0
0
0
0
0
0
0
0
0
0
0
0
0
0
0
0
0
0
0
0
0
0
0
0
0
0
0
0
0
0
0
0
0
0
0
0
0
0
0
0
0
0
0
0
0
0
0
0
0
0
0
0
0
0
0
0
0
0
0
0
0
0
0
0
0
0
0
0
0
0
0
0
0
0
0
0
0
0
0
0
0
0
0
0
0
0
0
0
0
0.0305345830731193
0.0416651313077869
0
0
0
0
0
0
0
0
0
0
0
0
0
0
0
0
0
0
0
0
0
0
0
0
0
0
0
0
0
0
0
0
0
0
0
0
0
0
0
0
0
0
0
0
0
0
0
0
0
0
0
0
0
0
0
0
0
0
0
0
0
0
0
0
0
0
0
0
0
0
0
0
0
0
0
0
0
0
0
0
0
0
0
0
0
0
0
0
0
0
0
0
0
0
0
0
0
0
0
0
0
0
0
0
0
0
0
0
0
0
0
0
0
0
0
0
0
0
0
0
0
0
0
0
0
0
0
0
0
0
0
0
0
0
0
0
0
0
0
0
0
0
0
0
0
0
0
0
0.0306935951127965
0.0419811057639914
0
0
0
0
0
0
0
0
0
0
0
0
0
0
0
0
0
0
0
0
0
0
0
0
0
0
0
0
0
0
0
0
0
0
0
0
0
0
0
0
0
0
0
0
0
0
0
0
0
0
0
0
0
0
0
0
0
0
0
0
0
0
0
0
0
0
0
0
0
0
0
0
0
0
0
0
0
0
0
0
0
0
0
0
0
0
0
0
0
0
0
0
0
0
0
0
0
0
0
0
0
0
0
0
0
0
0
0
0
0
0
0
0
0
0
0
0
0
0
0
0
0
0
0
0
0
0
0
0
0
0
0
0
0
0
0
0
0
0
0
0
0
0
0
0
0
0
0
0.0308270474860483
0.0422777441596033
0
0
0
0
0
0
0
0
0
0
0
0
0
0
0
0
0
0
0
0
0
0
0
0
0
0
0
0
0
0
0
0
0
0
0
0
0
0
0
0
0
0
0
0
0
0
0
0
0
0
0
0
0
0
0
0
0
0
0
0
0
0
0
0
0
0
0
0
0
0
0
0
0
0
0
0
0
0
0
0
0
0
0
0
0
0
0
0
0
0
0
0
0
0
0
0
0
0
0
0
0
0
0
0
0
0
0
0
0
0
0
0
0
0
0
0
0
0
0
0
0
0
0
0
0
0
0
0
0
0
0
0
0
0
0
0
0
0
0
0
0
0
0
0
0
0
0
0
0.0310085736294768
0.0425768555321168
0
0
0
0
0
0
0
0
0
0
0
0
0
0
0
0
0
0
0
0
0
0
0
0
0
0
0
0
0
0
0
0
0
0
0
0
0
0
0
0
0
0
0
0
0
0
0
0
0
0
0
0
0
0
0
0
0
0
0
0
0
0
0
0
0
0
0
0
0
0
0
0
0
0
0
0
0
0
0
0
0
0
0
0
0
0
0
0
0
0
0
0
0
0
0
0
0
0
0
0
0
0
0
0
0
0
0
0
0
0
0
0
0
0
0
0
0
0
0
0
0
0
0
0
0
0
0
0
0
0
0
0
0
0
0
0
0
0
0
0
0
0
0
0
0
0
0
0
0.0312119984893033
0.0428887366128619
0
0
0
0
0
0
0
0
0
0
0
0
0
0
0
0
0
0
0
0
0
0
0
0
0
0
0
0
0
0
0
0
0
0
0
0
0
0
0
0
0
0
0
0
0
0
0
0
0
0
0
0
0
0
0
0
0
0
0
0
0
0
0
0
0
0
0
0
0
0
0
0
0
0
0
0
0
0
0
0
0
0
0
0
0
0
0
0
0
0
0
0
0
0
0
0
0
0
0
0
0
0
0
0
0
0
0
0
0
0
0
0
0
0
0
0
0
0
0
0
0
0
0
0
0
0
0
0
0
0
0
0
0
0
0
0
0
0
0
0
0
0
0
0
0
0
0
0
0.0314701319829345
0.0432173573815049
0
0
0
0
0
0
0
0
0
0
0
0
0
0
0
0
0
0
0
0
0
0
0
0
0
0
0
0
0
0
0
0
0
0
0
0
0
0
0
0
0
0
0
0
0
0
0
0
0
0
0
0
0
0
0
0
0
0
0
0
0
0
0
0
0
0
0
0
0
0
0
0
0
0
0
0
0
0
0
0
0
0
0
0
0
0
0
0
0
0
0
0
0
0
0
0
0
0
0
0
0
0
0
0
0
0
0
0
0
0
0
0
0
0
0
0
0
0
0
0
0
0
0
0
0
0
0
0
0
0
0
0
0
0
0
0
0
0
0
0
0
0
0
0
0
0
0
0
0.0317454770192106
0.0436125042841254
0
0
0
0
0
0
0
0
0
0
0
0
0
0
0
0
0
0
0
0
0
0
0
0
0
0
0
0
0
0
0
0
0
0
0
0
0
0
0
0
0
0
0
0
0
0
0
0
0
0
0
0
0
0
0
0
0
0
0
0
0
0
0
0
0
0
0
0
0
0
0
0
0
0
0
0
0
0
0
0
0
0
0
0
0
0
0
0
0
0
0
0
0
0
0
0
0
0
0
0
0
0
0
0
0
0
0
0
0
0
0
0
0
0
0
0
0
0
0
0
0
0
0
0
0
0
0
0
0
0
0
0
0
0
0
0
0
0
0
0
0
0
0
0
0
0
0
0
0.0320408148998472
0.0440375505786174
0
0
0
0
0
0
0
0
0
0
0
0
0
0
0
0
0
0
0
0
0
0
0
0
0
0
0
0
0
0
0
0
0
0
0
0
0
0
0
0
0
0
0
0
0
0
0
0
0
0
0
0
0
0
0
0
0
0
0
0
0
0
0
0
0
0
0
0
0
0
0
0
0
0
0
0
0
0
0
0
0
0
0
0
0
0
0
0
0
0
0
0
0
0
0
0
0
0
0
0
0
0
0
0
0
0
0
0
0
0
0
0
0
0
0
0
0
0
0
0
0
0
0
0
0
0
0
0
0
0
0
0
0
0
0
0
0
0
0
0
0
0
0
0
0
0
0
0
0.0323788375890387
0.0444921858215896
0
0
0
0
0
0
0
0
0
0
0
0
0
0
0
0
0
0
0
0
0
0
0
0
0
0
0
0
0
0
0
0
0
0
0
0
0
0
0
0
0
0
0
0
0
0
0
0
0
0
0
0
0
0
0
0
0
0
0
0
0
0
0
0
0
0
0
0
0
0
0
0
0
0
0
0
0
0
0
0
0
0
0
0
0
0
0
0
0
0
0
0
0
0
0
0
0
0
0
0
0
0
0
0
0
0
0
0
0
0
0
0
0
0
0
0
0
0
0
0
0
0
0
0
0
0
0
0
0
0
0
0
0
0
0
0
0
0
0
0
0
0
0
0
0
0
0
0
0.0327311693897676
0.044928250033557
0
0
0
0
0
0
0
0
0
0
0
0
0
0
0
0
0
0
0
0
0
0
0
0
0
0
0
0
0
0
0
0
0
0
0
0
0
0
0
0
0
0
0
0
0
0
0
0
0
0
0
0
0
0
0
0
0
0
0
0
0
0
0
0
0
0
0
0
0
0
0
0
0
0
0
0
0
0
0
0
0
0
0
0
0
0
0
0
0
0
0
0
0
0
0
0
0
0
0
0
0
0
0
0
0
0
0
0
0
0
0
0
0
0
0
0
0
0
0
0
0
0
0
0
0
0
0
0
0
0
0
0
0
0
0
0
0
0
0
0
0
0
0
0
0
0
0
0
0.0331109143288879
0.0453854310605651
0
0
0
0
0
0
0
0
0
0
0
0
0
0
0
0
0
0
0
0
0
0
0
0
0
0
0
0
0
0
0
0
0
0
0
0
0
0
0
0
0
0
0
0
0
0
0
0
0
0
0
0
0
0
0
0
0
0
0
0
0
0
0
0
0
0
0
0
0
0
0
0
0
0
0
0
0
0
0
0
0
0
0
0
0
0
0
0
0
0
0
0
0
0
0
0
0
0
0
0
0
0
0
0
0
0
0
0
0
0
0
0
0
0
0
0
0
0
0
0
0
0
0
0
0
0
0
0
0
0
0
0
0
0
0
0
0
0
0
0
0
0
0
0
0
0
0
0
0.03352510642418
0.0458598892212348
0
0
0
0
0
0
0
0
0
0
0
0
0
0
0
0
0
0
0
0
0
0
0
0
0
0
0
0
0
0
0
0
0
0
0
0
0
0
0
0
0
0
0
0
0
0
0
0
0
0
0
0
0
0
0
0
0
0
0
0
0
0
0
0
0
0
0
0
0
0
0
0
0
0
0
0
0
0
0
0
0
0
0
0
0
0
0
0
0
0
0
0
0
0
0
0
0
0
0
0
0
0
0
0
0
0
0
0
0
0
0
0
0
0
0
0
0
0
0
0
0
0
0
0
0
0
0
0
0
0
0
0
0
0
0
0
0
0
0
0
0
0
0
0
0
0
0
0
0.033944512018372
0.0463497517101379
0
0
0
0
0
0
0
0
0
0
0
0
0
0
0
0
0
0
0
0
0
0
0
0
0
0
0
0
0
0
0
0
0
0
0
0
0
0
0
0
0
0
0
0
0
0
0
0
0
0
0
0
0
0
0
0
0
0
0
0
0
0
0
0
0
0
0
0
0
0
0
0
0
0
0
0
0
0
0
0
0
0
0
0
0
0
0
0
0
0
0
0
0
0
0
0
0
0
0
0
0
0
0
0
0
0
0
0
0
0
0
0
0
0
0
0
0
0
0
0
0
0
0
0
0
0
0
0
0
0
0
0
0
0
0
0
0
0
0
0
0
0
0
0
0
0
0
0
0.0343790743558127
0.0468570954579922
0
0
0
0
0
0
0
0
0
0
0
0
0
0
0
0
0
0
0
0
0
0
0
0
0
0
0
0
0
0
0
0
0
0
0
0
0
0
0
0
0
0
0
0
0
0
0
0
0
0
0
0
0
0
0
0
0
0
0
0
0
0
0
0
0
0
0
0
0
0
0
0
0
0
0
0
0
0
0
0
0
0
0
0
0
0
0
0
0
0
0
0
0
0
0
0
0
0
0
0
0
0
0
0
0
0
0
0
0
0
0
0
0
0
0
0
0
0
0
0
0
0
0
0
0
0
0
0
0
0
0
0
0
0
0
0
0
0
0
0
0
0
0
0
0
0
0
0
0.0348289956122811
0.0473829136538481
0
0
0
0
0
0
0
0
0
0
0
0
0
0
0
0
0
0
0
0
0
0
0
0
0
0
0
0
0
0
0
0
0
0
0
0
0
0
0
0
0
0
0
0
0
0
0
0
0
0
0
0
0
0
0
0
0
0
0
0
0
0
0
0
0
0
0
0
0
0
0
0
0
0
0
0
0
0
0
0
0
0
0
0
0
0
0
0
0
0
0
0
0
0
0
0
0
0
0
0
0
0
0
0
0
0
0
0
0
0
0
0
0
0
0
0
0
0
0
0
0
0
0
0
0
0
0
0
0
0
0
0
0
0
0
0
0
0
0
0
0
0
0
0
0
0
0
0
0.0351637195568697
0.0478588959254171
0
0
0
0
0
0
0
0
0
0
0
0
0
0
0
0
0
0
0
0
0
0
0
0
0
0
0
0
0
0
0
0
0
0
0
0
0
0
0
0
0
0
0
0
0
0
0
0
0
0
0
0
0
0
0
0
0
0
0
0
0
0
0
0
0
0
0
0
0
0
0
0
0
0
0
0
0
0
0
0
0
0
0
0
0
0
0
0
0
0
0
0
0
0
0
0
0
0
0
0
0
0
0
0
0
0
0
0
0
0
0
0
0
0
0
0
0
0
0
0
0
0
0
0
0
0
0
0
0
0
0
0
0
0
0
0
0
0
0
0
0
0
0
0
0
0
0
0
0.0355110664439899
0.0482364061961675
0.0243851465751911
0
0
0
0
0
0
0
0
0
0
0
0
0
0
0
0
0
0
0
0
0
0
0
0
0
0
0
0
0
0
0
0
0
0
0
0
0
0
0
0
0
0
0
0
0
0
0
0
0
0
0
0
0
0
0
0
0
0
0
0
0
0
0
0
0
0
0
0
0
0
0
0
0
0
0
0
0
0
0
0
0
0
0
0
0
0
0
0
0
0
0
0
0
0
0
0
0
0
0
0
0
0
0
0
0
0
0
0
0
0
0
0
0
0
0
0
0
0
0
0
0
0
0
0
0
0
0
0
0
0
0
0
0
0
0
0
0
0
0
0
0
0
0
0
0
0
0
0.03583380764438
0.0486110993116674
0.0246228773976857
0
0
0
0
0
0
0
0
0
0
0
0
0
0
0
0
0
0
0
0
0
0
0
0
0
0
0
0
0
0
0
0
0
0
0
0
0
0
0
0
0
0
0
0
0
0
0
0
0
0
0
0
0
0
0
0
0
0
0
0
0
0
0
0
0
0
0
0
0
0
0
0
0
0
0
0
0
0
0
0
0
0
0
0
0
0
0
0
0
0
0
0
0
0
0
0
0
0
0
0
0
0
0
0
0
0
0
0
0
0
0
0
0
0
0
0
0
0
0
0
0
0
0
0
0
0
0
0
0
0
0
0
0
0
0
0
0
0
0
0
0
0
0
0
0
0
0
0.0361665509787972
0.048994429132331
0.024841925640111
0
0
0
0
0
0
0
0
0
0
0
0
0
0
0
0
0
0
0
0
0
0
0
0
0
0
0
0
0
0
0
0
0
0
0
0
0
0
0
0
0
0
0
0
0
0
0
0
0
0
0
0
0
0
0
0
0
0
0
0
0
0
0
0
0
0
0
0
0
0
0
0
0
0
0
0
0
0
0
0
0
0
0
0
0
0
0
0
0
0
0
0
0
0
0
0
0
0
0
0
0
0
0
0
0
0
0
0
0
0
0
0
0
0
0
0
0
0
0
0
0
0
0
0
0
0
0
0
0
0
0
0
0
0
0
0
0
0
0
0
0
0
0
0
0
0
0
0.0365123350398788
0.0493871216100772
0.0250769864872138
0
0
0
0
0
0
0
0
0
0
0
0
0
0
0
0
0
0
0
0
0
0
0
0
0
0
0
0
0
0
0
0
0
0
0
0
0
0
0
0
0
0
0
0
0
0
0
0
0
0
0
0
0
0
0
0
0
0
0
0
0
0
0
0
0
0
0
0
0
0
0
0
0
0
0
0
0
0
0
0
0
0
0
0
0
0
0
0
0
0
0
0
0
0
0
0
0
0
0
0
0
0
0
0
0
0
0
0
0
0
0
0
0
0
0
0
0
0
0
0
0
0
0
0
0
0
0
0
0
0
0
0
0
0
0
0
0
0
0
0
0
0
0
0
0
0
0
0.0368801571078985
0.0497952503489128
0.0253150696811828
0
0
0
0
0
0
0
0
0
0
0
0
0
0
0
0
0
0
0
0
0
0
0
0
0
0
0
0
0
0
0
0
0
0
0
0
0
0
0
0
0
0
0
0
0
0
0
0
0
0
0
0
0
0
0
0
0
0
0
0
0
0
0
0
0
0
0
0
0
0
0
0
0
0
0
0
0
0
0
0
0
0
0
0
0
0
0
0
0
0
0
0
0
0
0
0
0
0
0
0
0
0
0
0
0
0
0
0
0
0
0
0
0
0
0
0
0
0
0
0
0
0
0
0
0
0
0
0
0
0
0
0
0
0
0
0
0
0
0
0
0
0
0
0
0
0
0
0.0371737424130769
0.0502054968822242
0.0255435043541649
0
0
0
0
0
0
0
0
0
0
0
0
0
0
0
0
0
0
0
0
0
0
0
0
0
0
0
0
0
0
0
0
0
0
0
0
0
0
0
0
0
0
0
0
0
0
0
0
0
0
0
0
0
0
0
0
0
0
0
0
0
0
0
0
0
0
0
0
0
0
0
0
0
0
0
0
0
0
0
0
0
0
0
0
0
0
0
0
0
0
0
0
0
0
0
0
0
0
0
0
0
0
0
0
0
0
0
0
0
0
0
0
0
0
0
0
0
0
0
0
0
0
0
0
0
0
0
0
0
0
0
0
0
0
0
0
0
0
0
0
0
0
0
0
0
0
0
0.0374777343270071
0.0506116145762562
0.0257703999593844
0
0
0
0
0
0
0
0
0
0
0
0
0
0
0
0
0
0
0
0
0
0
0
0
0
0
0
0
0
0
0
0
0
0
0
0
0
0
0
0
0
0
0
0
0
0
0
0
0
0
0
0
0
0
0
0
0
0
0
0
0
0
0
0
0
0
0
0
0
0
0
0
0
0
0
0
0
0
0
0
0
0
0
0
0
0
0
0
0
0
0
0
0
0
0
0
0
0
0
0
0
0
0
0
0
0
0
0
0
0
0
0
0
0
0
0
0
0
0
0
0
0
0
0
0
0
0
0
0
0
0
0
0
0
0
0
0
0
0
0
0
0
0
0
0
0
0
0.0378008253532672
0.0510292709295114
0.0259942804606278
0
0
0
0
0
0
0
0
0
0
0
0
0
0
0
0
0
0
0
0
0
0
0
0
0
0
0
0
0
0
0
0
0
0
0
0
0
0
0
0
0
0
0
0
0
0
0
0
0
0
0
0
0
0
0
0
0
0
0
0
0
0
0
0
0
0
0
0
0
0
0
0
0
0
0
0
0
0
0
0
0
0
0
0
0
0
0
0
0
0
0
0
0
0
0
0
0
0
0
0
0
0
0
0
0
0
0
0
0
0
0
0
0
0
0
0
0
0
0
0
0
0
0
0
0
0
0
0
0
0
0
0
0
0
0
0
0
0
0
0
0
0
0
0
0
0
0
0.038129185522435
0.051451859153144
0.0262201397180159
0
0
0
0
0
0
0
0
0
0
0
0
0
0
0
0
0
0
0
0
0
0
0
0
0
0
0
0
0
0
0
0
0
0
0
0
0
0
0
0
0
0
0
0
0
0
0
0
0
0
0
0
0
0
0
0
0
0
0
0
0
0
0
0
0
0
0
0
0
0
0
0
0
0
0
0
0
0
0
0
0
0
0
0
0
0
0
0
0
0
0
0
0
0
0
0
0
0
0
0
0
0
0
0
0
0
0
0
0
0
0
0
0
0
0
0
0
0
0
0
0
0
0
0
0
0
0
0
0
0
0
0
0
0
0
0
0
0
0
0
0
0
0
0
0
0
0
0.0385025139855929
0.0518915723639576
0.0264404817501481
0
0
0
0
0
0
0
0
0
0
0
0
0
0
0
0
0
0
0
0
0
0
0
0
0
0
0
0
0
0
0
0
0
0
0
0
0
0
0
0
0
0
0
0
0
0
0
0
0
0
0
0
0
0
0
0
0
0
0
0
0
0
0
0
0
0
0
0
0
0
0
0
0
0
0
0
0
0
0
0
0
0
0
0
0
0
0
0
0
0
0
0
0
0
0
0
0
0
0
0
0
0
0
0
0
0
0
0
0
0
0
0
0
0
0
0
0
0
0
0
0
0
0
0
0
0
0
0
0
0
0
0
0
0
0
0
0
0
0
0
0
0
0
0
0
0
0
0.0388232296679946
0.0523252669259122
0.0266458063473032
0
0
0
0
0
0
0
0
0
0
0
0
0
0
0
0
0
0
0
0
0
0
0
0
0
0
0
0
0
0
0
0
0
0
0
0
0
0
0
0
0
0
0
0
0
0
0
0
0
0
0
0
0
0
0
0
0
0
0
0
0
0
0
0
0
0
0
0
0
0
0
0
0
0
0
0
0
0
0
0
0
0
0
0
0
0
0
0
0
0
0
0
0
0
0
0
0
0
0
0
0
0
0
0
0
0
0
0
0
0
0
0
0
0
0
0
0
0
0
0
0
0
0
0
0
0
0
0
0
0
0
0
0
0
0
0
0
0
0
0
0
0
0
0
0
0
0
0.0391793560877657
0.0527471365382698
0.0268463469214707
0
0
0
0
0
0
0
0
0
0
0
0
0
0
0
0
0
0
0
0
0
0
0
0
0
0
0
0
0
0
0
0
0
0
0
0
0
0
0
0
0
0
0
0
0
0
0
0
0
0
0
0
0
0
0
0
0
0
0
0
0
0
0
0
0
0
0
0
0
0
0
0
0
0
0
0
0
0
0
0
0
0
0
0
0
0
0
0
0
0
0
0
0
0
0
0
0
0
0
0
0
0
0
0
0
0
0
0
0
0
0
0
0
0
0
0
0
0
0
0
0
0
0
0
0
0
0
0
0
0
0
0
0
0
0
0
0
0
0
0
0
0
0
0
0
0
0
0.0395375689634221
0.0531834443794782
0.0270050444722123
0
0
0
0
0
0
0
0
0
0
0
0
0
0
0
0
0
0
0
0
0
0
0
0
0
0
0
0
0
0
0
0
0
0
0
0
0
0
0
0
0
0
0
0
0
0
0
0
0
0
0
0
0
0
0
0
0
0
0
0
0
0
0
0
0
0
0
0
0
0
0
0
0
0
0
0
0
0
0
0
0
0
0
0
0
0
0
0
0
0
0
0
0
0
0
0
0
0
0
0
0
0
0
0
0
0
0
0
0
0
0
0
0
0
0
0
0
0
0
0
0
0
0
0
0
0
0
0
0
0
0
0
0
0
0
0
0
0
0
0
0
0
0
0
0
0
0
0.0399360291974607
0.0536306488598326
0.0271705576278211
0
0
0
0
0
0
0
0
0
0
0
0
0
0
0
0
0
0
0
0
0
0
0
0
0
0
0
0
0
0
0
0
0
0
0
0
0
0
0
0
0
0
0
0
0
0
0
0
0
0
0
0
0
0
0
0
0
0
0
0
0
0
0
0
0
0
0
0
0
0
0
0
0
0
0
0
0
0
0
0
0
0
0
0
0
0
0
0
0
0
0
0
0
0
0
0
0
0
0
0
0
0
0
0
0
0
0
0
0
0
0
0
0
0
0
0
0
0
0
0
0
0
0
0
0
0
0
0
0
0
0
0
0
0
0
0
0
0
0
0
0
0
0
0
0
0
0
0.0403468852780961
0.0541170484304289
0.0273425009340597
0
0
0
0
0
0
0
0
0
0
0
0
0
0
0
0
0
0
0
0
0
0
0
0
0
0
0
0
0
0
0
0
0
0
0
0
0
0
0
0
0
0
0
0
0
0
0
0
0
0
0
0
0
0
0
0
0
0
0
0
0
0
0
0
0
0
0
0
0
0
0
0
0
0
0
0
0
0
0
0
0
0
0
0
0
0
0
0
0
0
0
0
0
0
0
0
0
0
0
0
0
0
0
0
0
0
0
0
0
0
0
0
0
0
0
0
0
0
0
0
0
0
0
0
0
0
0
0
0
0
0
0
0
0
0
0
0
0
0
0
0
0
0
0
0
0
0
0.0407974031940463
0.0546216786683067
0.0275429976282808
0
0
0
0
0
0
0
0
0
0
0
0
0
0
0
0
0
0
0
0
0
0
0
0
0
0
0
0
0
0
0
0
0
0
0
0
0
0
0
0
0
0
0
0
0
0
0
0
0
0
0
0
0
0
0
0
0
0
0
0
0
0
0
0
0
0
0
0
0
0
0
0
0
0
0
0
0
0
0
0
0
0
0
0
0
0
0
0
0
0
0
0
0
0
0
0
0
0
0
0
0
0
0
0
0
0
0
0
0
0
0
0
0
0
0
0
0
0
0
0
0
0
0
0
0
0
0
0
0
0
0
0
0
0
0
0
0
0
0
0
0
0
0
0
0
0
0
0.0412979658748917
0.0551700131630414
0.0277538777671063
0
0
0
0
0
0
0
0
0
0
0
0
0
0
0
0
0
0
0
0
0
0
0
0
0
0
0
0
0
0
0
0
0
0
0
0
0
0
0
0
0
0
0
0
0
0
0
0
0
0
0
0
0
0
0
0
0
0
0
0
0
0
0
0
0
0
0
0
0
0
0
0
0
0
0
0
0
0
0
0
0
0
0
0
0
0
0
0
0
0
0
0
0
0
0
0
0
0
0
0
0
0
0
0
0
0
0
0
0
0
0
0
0
0
0
0
0
0
0
0
0
0
0
0
0
0
0
0
0
0
0
0
0
0
0
0
0
0
0
0
0
0
0
0
0
0
0
0.0418303490598143
0.0557404591241188
0.0279851730834647
0.0151876846503256
0
0
0
0
0
0
0
0
0
0
0
0
0
0
0
0
0
0
0
0
0
0
0
0
0
0
0
0
0
0
0
0
0
0
0
0
0
0
0
0
0
0
0
0
0
0
0
0
0
0
0
0
0
0
0
0
0
0
0
0
0
0
0
0
0
0
0
0
0
0
0
0
0
0
0
0
0
0
0
0
0
0
0
0
0
0
0
0
0
0
0
0
0
0
0
0
0
0
0
0
0
0
0
0
0
0
0
0
0
0
0
0
0
0
0
0
0
0
0
0
0
0
0
0
0
0
0
0
0
0
0
0
0
0
0
0
0
0
0
0
0
0
0
0
0
0
0.0423747277635784
0.0563400967743693
0.0282210977596661
0.015285090843161
0
0
0
0
0
0
0
0
0
0
0
0
0
0
0
0
0
0
0
0
0
0
0
0
0
0
0
0
0
0
0
0
0
0
0
0
0
0
0
0
0
0
0
0
0
0
0
0
0
0
0
0
0
0
0
0
0
0
0
0
0
0
0
0
0
0
0
0
0
0
0
0
0
0
0
0
0
0
0
0
0
0
0
0
0
0
0
0
0
0
0
0
0
0
0
0
0
0
0
0
0
0
0
0
0
0
0
0
0
0
0
0
0
0
0
0
0
0
0
0
0
0
0
0
0
0
0
0
0
0
0
0
0
0
0
0
0
0
0
0
0
0
0
0
0
0
0.0429663277570576
0.0569286049122919
0.0284547205222557
0.0153878066308469
0
0
0
0
0
0
0
0
0
0
0
0
0
0
0
0
0
0
0
0
0
0
0
0
0
0
0
0
0
0
0
0
0
0
0
0
0
0
0
0
0
0
0
0
0
0
0
0
0
0
0
0
0
0
0
0
0
0
0
0
0
0
0
0
0
0
0
0
0
0
0
0
0
0
0
0
0
0
0
0
0
0
0
0
0
0
0
0
0
0
0
0
0
0
0
0
0
0
0
0
0
0
0
0
0
0
0
0
0
0
0
0
0
0
0
0
0
0
0
0
0
0
0
0
0
0
0
0
0
0
0
0
0
0
0
0
0
0
0
0
0
0
0
0
0
0
0.0436049827934224
0.0575847549066224
0.0286873210615301
0.0155024376702315
0
0
0
0
0
0
0
0
0
0
0
0
0
0
0
0
0
0
0
0
0
0
0
0
0
0
0
0
0
0
0
0
0
0
0
0
0
0
0
0
0
0
0
0
0
0
0
0
0
0
0
0
0
0
0
0
0
0
0
0
0
0
0
0
0
0
0
0
0
0
0
0
0
0
0
0
0
0
0
0
0
0
0
0
0
0
0
0
0
0
0
0
0
0
0
0
0
0
0
0
0
0
0
0
0
0
0
0
0
0
0
0
0
0
0
0
0
0
0
0
0
0
0
0
0
0
0
0
0
0
0
0
0
0
0
0
0
0
0
0
0
0
0
0
0
0
0.0442517152774455
0.0582767091838764
0.0289528655337341
0.0156076025715941
0.00976768006077348
0
0
0
0
0
0
0
0
0
0
0
0
0
0
0
0
0
0
0
0
0
0
0
0
0
0
0
0
0
0
0
0
0
0
0
0
0
0
0
0
0
0
0
0
0
0
0
0
0
0
0
0
0
0
0
0
0
0
0
0
0
0
0
0
0
0
0
0
0
0
0
0
0
0
0
0
0
0
0
0
0
0
0
0
0
0
0
0
0
0
0
0
0
0
0
0
0
0
0
0
0
0
0
0
0
0
0
0
0
0
0
0
0
0
0
0
0
0
0
0
0
0
0
0
0
0
0
0
0
0
0
0
0
0
0
0
0
0
0
0
0
0
0
0
0
0.0452528170258196
0.0589649933603693
0.0292045564094429
0.0157043081287261
0.00976177517886923
0
0
0
0
0
0
0
0
0
0
0
0
0
0
0
0
0
0
0
0
0
0
0
0
0
0
0
0
0
0
0
0
0
0
0
0
0
0
0
0
0
0
0
0
0
0
0
0
0
0
0
0
0
0
0
0
0
0
0
0
0
0
0
0
0
0
0
0
0
0
0
0
0
0
0
0
0
0
0
0
0
0
0
0
0
0
0
0
0
0
0
0
0
0
0
0
0
0
0
0
0
0
0
0
0
0
0
0
0
0
0
0
0
0
0
0
0
0
0
0
0
0
0
0
0
0
0
0
0
0
0
0
0
0
0
0
0
0
0
0
0
0
0
0
0
0.0462816492254415
0.0597816559967073
0.0294021066260116
0.0157724191367831
0.00976383577645127
0.00900085038356706
0
0
0
0
0
0
0
0
0
0
0
0
0
0
0
0
0
0
0
0
0
0
0
0
0
0
0
0
0
0
0
0
0
0
0
0
0
0
0
0
0
0
0
0
0
0
0
0
0
0
0
0
0
0
0
0
0
0
0
0
0
0
0
0
0
0
0
0
0
0
0
0
0
0
0
0
0
0
0
0
0
0
0
0
0
0
0
0
0
0
0
0
0
0
0
0
0
0
0
0
0
0
0
0
0
0
0
0
0
0
0
0
0
0
0
0
0
0
0
0
0
0
0
0
0
0
0
0
0
0
0
0
0
0
0
0
0
0
0
0
0
0
0
0
0.0471713418086643
0.060508539363414
0.0292999106108492
0.0158378000068665
0.0097592181978989
0.00925835583857839
0.00733442824675425
0
0
0
0
0
0
0
0
0
0
0
0
0
0
0
0
0
0
0
0
0
0
0
0
0
0
0
0
0
0
0
0
0
0
0
0
0
0
0
0
0
0
0
0
0
0
0
0
0
0
0
0
0
0
0
0
0
0
0
0
0
0
0
0
0
0
0
0
0
0
0
0
0
0
0
0
0
0
0
0
0
0
0
0
0
0
0
0
0
0
0
0
0
0
0
0
0
0
0
0
0
0
0
0
0
0
0
0
0
0
0
0
0
0
0
0
0
0
0
0
0
0
0
0
0
0
0
0
0
0
0
0
0
0
0
0
0
0
0
0
0
0
0
0.048085062400168
0.0612439684486649
0.0292108298631467
0.0159501249232395
0.0097488076519265
0.0095108289307592
0.00773765600012867
0
0
0
0
0
0
0
0
0
0
0
0
0
0
0
0
0
0
0
0
0
0
0
0
0
0
0
0
0
0
0
0
0
0
0
0
0
0
0
0
0
0
0
0
0
0
0
0
0
0
0
0
0
0
0
0
0
0
0
0
0
0
0
0
0
0
0
0
0
0
0
0
0
0
0
0
0
0
0
0
0
0
0
0
0
0
0
0
0
0
0
0
0
0
0
0
0
0
0
0
0
0
0
0
0
0
0
0
0
0
0
0
0
0
0
0
0
0
0
0
0
0
0
0
0
0
0
0
0
0
0
0
0
0
0
0
0
0
0
0
0
0
0
0.0490905117422783
0.0620968252573647
0.0291800941295861
0.0160703710679583
0.00987201514307677
0.00972406483675098
0.00811110883479476
0.00631220595234603
0
0
0
0
0
0
0
0
0
0
0
0
0
0
0
0
0
0
0
0
0
0
0
0
0
0
0
0
0
0
0
0
0
0
0
0
0
0
0
0
0
0
0
0
0
0
0
0
0
0
0
0
0
0
0
0
0
0
0
0
0
0
0
0
0
0
0
0
0
0
0
0
0
0
0
0
0
0
0
0
0
0
0
0
0
0
0
0
0
0
0
0
0
0
0
0
0
0
0
0
0
0
0
0
0
0
0
0
0
0
0
0
0
0
0
0
0
0
0
0
0
0
0
0
0
0
0
0
0
0
0
0
0
0
0
0
0
0
0
0
0
0
0.0502437326826808
0.0630291969227952
0.029196987092017
0.0162134308387586
0.0100399665211514
0.00998624982057982
0.00844227186112182
0.0067207021836769
0.00423442456901492
0
0
0
0
0
0
0
0
0
0
0
0
0
0
0
0
0
0
0
0
0
0
0
0
0
0
0
0
0
0
0
0
0
0
0
0
0
0
0
0
0
0
0
0
0
0
0
0
0
0
0
0
0
0
0
0
0
0
0
0
0
0
0
0
0
0
0
0
0
0
0
0
0
0
0
0
0
0
0
0
0
0
0
0
0
0
0
0
0
0
0
0
0
0
0
0
0
0
0
0
0
0
0
0
0
0
0
0
0
0
0
0
0
0
0
0
0
0
0
0
0
0
0
0
0
0
0
0
0
0
0
0
0
0
0
0
0
0
0
0
0
0.0509972440968906
0.0637330744664935
0.0292189742014111
0.0164602747248979
0.0102771598748264
0.010195749659188
0.00897790893943502
0.00711282320118905
0.00445123008466728
0.00359983575056198
0.00249481736463637
0
0
0
0
0
0
0
0
0
0
0
0
0
0
0
0
0
0
0
0
0
0
0
0
0
0
0
0
0
0
0
0
0
0
0
0
0
0
0
0
0
0
0
0
0
0
0
0
0
0
0
0
0
0
0
0
0
0
0
0
0
0
0
0
0
0
0
0
0
0
0
0
0
0
0
0
0
0
0
0
0
0
0
0
0
0
0
0
0
0
0
0
0
0
0
0
0
0
0
0
0
0
0
0
0
0
0
0
0
0
0
0
0
0
0
0
0
0
0
0
0
0
0
0
0
0
0
0
0
0
0
0
0
0
0
0
0
0
0
0.0520170869785008
0.0644836799634827
0.0293106662229129
0.0166935686947676
0.0104996025646694
0.0103875807743375
0.00954575482736123
0.00751751273187252
0.0045957409131277
0.00391648559712675
0.00283421529938624
0.00187380449649266
0.00126016387308436
0.00103831341219905
0
0
0
0
0
0
0
0
0
0
0
0
0
0
0
0
0
0
0
0
0
0
0
0
0
0
0
0
0
0
0
0
0
0
0
0
0
0
0
0
0
0
0
0
0
0
0
0
0
0
0
0
0
0
0
0
0
0
0
0
0
0
0
0
0
0
0
0
0
0
0
0
0
0
0
0
0
0
0
0
0
0
0
0
0
0
0
0
0
0
0
0
0
0
0
0
0
0
0
0
0
0
0
0
0
0
0
0
0
0
0
0
0
0
0
0
0
0
0
0
0
0
0
0
0
0
0
0
0
0
0
0
0
0
0
0
0.0530332088057948
0.0655416676336726
0.0294435854772134
0.0170151174447401
0.0106985522342474
0.0105274997385284
0.0100864800539905
0.00792039518424996
0.00466490422939158
0.0041626853979108
0.00315517186957663
0.00218824050010147
0.00152874480657693
0.00151020810724221
0.00088442154487366
0.000110079618063921
2.59337224968089e-05
0.00032048806190047
3.97999301356579e-05
0.000614879322829971
0
0
0
0
0
0
0
0
0
0
0
0
0
0
0
0
0
0
0
0
0
0
0
0
0
0
0
0
0
0
0
0
0
0
0
0
0
0
0
0
0
0
0
0
0
0
0
0
0
0
0
0
0
0
0
0
0
0
0
0
0
0
0
0
0
0
0
0
0
0
0
0
0
0
0
0
0
0
0
0
0
0
0
0
0
0
0
0
0
0
0
0
0
0
0
0
0
0
0
0
0
0
0
0
0
0
0
0
0
0
0
0
0
0
0
0
0
0
0
0
0
0
0
0
0
0
0
0
0
0
0.0538699167084308
0.0662682168451729
0.029747045475018
0.0173636775441753
0.0109531369537187
0.0106493484147789
0.0105885101600991
0.00831097545810269
0.00468430407668697
0.00432491299282952
0.00338556626597046
0.00250155542340977
0.00179556448286979
0.00196877606095256
0.00127514407104398
0.000179617587577987
-0.000111927952435051
0.000358519945674838
5.22708543260835e-05
0.00109722415139759
0
0
0
0
0
0
0
0
0
0
0
0
0
0
0
0
0
0
0
0
0
0
0
0
0
0
0
0
0
0
0
0
0
0
0
0
0
0
0
0
0
0
0
0
0
0
0
0
0
0
0
0
0
0
0
0
0
0
0
0
0
0
0
0
0
0
0
0
0
0
0
0
0
0
0
0
0
0
0
0
0
0
0
0
0
0
0
0
0
0
0
0
0
0
0
0
0
0
0
0
0
0
0
0
0
0
0
0
0
0
0
0
0
0
0
0
0
0
0
0
0
0
0
0
0
0
0
0
0
0
0.0549680494889166
0.0670103850045684
0.0299361035248022
0.0177441835991185
0.0111971429949505
0.0108073001030427
0.0110708015469229
0.00872586351802157
0.00479399811999123
0.00447707566227068
0.00357695490860234
0.00277374801971784
0.00205447607270216
0.00241031759594313
0.00164687693731699
0.000299090265963794
-0.000142764408273516
0.0004294308469821
-2.39080308894353e-05
0.00168962557272117
0.00133554816388702
0
0
0
0
0
0
0
0
0
0
0
0
0
0
0
0
0
0
0
0
0
0
0
0
0
0
0
0
0
0
0
0
0
0
0
0
0
0
0
0
0
0
0
0
0
0
0
0
0
0
0
0
0
0
0
0
0
0
0
0
0
0
0
0
0
0
0
0
0
0
0
0
0
0
0
0
0
0
0
0
0
0
0
0
0
0
0
0
0
0
0
0
0
0
0
0
0
0
0
0
0
0
0
0
0
0
0
0
0
0
0
0
0
0
0
0
0
0
0
0
0
0
0
0
0
0
0
0
0
0.056321341951163
0.0680658045039284
0.0302093677751581
0.0181617515211938
0.0113848119060128
0.0109508035645997
0.0115144957682626
0.00914205325892881
0.00490726847097431
0.00460931893702667
0.00379212194170441
0.00295427393659381
0.00228723652580749
0.00284910141567063
0.0019632506988259
0.000409377855452664
-0.000129427384485036
0.000573266462029665
-8.81235210444899e-05
0.0022196768810464
0.00193262120701238
-0.000343085123440873
-0.000211526305246222
-0.000119814998939169
-0.00016232978823849
0.000209982505243121
0
0
0
0
0
0
0
0
0
0
0
0
0
0
0
0
0
0
0
0
0
0
0
0
0
0
0
0
0
0
0
0
0
0
0
0
0
0
0
0
0
0
0
0
0
0
0
0
0
0
0
0
0
0
0
0
0
0
0
0
0
0
0
0
0
0
0
0
0
0
0
0
0
0
0
0
0
0
0
0
0
0
0
0
0
0
0
0
0
0
0
0
0
0
0
0
0
0
0
0
0
0
0
0
0
0
0
0
0
0
0
0
0
0
0
0
0
0
0
0
0
0
0
0
0.0577002660268838
0.0692281229169867
0.0307163804669158
0.018651974943212
0.0116372182735078
0.0110606031450472
0.0119356811556165
0.00952617126013159
0.00503068388594179
0.0048009216900372
0.00397449332841841
0.00316720056870207
0.00256726657878759
0.00326935338196829
0.00225417818963168
0.000504580302543235
-0.000152940255019972
0.000670262408239888
-0.000135436299632879
0.00273184368817767
0.00245428150461459
-0.000206877047741029
-0.00013969073122252
3.86759524865012e-05
-0.00029999523660543
0.000262076762102583
0.000290778634638975
0.000347095235517055
0.000469718904826433
0
0
0
0
0
0
0
0
0
0
0
0
0
0
0
0
0
0
0
0
0
0
0
0
0
0
0
0
0
0
0
0
0
0
0
0
0
0
0
0
0
0
0
0
0
0
0
0
0
0
0
0
0
0
0
0
0
0
0
0
0
0
0
0
0
0
0
0
0
0
0
0
0
0
0
0
0
0
0
0
0
0
0
0
0
0
0
0
0
0
0
0
0
0
0
0
0
0
0
0
0
0
0
0
0
0
0
0
0
0
0
0
0
0
0
0
0
0
0
0
0
0.0591381209152628
0.0704767112691051
0.0313887659327825
0.019362861952755
0.0119610321611292
0.0112501195790135
0.0123334820480696
0.00989779013899552
0.00514060673598619
0.00499208868218358
0.00418230589572619
0.00338314387343191
0.00287022933456624
0.00366987409279887
0.00252959792820765
0.000592431882500086
-0.000179732168464339
0.000750474103907093
-0.000195743695545951
0.00326291711190029
0.00297447034358699
-0.000112813313329459
-1.41171951264664e-05
0.000204692757046036
-0.000296408551744095
0.000379971818294941
0.000383094880067626
0.000618445346107996
0.000982125054247962
0.000112052468752711
-0.000254953277275395
0
0
0
0
0
0
0
0
0
0
0
0
0
0
0
0
0
0
0
0
0
0
0
0
0
0
0
0
0
0
0
0
0
0
0
0
0
0
0
0
0
0
0
0
0
0
0
0
0
0
0
0
0
0
0
0
0
0
0
0
0
0
0
0
0
0
0
0
0
0
0
0
0
0
0
0
0
0
0
0
0
0
0
0
0
0
0
0
0
0
0
0
0
0
0
0
0
0
0
0
0
0
0
0
0
0
0
0
0
0
0
0
0
0
0
0
0
0
0
0.0606469381977597
0.0714970184553736
0.0319011364375609
0.0199597096621765
0.0121834817658092
0.011460720510297
0.0127692136913154
0.0103371328151321
0.00529208960077092
0.00523274039455654
0.00452556811219949
0.00359215609499728
0.00292803570297449
0.00403517714476033
0.00279343850984893
0.00066267144787925
-0.000180075036889179
0.000855951406408967
-0.000262171808542874
0.00372700653914076
0.00350514847441032
1.25117569683964e-05
6.72713095156569e-05
0.000328290765973634
-0.000373497482698031
0.000550837766195716
0.000540149471982873
0.0008538924517551
0.00154679806919722
0.000347533101945975
-0.000190191887571902
-0.000120362274377971
-0.000169104433820154
0.000137663974297799
0.000224895643270673
0
0
0
0
0
0
0
0
0
0
0
0
0
0
0
0
0
0
0
0
0
0
0
0
0
0
0
0
0
0
0
0
0
0
0
0
0
0
0
0
0
0
0
0
0
0
0
0
0
0
0
0
0
0
0
0
0
0
0
0
0
0
0
0
0
0
0
0
0
0
0
0
0
0
0
0
0
0
0
0
0
0
0
0
0
0
0
0
0
0
0
0
0
0
0
0
0
0
0
0
0
0
0
0
0
0
0
0
0
0
0
0
0
0
0
0.0620246033614242
0.0722757907385242
0.0319861298554142
0.0203775616972224
0.0122512385883742
0.0116236477806099
0.0132177212336895
0.0106269135599093
0.00544157092314107
0.00547545109673115
0.00488873604013434
0.00398444082296937
0.00305715205266569
0.00413676667909695
0.00302311426450611
0.000873673280293102
-0.000205878827106337
0.000994416609014371
-0.000353985252800404
0.00401357901630225
0.00378476874607412
5.66724499240031e-05
0.00019153751378896
0.000420927001528109
-0.000495915857397803
0.000614506961415204
0.000686750558760993
0.00096928296516384
0.00199090624108402
0.000559770924483057
-0.000154000293595444
-4.97122893520388e-05
-0.000318547552478295
0.00024822135695831
0.000484004652294549
0
0
0
0
0
0
0
0
0
0
0
0
0
0
0
0
0
0
0
0
0
0
0
0
0
0
0
0
0
0
0
0
0
0
0
0
0
0
0
0
0
0
0
0
0
0
0
0
0
0
0
0
0
0
0
0
0
0
0
0
0
0
0
0
0
0
0
0
0
0
0
0
0
0
0
0
0
0
0
0
0
0
0
0
0
0
0
0
0
0
0
0
0
0
0
0
0
0
0
0
0
0
0
0
0
0
0
0
0
0
0
0
0
0
0
0.0633538267881421
0.0729098913174675
0.031809195739865
0.0206276577515694
0.0123306362129108
0.0117140956617293
0.0132279683044609
0.0109592664846545
0.00544643475888851
0.00569994033299804
0.00536809435052812
0.00434172849367305
0.00324543604260594
0.0045100076964636
0.00324604431991463
0.001177987888966
8.11618720190596e-05
0.00113206138351546
-0.000428664299406519
0.00422055855926292
0.00396757439117309
1.04679237173824e-05
0.000340689421832868
0.000544412565164645
-0.000603201128293278
0.000765414427167422
0.00086744346098162
0.00112417871048502
0.00238179057108914
0.000720761892130954
-8.88643823290317e-05
6.22066882561765e-05
-0.000381536833071014
0.000121389923999915
0.000640051303092422
0
0
0
0
0
0
0
0
0
0
0
0
0
0
0
0
0
0
0
0
0
0
0
0
0
0
0
0
0
0
0
0
0
0
0
0
0
0
0
0
0
0
0
0
0
0
0
0
0
0
0
0
0
0
0
0
0
0
0
0
0
0
0
0
0
0
0
0
0
0
0
0
0
0
0
0
0
0
0
0
0
0
0
0
0
0
0
0
0
0
0
0
0
0
0
0
0
0
0
0
0
0
0
0
0
0
0
0
0
0
0
0
0
0
0
0.0647652553499347
0.0737398157264707
0.0317407182956094
0.0208307683483335
0.0124299074654528
0.0118390336006575
0.0132076822041369
0.0112230256595077
0.00545977445992392
0.00587232022813699
0.00580755237552822
0.00473037417337293
0.00342298661484607
0.00490747561371569
0.00365850414902459
0.00149714984662948
0.000370302297086978
0.00138790345173616
-0.000511902096873311
0.00444687224036839
0.00416134368610053
-7.18712714496825e-05
0.000457716214122986
0.000640097438626062
-0.000699178853949993
0.000904085605078382
0.00109906555465871
0.00126623120910635
0.00277172385643269
0.000794343037430694
-4.24820200851283e-05
0.000197442958685807
-0.000440244619892037
5.28124754752851e-05
0.000780315509633709
-0.000351388921870195
0.00043424213460052
0.000463557292309565
0
0
0
0
0
0
0
0
0
0
0
0
0
0
0
0
0
0
0
0
0
0
0
0
0
0
0
0
0
0
0
0
0
0
0
0
0
0
0
0
0
0
0
0
0
0
0
0
0
0
0
0
0
0
0
0
0
0
0
0
0
0
0
0
0
0
0
0
0
0
0
0
0
0
0
0
0
0
0
0
0
0
0
0
0
0
0
0
0
0
0
0
0
0
0
0
0
0
0
0
0
0
0
0
0
0
0
0
0
0
0
0
0.0663186451259358
0.0744923606927644
0.0318080067376974
0.0211651847173536
0.0125746153614818
0.0119364267133823
0.0131058547063185
0.0113878350477114
0.00560801485462736
0.00608709451257882
0.00619998895525382
0.00505249444362944
0.00359539819005361
0.00526110684627158
0.00406566835193258
0.00198459149021813
0.000740518346184687
0.00164805717146586
-0.000292496626707938
0.00468752901426789
0.00437859841045125
-0.000140411174360732
0.000551362076162071
0.00072029705811727
-0.000832258788475395
0.00104731437592346
0.0013190441699146
0.00145905992783674
0.00314582765064867
0.000864650362705758
-7.82763175757851e-05
0.000344427494374972
-0.00043935519349142
-1.24930056340952e-06
0.000973952723019278
-0.00043065191549286
0.000555845599530555
0.000862906255016559
0
0
0
0
0
0
0
0
0
0
0
0
0
0
0
0
0
0
0
0
0
0
0
0
0
0
0
0
0
0
0
0
0
0
0
0
0
0
0
0
0
0
0
0
0
0
0
0
0
0
0
0
0
0
0
0
0
0
0
0
0
0
0
0
0
0
0
0
0
0
0
0
0
0
0
0
0
0
0
0
0
0
0
0
0
0
0
0
0
0
0
0
0
0
0
0
0
0
0
0
0
0
0
0
0
0
0
0
0
0
0
0
0.0678736521767402
0.0750946540401157
0.031787345404231
0.0216428045091675
0.0127909847867871
0.0120743599093156
0.0130380722807931
0.0115322365388921
0.00567099147748969
0.00624376041930192
0.00659480956851762
0.00535822211004682
0.00382278125876655
0.00564283089672248
0.00444752420906019
0.00251200312922543
0.0011332909687043
0.00186385313209207
-8.40032114165327e-05
0.00488962275373161
0.00451291389555289
-0.000222029545883583
0.00067925168062151
0.000785809871648487
-0.000987996976158289
0.00107829387458039
0.0015177951941579
0.00166452832035394
0.00356548615902272
0.000882119417885794
-0.000163784204724593
0.000421320271080522
-0.000394615337897784
-3.8121597946596e-05
0.00111098532789591
-0.000461565589937231
0.000681078004898465
0.00125771256426163
0.000651265852435092
0
0
0
0
0
0
0
0
0
0
0
0
0
0
0
0
0
0
0
0
0
0
0
0
0
0
0
0
0
0
0
0
0
0
0
0
0
0
0
0
0
0
0
0
0
0
0
0
0
0
0
0
0
0
0
0
0
0
0
0
0
0
0
0
0
0
0
0
0
0
0
0
0
0
0
0
0
0
0
0
0
0
0
0
0
0
0
0
0
0
0
0
0
0
0
0
0
0
0
0
0
0
0
0
0
0
0
0
0
0
0
0.0694350854090286
0.0757377163343729
0.0316345871828759
0.0220546260862177
0.0130852694908934
0.0122589964313787
0.0129938733032048
0.0116921060576527
0.0056998214710528
0.00627994457224124
0.00683117771594744
0.00562046368804899
0.00398563577789918
0.00603368888820539
0.00483807114150433
0.00300185012588829
0.00156490765352998
0.00211317494795827
6.6848746048923e-05
0.00507707922788216
0.00464077219300209
-0.000369759723357479
0.000793025414209731
0.000863256703571973
-0.00115214836135397
0.00110268692325945
0.00163504443911612
0.00186622214251064
0.00400808473053586
0.000935162932731968
-0.000294509995150749
0.000437783912557773
-0.00040100505242359
-4.11125423743406e-05
0.00125545229398657
-0.000541247029357164
0.000846955554687598
0.00165171521438505
0.000933548976931144
-7.92364948117897e-06
0
0
0
0
0
0
0
0
0
0
0
0
0
0
0
0
0
0
0
0
0
0
0
0
0
0
0
0
0
0
0
0
0
0
0
0
0
0
0
0
0
0
0
0
0
0
0
0
0
0
0
0
0
0
0
0
0
0
0
0
0
0
0
0
0
0
0
0
0
0
0
0
0
0
0
0
0
0
0
0
0
0
0
0
0
0
0
0
0
0
0
0
0
0
0
0
0
0
0
0
0
0
0
0
0
0
0
0
0
0
0.0710822838282903
0.0763492531441709
0.0314013945838213
0.0223403229992349
0.013321000343752
0.0124939663663073
0.0130313375162186
0.0118814373575083
0.00568297486073257
0.00626809275861103
0.00702478078925607
0.00584275074584555
0.00413838318046762
0.00640108141168995
0.00519679769762275
0.00347564804280242
0.00190078203390445
0.00239357448774763
0.000347865740976874
0.00519224019689987
0.00476828634795176
-0.00032494897937352
0.000905804706638289
0.000984959605734175
-0.00129764761354665
0.00112489600187784
0.00175634963633213
0.00199937438183595
0.004479995874488
0.00100705163569211
-0.000389039253728181
0.000417800698375073
-0.000473281362565228
-0.000207545974035538
0.0013693302464775
-0.000626779033631956
0.000961388983950061
0.00203973188992794
0.00125989143928591
0.000116290619608534
-0.00017725057317113
-0.000348160319075658
-0.000255644328987158
0
0
0
0
0
0
0
0
0
0
0
0
0
0
0
0
0
0
0
0
0
0
0
0
0
0
0
0
0
0
0
0
0
0
0
0
0
0
0
0
0
0
0
0
0
0
0
0
0
0
0
0
0
0
0
0
0
0
0
0
0
0
0
0
0
0
0
0
0
0
0
0
0
0
0
0
0
0
0
0
0
0
0
0
0
0
0
0
0
0
0
0
0
0
0
0
0
0
0
0
0
0
0
0
0
0
0
0.0729067208346404
0.0770646417337769
0.0311923928357845
0.0225270055123298
0.0133707121439536
0.0126345808885154
0.0130628567598545
0.0121180035304855
0.00568386117726268
0.0062204585755435
0.00728571676891084
0.00614782320586592
0.00428238691098686
0.00680552432514867
0.00557806310435809
0.00381018385144152
0.00221995280044909
0.00259572187533219
0.000649539710685585
0.00531317658577274
0.00487888205828299
-0.000230331516885214
0.00118630234908291
0.00108148482731094
-0.00142654231341495
0.00113329239559865
0.00187588352618389
0.00211678975799803
0.00489793133116303
0.00111477301911236
-0.00045301781310037
0.000430608114575877
-0.000541315224956229
-0.000357713145691934
0.00143379343090112
-0.000729456265903998
0.00106175435102725
0.00239066677118488
0.00157801472358529
0.000254766805476303
-0.000172099497326707
-0.000461749009790362
-0.000402706865963039
0.000257401363489709
-0.000241231001342651
-4.41588629349399e-05
-0.000116493645817961
0
0
0
0
0
0
0
0
0
0
0
0
0
0
0
0
0
0
0
0
0
0
0
0
0
0
0
0
0
0
0
0
0
0
0
0
0
0
0
0
0
0
0
0
0
0
0
0
0
0
0
0
0
0
0
0
0
0
0
0
0
0
0
0
0
0
0
0
0
0
0
0
0
0
0
0
0
0
0
0
0
0
0
0
0
0
0
0
0
0
0
0
0
0
0
0
0
0
0
0
0
0
0
0.0747849127867055
0.0779510791776448
0.0310435673906779
0.022762031638464
0.0134016679321148
0.0126934374378643
0.0130630510051691
0.0123317503856085
0.00563296218129405
0.0060866344735651
0.00748520956253539
0.00647536041858932
0.00437147934218376
0.00708777768572472
0.00598864466298396
0.00413027362961285
0.00241882203956736
0.00277846486137026
0.000867110242741875
0.00547444169814028
0.00505880159452591
-0.000105629191581836
0.00150561929714016
0.00136641675122601
-0.00161085559580016
0.00111034519772963
0.00198189653914397
0.00223344870557198
0.00529644323240943
0.00114661357810718
-0.000490239715999869
0.000477820712424301
-0.000582764857640081
-0.000531029014219997
0.00149105754192222
-0.000887158714870569
0.00114198964543141
0.00273654283521421
0.00188484920677322
0.000387114179537183
-0.000213671998375864
-0.000613172590132327
-0.000554846337774121
0.000401274051414669
-0.000365235851206986
3.23956426437455e-05
-0.000262865750062587
0.000156010576490427
0.000137176238096092
-6.47443273499891e-05
0.000258949341210905
0.000214492179470053
0
0
0
0
0
0
0
0
0
0
0
0
0
0
0
0
0
0
0
0
0
0
0
0
0
0
0
0
0
0
0
0
0
0
0
0
0
0
0
0
0
0
0
0
0
0
0
0
0
0
0
0
0
0
0
0
0
0
0
0
0
0
0
0
0
0
0
0
0
0
0
0
0
0
0
0
0
0
0
0
0
0
0
0
0
0
0
0
0
0
0
0
0
0
0
0
0
0
0.076723734202739
0.0788424591433044
0.030967903623278
0.0229625533841813
0.0134637620756388
0.0127417822502986
0.0130512529758353
0.0125935373259947
0.00563601739423258
0.00603292256316641
0.00769424425518659
0.00678211001581165
0.00448602315770663
0.00727069854749516
0.0062917161778037
0.00446409218897175
0.00256611361591354
0.00284474157278796
0.0010925730510267
0.00560788271032389
0.00526328425877081
7.66378734053929e-05
0.00181126241003811
0.00164717745516129
-0.00170669283350214
0.00105453503783373
0.00206672122101002
0.00233214377969992
0.00568572060279274
0.00116309884863603
-0.00055807079295887
0.000556555568722218
-0.000594365053438996
-0.000689301434530624
0.00154153640980346
-0.00103017965910251
0.00120500501373875
0.00308403030329001
0.00220476908999897
0.0005387193978492
-0.000255580382171158
-0.000806707834555212
-0.000717751314256296
0.000553507024984949
-0.00044592500150852
3.78923890607375e-05
-0.000259422955545379
0.000170063787721479
0.000151784662014582
-0.00017882691487649
0.000431219224470356
0.000541094744662395
7.09524572489982e-05
-0.000386212328596233
-7.1473427685755e-05
4.54119926645605e-05
-5.2880454046581e-05
8.40228965925034e-05
0.000318260455095114
0
0
0
0
0
0
0
0
0
0
0
0
0
0
0
0
0
0
0
0
0
0
0
0
0
0
0
0
0
0
0
0
0
0
0
0
0
0
0
0
0
0
0
0
0
0
0
0
0
0
0
0
0
0
0
0
0
0
0
0
0
0
0
0
0
0
0
0
0
0
0
0
0
0
0
0
0
0
0
0
0
0
0
0
0
0
0
0
0
0
0
0.0787441523535353
0.079785791006231
0.0309294134323378
0.0232972195312308
0.013555545345157
0.0128433371516266
0.0130455787295198
0.0128225093966461
0.0056273634896249
0.0059479250164427
0.00794897924776158
0.00706949486216273
0.0045891253201142
0.00749614958276699
0.00652914907857857
0.00468591213901874
0.00265954900235873
0.00282449392351958
0.00114329538899285
0.00574367921256962
0.00541242448856627
0.000279381322731551
0.00216056754971257
0.00195710098349666
-0.00178039840091772
0.00113575270216108
0.00210786158210648
0.00242037374917316
0.00605812797428938
0.00116765542603946
-0.00063253452826856
0.000598728202605352
-0.000558286316433655
-0.000800904360825619
0.00162807878928263
-0.00116665356009958
0.00126017715130844
0.00339211614655503
0.00252027770223545
0.000698680870111882
-0.000281479469905545
-0.000992416554901842
-0.000900295960147284
0.000700037361630918
-0.000501119114043367
7.89993222383275e-05
-0.000283248067383242
0.000279426849815444
0.000173892363728263
-0.000310480995613378
0.000528253610680927
0.000794113513255983
0.000231629530182842
-0.000543756481611349
-0.000136787575632582
6.92802633741257e-05
-7.71364528231593e-05
0.000163169548151213
0.00070489427247918
0
0
0
0
0
0
0
0
0
0
0
0
0
0
0
0
0
0
0
0
0
0
0
0
0
0
0
0
0
0
0
0
0
0
0
0
0
0
0
0
0
0
0
0
0
0
0
0
0
0
0
0
0
0
0
0
0
0
0
0
0
0
0
0
0
0
0
0
0
0
0
0
0
0
0
0
0
0
0
0
0
0
0
0
0
0
0
0
0
0
0
0.0805694430693488
0.0806720778536564
0.03101058635272
0.0236445480397081
0.013530836120284
0.0128769104370186
0.0130995348829497
0.0129792983050202
0.00585693758090867
0.00594822568766107
0.00821553043399529
0.00727518895359689
0.00471738954513147
0.00780541496904732
0.00679819753209464
0.00497758809669719
0.00290733340353834
0.00288036711364829
0.00113942379705283
0.00582421623773165
0.00557336082273082
0.000451088648322598
0.00250083225680006
0.00228844496643203
-0.00170515871840389
0.00122817334631287
0.00214902352803103
0.00233680566334009
0.00634717373596257
0.00113961631894666
-0.000729251156534978
0.000634868835270697
-0.000684401300513086
-0.00100751272506374
0.00173725023951056
-0.00124423801240773
0.00130080548925612
0.00367128644191193
0.00282507782842374
0.000892309967623896
-0.000225766806263999
-0.00121643681121617
-0.00109870282096795
0.000834622733295764
-0.000566158398657748
0.000109610372385023
-0.000281580233607257
0.000371545560138157
0.000317152933428702
-0.00043024410993288
0.000555879966852528
0.000818956612365302
0.000267621991416279
-0.000626603695407109
-0.000198137919639721
0.000112825589494495
-0.000166374382367379
0.0001699704048738
0.00107941772923925
0.000138120393379223
0
0
0
0
0
0
0
0
0
0
0
0
0
0
0
0
0
0
0
0
0
0
0
0
0
0
0
0
0
0
0
0
0
0
0
0
0
0
0
0
0
0
0
0
0
0
0
0
0
0
0
0
0
0
0
0
0
0
0
0
0
0
0
0
0
0
0
0
0
0
0
0
0
0
0
0
0
0
0
0
0
0
0
0
0
0
0
0
0
0
0.0824659423127678
0.081448890851095
0.0311059737083441
0.0240506290419024
0.0135192347621349
0.0128813973220525
0.0131573134863182
0.0131574773852264
0.00596652442196251
0.00604829950055749
0.00854894247203104
0.00754629152322933
0.00479032697343683
0.00806505705571266
0.00718493348097086
0.00536666771333894
0.00324497473000365
0.00299170507682726
0.00117465964657986
0.00587535427518881
0.00563369011784333
0.00057957491439285
0.00276827196407662
0.00259089556743457
-0.0015536150138695
0.00146907041594072
0.00219903575016983
0.00228283263531094
0.00653563910185426
0.00107102615193553
-0.000842109019608356
0.000654532139354647
-0.000799441730068866
-0.00132670199486486
0.00181997952385171
-0.00129128994929483
0.00141694114665005
0.00397999916199901
0.00311410083229939
0.00105665262780193
-0.000153633682025638
-0.0014068949080265
-0.00127239048126963
0.000966577563414241
-0.000649597494494984
0.000111620382874835
-0.000268872672145155
0.000485984101081102
0.000442015134100712
-0.000502758430455486
0.000527586822649263
0.000787019126509584
0.000134649842692967
-0.000800219342338957
-0.000178336726138115
0.000162880898204209
-0.000235752637433853
0.000120368592489739
0.00139993873698784
0.000276827311321421
0.000438224096617212
0
0
0
0
0
0
0
0
0
0
0
0
0
0
0
0
0
0
0
0
0
0
0
0
0
0
0
0
0
0
0
0
0
0
0
0
0
0
0
0
0
0
0
0
0
0
0
0
0
0
0
0
0
0
0
0
0
0
0
0
0
0
0
0
0
0
0
0
0
0
0
0
0
0
0
0
0
0
0
0
0
0
0
0
0
0
0
0
0
0.0841657510714159
0.0821563754570582
0.0311579207916329
0.0243364309295536
0.0134568292505049
0.0129206767256237
0.0133010655981334
0.0134200890615886
0.00611148526246737
0.00611353373372703
0.00889345107962526
0.00775012486283974
0.0049324250928304
0.0081114430679668
0.00737350104706731
0.00566974414505333
0.00359408011148625
0.00311142850744796
0.00119517376922583
0.00603278759215001
0.00584940991348377
0.000663719143476121
0.00303200993781881
0.00284356084446977
-0.0013944485955936
0.00170027429923974
0.00226509305989891
0.00226036002282109
0.00678498726338421
0.00100006145166677
-0.000967794047006329
0.000698338614542247
-0.000887864420234718
-0.00165077431083029
0.00186847818009417
-0.00131320050553738
0.00154582504500603
0.00429067910401744
0.00337220630035933
0.00123922227460411
-0.00010451144808557
-0.00158538892002967
-0.00143862885642189
0.00112298619876355
-0.000708825855897191
7.37773536931718e-05
-0.000283237028629936
0.000614117053147635
0.000615130340870878
-0.000582169068311837
0.000455405172284987
0.000711296324557037
-4.28365868809507e-05
-0.00102186646539163
-0.000203419107789617
0.000262241071865011
-0.000267193800238993
7.41243886761226e-05
0.00167647627933951
0.000388238480214335
0.000642863340341108
0.00133469618162621
0
0
0
0
0
0
0
0
0
0
0
0
0
0
0
0
0
0
0
0
0
0
0
0
0
0
0
0
0
0
0
0
0
0
0
0
0
0
0
0
0
0
0
0
0
0
0
0
0
0
0
0
0
0
0
0
0
0
0
0
0
0
0
0
0
0
0
0
0
0
0
0
0
0
0
0
0
0
0
0
0
0
0
0
0
0
0
0
0.0859265599152695
0.0829822334830727
0.0312587667516596
0.0245598285051312
0.0134672037737319
0.0130282305542874
0.0134340593997583
0.0133576724455249
0.00619600428058036
0.00605542642475551
0.00919944219716879
0.00796704798697279
0.00514400258381361
0.00821198364014786
0.00760037407665141
0.0060965793138455
0.00412014590240249
0.00335005965176632
0.00134164289444815
0.00624645224562702
0.00607669818822287
0.000768095896552245
0.00323881424301501
0.00312256451696992
-0.00122313330143879
0.0019633288908669
0.00240401630200084
0.00237838345505093
0.00704878837218308
0.000854300523983962
-0.00111384970965842
0.000739612028549798
-0.000974839285757441
-0.00197327995585771
0.00196080951696935
-0.00132074247091371
0.00161715473671469
0.00458973332836829
0.00370509043826703
0.00149993806015041
-2.2448572285484e-05
-0.0017140898721561
-0.00156076623447773
0.00128376553585028
-0.000690946407120898
7.79377888172384e-05
-0.000288170835343757
0.000740797162773256
0.000823372062940878
-0.000622160028600047
0.000397049022582576
0.000659084375840456
-0.000277128846290178
-0.00121629271222067
-0.000316861227852015
0.000349512966891419
-0.000258495002355084
3.36395511875277e-05
0.0020122518586288
0.000583089309042688
0.000825704173627789
0.00161023670351153
0
0
0
0
0
0
0
0
0
0
0
0
0
0
0
0
0
0
0
0
0
0
0
0
0
0
0
0
0
0
0
0
0
0
0
0
0
0
0
0
0
0
0
0
0
0
0
0
0
0
0
0
0
0
0
0
0
0
0
0
0
0
0
0
0
0
0
0
0
0
0
0
0
0
0
0
0
0
0
0
0
0
0
0
0
0
0
0
0.0878304593148754
0.0839222374199787
0.0313892562769172
0.0247667812102817
0.013427752370058
0.0131720058223576
0.013628209883979
0.0133044226989514
0.00617960119346218
0.00591966390318462
0.00950427760140674
0.00815076314197047
0.0054406064098069
0.00837498873457046
0.0078371908868217
0.00654197263051801
0.00467882449505004
0.00360593721572271
0.00154693738818782
0.00652311115189157
0.00630529625511254
0.000928614658515453
0.00342616693911098
0.00342855590019173
-0.0010376691251423
0.00222422885343189
0.00252075717497605
0.00247681309553256
0.0073850216637804
0.000709868123252636
-0.00128600065561236
0.00074454911644379
-0.00106922226320156
-0.00232985345674507
0.00204452833040115
-0.00132564388150734
0.00168279861512136
0.00486991938142147
0.00405102066059243
0.00177469952916235
0.000100784861390482
-0.0017953241453034
-0.00158956107405774
0.00147406070862056
-0.000641825204652108
0.000118433428959112
-0.000278370347571043
0.000883131181274361
0.00106748420862876
-0.000651586333151437
0.000347000824944665
0.000602530895485638
-0.000433686057655552
-0.00145375935004598
-0.00044967499183686
0.00034085948656541
-0.000294442557884109
-1.65198180892746e-05
0.00232991433228035
0.000784258523175376
0.00103824911581371
0.00184782830033905
0.000596571112652464
0
0
0
0
0
0
0
0
0
0
0
0
0
0
0
0
0
0
0
0
0
0
0
0
0
0
0
0
0
0
0
0
0
0
0
0
0
0
0
0
0
0
0
0
0
0
0
0
0
0
0
0
0
0
0
0
0
0
0
0
0
0
0
0
0
0
0
0
0
0
0
0
0
0
0
0
0
0
0
0
0
0
0
0
0
0
0
0.0899057577864666
0.0850483856252013
0.0315620626655083
0.0248014729305879
0.0133080232456689
0.0132860194686491
0.013795117779473
0.0131711350245533
0.00611830200211828
0.005749897384333
0.00972118629075037
0.00830877418084741
0.00568784924490123
0.00858229644150014
0.0080199340626945
0.00682736317859085
0.00512719657689395
0.00387777534488883
0.00170821838925406
0.00677744180196486
0.00652301749821475
0.00110665255695539
0.00372556422509382
0.00372041673245206
-0.000707677859668601
0.00255380743125335
0.00268880163130282
0.00254673054675544
0.00766849976816053
0.000619255562620755
-0.00142826417795873
0.000731859688259413
-0.00122026849426782
-0.00270754288581902
0.00209905222473719
-0.00133260265536834
0.00174159942343939
0.00512901227189762
0.00435983443244688
0.002053133667187
0.000229835553724333
-0.00187457769703482
-0.00164583376597035
0.00170550819664892
-0.00056868443237101
0.000187547378786988
-0.000247045580794678
0.00102494139720519
0.00127258461528408
-0.000682735611858164
0.000283009390586962
0.00053879645352984
-0.000591176109980231
-0.0017038954580499
-0.000597413769672221
0.000324110752858942
-0.000410843671100448
-0.000110968808515474
0.00264252897999459
0.00100393960598877
0.00127357341095564
0.00206690935132653
0.000693835283886503
0.00122723145382603
0.000293456921056647
0
0
0
0
0
0
0
0
0
0
0
0
0
0
0
0
0
0
0
0
0
0
0
0
0
0
0
0
0
0
0
0
0
0
0
0
0
0
0
0
0
0
0
0
0
0
0
0
0
0
0
0
0
0
0
0
0
0
0
0
0
0
0
0
0
0
0
0
0
0
0
0
0
0
0
0
0
0
0
0
0
0
0
0
0
0.0918785964074555
0.0862654962312237
0.031830068308434
0.0248874562481771
0.0132026548535697
0.0134189547744815
0.0139572564705756
0.0130358262759246
0.0059684211898796
0.00540545521151458
0.00976300985023431
0.00843281840429673
0.00585994531858127
0.00852618686139539
0.00829793665399407
0.00718066814702372
0.00566873803036987
0.00412949560637013
0.00186245741659436
0.0069678280075135
0.00669490421702083
0.00113292193720886
0.0037339039021387
0.00410925950533354
-0.000365457450073896
0.00320073937287595
0.00299157846123067
0.00272666126190113
0.00793867796365153
0.000636421984199769
-0.001379374189346
0.000759159616723149
-0.00127143391690233
-0.00322235828018385
0.00212538960908701
-0.00127053223073456
0.00187034027548878
0.00543752655969168
0.00458209277173641
0.00229226819272259
0.000390901346473249
-0.00190545611060215
-0.00171173219986248
0.00190551891564999
-0.000439142329967628
0.000356923967637961
-0.000135792637154747
0.00124430934916016
0.00151199592921344
-0.000684598722057455
0.000232788049547975
0.000495151170964712
-0.00072689606608349
-0.0019433391981853
-0.000817057242095904
6.51306036059245e-05
-0.000564138391484405
-0.000346180074073389
0.00286436723970914
0.00127505216219668
0.00152454732236085
0.00224266381217611
0.000763561107790686
0.00144049557193241
0.000412102878226399
0.000566636356270829
-0.000382669007751163
0.000340890526137777
0
0
0
0
0
0
0
0
0
0
0
0
0
0
0
0
0
0
0
0
0
0
0
0
0
0
0
0
0
0
0
0
0
0
0
0
0
0
0
0
0
0
0
0
0
0
0
0
0
0
0
0
0
0
0
0
0
0
0
0
0
0
0
0
0
0
0
0
0
0
0
0
0
0
0
0
0
0
0
0
0
0
0.0930049155107048
0.0872976472343627
0.0321853816048558
0.025012745992861
0.0131545215642125
0.0137021585349575
0.0141143625373556
0.0129071958804849
0.00592752307444686
0.00516431342801937
0.009782663407859
0.00855209230985335
0.00600038072826721
0.00844876648009106
0.0085080038618629
0.00749149122044923
0.00626591106084844
0.00403692760822343
0.00213132351095369
0.00687851837006573
0.00664282079663138
0.00114793154518038
0.00370764786283359
0.00454223894498483
-1.0085321735034e-05
0.00350625362987502
0.0032366417121987
0.00302111210404457
0.00831889097568026
0.000699685900822791
-0.00121982982237259
0.000935582886259591
-0.00129162701886324
-0.00359416207749321
0.00207247441916109
-0.00121301228450618
0.00195454348152312
0.00553627921631334
0.00460963186891612
0.00245355715906325
0.000552259082105791
-0.00189051771340863
-0.00172622704640573
0.00210857471422202
-0.000343263130482994
0.00041471907940494
-0.000104658503952939
0.00140065077605236
0.00167013041939741
-0.000674489932213002
0.000284735451659738
0.0004838239978187
-0.00086476488304637
-0.00216331536535911
-0.000959208481224501
-0.000185444310545462
-0.00080008220503701
-0.000606970213004862
0.00300511197782262
0.0015038775740126
0.00180140177567229
0.00240204274484886
0.000835229540530422
0.00167991135873706
0.000468823403090549
0.000719194010299267
-0.000407031236129471
0.000729406912646266
0.000487468867294123
0
0
0
0
0
0
0
0
0
0
0
0
0
0
0
0
0
0
0
0
0
0
0
0
0
0
0
0
0
0
0
0
0
0
0
0
0
0
0
0
0
0
0
0
0
0
0
0
0
0
0
0
0
0
0
0
0
0
0
0
0
0
0
0
0
0
0
0
0
0
0
0
0
0
0
0
0
0
0
0
0
0.0942516566441374
0.0879588962823442
0.0325373458955995
0.0251525339120367
0.0131344193921502
0.0139689526986407
0.0143638856402784
0.0127988110041927
0.00584420823081855
0.00500669258297732
0.00983374309706857
0.00863001618934067
0.00606623036570632
0.00833231607683676
0.00866468683287051
0.00771871314680613
0.00673961074419821
0.00389775769997818
0.00235057198045865
0.00699038017075178
0.00652422136778409
0.00110046111015425
0.00361890934223837
0.00492397644717775
0.000392497909621283
0.00382412421769289
0.00335270623738056
0.00334320258063537
0.00876914365412354
0.000847322506011771
-0.00105251233709
0.00109847825760894
-0.00118843353792218
-0.00393329614718276
0.00207607449714798
-0.00120271880028056
0.00204909287728757
0.00567582839434022
0.00457611999798394
0.00256174914929751
0.000681144391666877
-0.00187597048323227
-0.00172190665205668
0.00234515469669541
-0.000245478188641898
0.000454190503914234
-0.000115763434713985
0.00155883544776298
0.00180940125482255
-0.000722240368782468
0.00033851778287902
0.000594505705616513
-0.000977353525167789
-0.00236477586604596
-0.00108311829598806
-0.000320653398659149
-0.00103924211621404
-0.000889357129559213
0.00314284527134095
0.00169910657449781
0.00207814774681399
0.00252695789816774
0.000887796900557055
0.00192182723841885
0.000545729757584907
0.000883051027837534
-0.00045707307914381
0.00116881298825951
0.000823350569844304
0
0
0
0
0
0
0
0
0
0
0
0
0
0
0
0
0
0
0
0
0
0
0
0
0
0
0
0
0
0
0
0
0
0
0
0
0
0
0
0
0
0
0
0
0
0
0
0
0
0
0
0
0
0
0
0
0
0
0
0
0
0
0
0
0
0
0
0
0
0
0
0
0
0
0
0
0
0
0
0
0
0.0955345637355745
0.0886661659799015
0.032725009938741
0.0252406824801846
0.0130780257363009
0.0142750019515831
0.0146278736754716
0.0127519705792891
0.00578760982848859
0.00472816918147358
0.00990187203786053
0.00867045242439566
0.00607489041401785
0.00794286026607724
0.00873647441429156
0.00784373371561012
0.00702755414107559
0.00368310846016365
0.00257248799432752
0.00717586252417958
0.00651157553745691
0.00117249278929915
0.0037013760616504
0.00532358738095081
0.00085366985132903
0.00418075536882989
0.0035207523365286
0.00369757372005259
0.00932013590856132
0.00106158644361733
-0.000831120420794151
0.00131357601316383
-0.00109509325313641
-0.00422769625252341
0.00207539219542058
-0.00141446009454005
0.00207094161406843
0.00587896761926061
0.00465744475605812
0.00267976708503712
0.000848772830726387
-0.00188363014716828
-0.00168171914527251
0.0026000018294248
-5.11900824717669e-05
0.000530826508830114
-0.000157676236684153
0.00168293965972377
0.00206055925774211
-0.000742740697753668
0.000424909337176427
0.000690012077797839
-0.00102406361413961
-0.00254580081608867
-0.00117186004160476
-0.000423199177097491
-0.00120492173451162
-0.00123123284352467
0.00319859951055524
0.00185678838449588
0.00223092403118759
0.0026045343505596
0.000900656842927583
0.00211845656972292
0.000624716773938424
0.00101242616164794
-0.000551908670370138
0.00155915514976282
0.00116459776687148
0.000310990317937661
-0.000389612765059272
-9.85998157899169e-05
0
0
0
0
0
0
0
0
0
0
0
0
0
0
0
0
0
0
0
0
0
0
0
0
0
0
0
0
0
0
0
0
0
0
0
0
0
0
0
0
0
0
0
0
0
0
0
0
0
0
0
0
0
0
0
0
0
0
0
0
0
0
0
0
0
0
0
0
0
0
0
0
0
0
0
0
0
0
0.0969687669784789
0.0893663450729538
0.0328483864598976
0.0252237716471905
0.0129659264664122
0.0145663999739123
0.0148763920640288
0.0127046939496891
0.00575012348153321
0.0044488048630179
0.00984086148883792
0.00867395285122243
0.00608196222466243
0.00752364142474667
0.00864012754862463
0.00792769699946697
0.00733248553556434
0.00341374504752545
0.00286849736424358
0.00736404120488672
0.00642860712454925
0.00123207450293109
0.00382156644281762
0.00579574912996008
0.00127498910857255
0.00454932236193947
0.00369858745225119
0.00406112000426927
0.00985632179406939
0.00143492175681389
-0.00044628769649806
0.00161933876837206
-0.000972896502027402
-0.00443761184103238
0.00220824098917224
-0.00158002141716829
0.00206535364893696
0.00604026787842555
0.00477733640383131
0.0029151764574285
0.00101302903307552
-0.00187117541869553
-0.0016249183171083
0.00282934965494818
0.000135369694311903
0.000669303285238518
-0.000180199529883656
0.00179301062979003
0.00229809799468517
-0.000708898222146515
0.000522686439369267
0.000795373189896485
-0.00108391059859289
-0.00274110119203937
-0.00127770466983691
-0.000517680592664958
-0.00135765490645382
-0.00157316421863307
0.00323968367665175
0.00198781122224825
0.00236993309471171
0.00258457716042582
0.000872971072185682
0.0023355073158901
0.000715440622089546
0.00121068967447663
-0.000676061180676157
0.00190858772492374
0.00144153193575232
0.000422518560319264
-0.000321760758750803
6.74309663981349e-06
-0.000300396804187631
5.44852654418929e-05
-0.000371880902048016
8.5921797268804e-05
0
0
0
0
0
0
0
0
0
0
0
0
0
0
0
0
0
0
0
0
0
0
0
0
0
0
0
0
0
0
0
0
0
0
0
0
0
0
0
0
0
0
0
0
0
0
0
0
0
0
0
0
0
0
0
0
0
0
0
0
0
0
0
0
0
0
0
0
0
0
0
0
0
0
0.0985664921848298
0.0902001780632411
0.0329897128121136
0.0252401956590927
0.0127615664454734
0.0149280676951649
0.0151088536095462
0.0126974785346216
0.00574483295057831
0.0041397922324484
0.00976424294012163
0.00862691961267415
0.00609699255111568
0.00713133479172514
0.00855479666541849
0.0080586422677614
0.00762133490595688
0.00316120801920374
0.00310082127170175
0.00760068258052478
0.00635956894151789
0.00125319788492914
0.00400243612085455
0.00620684616430952
0.00161137722524104
0.00485230250445221
0.00384797741557027
0.00450267698855811
0.0103589838267289
0.00173128664923442
-0.000130056122360488
0.0021805107547188
-0.000663300444792714
-0.0046548184254279
0.00237473249915718
-0.00160046677406929
0.00213603466020212
0.00632690611022134
0.00487193957400781
0.00313867020882665
0.00120739420239139
-0.00189237386155988
-0.00160303561969878
0.00310469115284479
0.000291642061739298
0.000794307213760956
-0.00020924878384395
0.00190531138839042
0.00251608249633057
-0.000714827248506709
0.000585445483447187
0.000873171760234873
-0.00113969364893131
-0.00295512415635253
-0.00135496889141866
-0.000622666465683641
-0.00150823104582145
-0.00190928210425465
0.00334836480007626
0.00214336046896368
0.00253402638696665
0.0025297802726775
0.000776908750131783
0.00250942141157769
0.000814600216911237
0.00136893378639645
-0.000772295542828601
0.0022038703406113
0.0016821900344734
0.00048781126728619
-0.000238304321594612
0.000160023109846101
-0.00027605087003
9.39956192389823e-05
-0.000836419817160614
-4.22761641754853e-05
0.00100965592240309
0
0
0
0
0
0
0
0
0
0
0
0
0
0
0
0
0
0
0
0
0
0
0
0
0
0
0
0
0
0
0
0
0
0
0
0
0
0
0
0
0
0
0
0
0
0
0
0
0
0
0
0
0
0
0
0
0
0
0
0
0
0
0
0
0
0
0
0
0
0
0
0
0
0.100257895780131
0.0909917167859841
0.0332922127092177
0.0252755674755747
0.0126755775815021
0.0151988714939072
0.0152277816471983
0.0125618861291274
0.00569620016371804
0.00396717807969335
0.00972565829614342
0.00860600533681388
0.00613791496540977
0.00677925596761217
0.008598975540809
0.00827527770306606
0.00803621673297675
0.00300990363602447
0.00341108811154285
0.00780689808861193
0.00643421717582342
0.00131492639386486
0.00414765220197815
0.00667929243805805
0.00174753414088541
0.00499246359522797
0.00393188181869989
0.00496755901196258
0.0108654172364312
0.00197453687007407
3.86002035681356e-05
0.00263831665758041
-0.000180059134756609
-0.00468179171810807
0.00252755384040691
-0.00161011058368881
0.00245566243576981
0.00669754563007207
0.00513015751449237
0.00330668682561567
0.00140291346156533
-0.0018761300995403
-0.00161281764932465
0.00334470802280704
0.000489676023351355
0.000901566648079892
-0.00025725147139254
0.00200398387180023
0.00279207858751393
-0.000688082229761878
0.000721252072015108
0.000935947722356038
-0.00119323528804736
-0.00312910611824211
-0.00143847763665624
-0.000639694968758324
-0.00166569804934133
-0.00225154414302754
0.00344550978872175
0.00238378516623366
0.00275945452413407
0.00244899975759938
0.000640426819531853
0.00264035335802607
0.000930316091529556
0.00155245687524905
-0.000866315926021399
0.00248417496395847
0.00193416153309435
0.000584947689581608
-0.000159473473526525
0.000350684243405418
-0.000209513577968872
0.000230346886590266
-0.00132900278420804
-0.000247038146543065
0.00138422385774127
0
0
0
0
0
0
0
0
0
0
0
0
0
0
0
0
0
0
0
0
0
0
0
0
0
0
0
0
0
0
0
0
0
0
0
0
0
0
0
0
0
0
0
0
0
0
0
0
0
0
0
0
0
0
0
0
0
0
0
0
0
0
0
0
0
0
0
0
0
0
0
0
0
0.101578421371119
0.091818801186771
0.0336648570896822
0.0254952097493557
0.0127078619052847
0.015369833185034
0.0153474424468866
0.0123430524134498
0.00578283585881065
0.00386853185096282
0.00984811287609721
0.00859496515885701
0.00614024932252946
0.00665029904250391
0.00869678972100753
0.0085122819016576
0.00841897778766186
0.00291717415707965
0.00369041227926407
0.00808884654728237
0.00656381873342242
0.00160606751730361
0.00435643843236426
0.00691698895648924
0.00185951323317067
0.0050760588720084
0.00399603765508437
0.00542161517709861
0.0112686196802287
0.00216226423303017
0.000216730794124108
0.00300603022464457
0.000319413700522067
-0.00450158776358975
0.00274848640505027
-0.00163752964100316
0.0028706123811114
0.00710183631742856
0.00544657911719497
0.00362773922599791
0.00155407537483635
-0.00180766045783646
-0.00155457830208065
0.00357577914125433
0.000672440342787068
0.00103108861897729
-0.00026781944048969
0.00209925268951913
0.00308713467351442
-0.000677205499260528
0.000817376706027139
0.000933152304920038
-0.00117759029393403
-0.00324001636970897
-0.00150777800180509
-0.000699069927676964
-0.00192779613148895
-0.00260164522737737
0.00349478426995578
0.00258293404291278
0.00288680796054071
0.00236056939507702
0.000513790689661352
0.00275958937868836
0.000972339834156464
0.00165547261838096
-0.00093388506577339
0.00276673318270834
0.00222482125745745
0.000626636864893898
-0.000148193255429568
0.000564549869782047
-6.59052601505933e-05
0.000504804367432392
-0.00166265853183483
-0.000430121530830887
0.00169298823842502
0
0
0
0
0
0
0
0
0
0
0
0
0
0
0
0
0
0
0
0
0
0
0
0
0
0
0
0
0
0
0
0
0
0
0
0
0
0
0
0
0
0
0
0
0
0
0
0
0
0
0
0
0
0
0
0
0
0
0
0
0
0
0
0
0
0
0
0
0
0
0
0
0
0.102977653203387
0.092861563170483
0.034166477729185
0.0256727679260994
0.0128317863782088
0.0153898658974741
0.0156856119233514
0.0122625413593475
0.0060647209720778
0.00397869125807095
0.0100930517229794
0.00819939952651822
0.00603048195255348
0.0065004224511637
0.00835224069544542
0.00840096425586005
0.00875119216998481
0.00277928610923709
0.00394692501746715
0.00837626255471046
0.00674442961997076
0.00190251524867298
0.00465977835642965
0.00698038592450616
0.00197438414416039
0.00529299970265961
0.0040677155213376
0.00577001584044713
0.0114132714197319
0.00225951184826521
0.000529447798692403
0.00346637767326086
0.000778189439532444
-0.00406582430255521
0.00330234151698741
-0.00146290721898898
0.00317857309474169
0.00750791302958524
0.00603012224357599
0.00407024475746847
0.00210015045458795
-0.00178188477144548
-0.0015436193271534
0.0038419739200914
0.00082932345649942
0.00113114703280913
-0.000320778805859431
0.0020443006169165
0.0033714876169912
-0.000671973783595264
0.000768886592275391
0.000891282118819756
-0.00115497584631184
-0.00329290781663373
-0.00157758559540419
-0.00106312395106467
-0.00221982286488577
-0.00282796392253087
0.00359386863860205
0.00267934619345731
0.00297932878676246
0.00224306910620169
0.000373443212560399
0.00286994948970968
0.000956313119687772
0.00176115266786131
-0.00100955862078464
0.00312216286864324
0.00251950266688289
0.000717580947265119
-0.00018033726171972
0.000787035879180642
9.46961201768757e-05
0.000652370690270169
-0.00190395403570259
-0.000702993291074268
0.00186295216780404
0
0
0
0
0
0
0
0
0
0
0
0
0
0
0
0
0
0
0
0
0
0
0
0
0
0
0
0
0
0
0
0
0
0
0
0
0
0
0
0
0
0
0
0
0
0
0
0
0
0
0
0
0
0
0
0
0
0
0
0
0
0
0
0
0
0
0
0
0
0
0
0
0
0.104565939025302
0.0940556304742691
0.0347774979872666
0.0258387979019454
0.0129902224269281
0.0155762135082677
0.0160647530313862
0.0122754078883028
0.0063011946265005
0.00404114496966589
0.0102720687578126
0.00784707471486181
0.00598869252586977
0.00646358466493445
0.00807062694596364
0.00833063777860622
0.00919030021074699
0.00268436444143524
0.00419609814247749
0.00864415470267323
0.00693041716912479
0.00222900613037705
0.00491850320823754
0.00707361461387642
0.00211517257128779
0.00550611115665222
0.00441704004152066
0.00612233933535492
0.0115857097698567
0.00236545835409414
0.000861413391323766
0.00390779564482593
0.00108320215865662
-0.0037990204192186
0.00382467696848996
-0.00114171499507297
0.00358377334059761
0.0079050777292301
0.0067533292134936
0.00474908062460877
0.00271854955250874
-0.00153267014268158
-0.00153017748253785
0.00418164343507589
0.00107664870424656
0.00120835670184628
-0.000363015472121915
0.00203141714241313
0.00367626994164029
-0.000672807401654724
0.000772697605095192
0.00090755311744169
-0.00111881050805053
-0.00339665285438177
-0.0016587669536799
-0.00143153317857736
-0.0025234330829976
-0.00308595038328519
0.00378939963840471
0.00280766591701821
0.00306259680175184
0.00210959439805491
0.000269149113184003
0.00298904123343806
0.000914417681472584
0.00186005449693784
-0.00108086804794729
0.00349596995271528
0.00284195332519076
0.000827798332687982
-0.00016448614307654
0.000985170377159077
0.00028733931629351
0.000783012631311116
-0.00208289626357342
-0.00085251251746341
0.00209271721462538
0.0014418955549817
0
0
0
0
0
0
0
0
0
0
0
0
0
0
0
0
0
0
0
0
0
0
0
0
0
0
0
0
0
0
0
0
0
0
0
0
0
0
0
0
0
0
0
0
0
0
0
0
0
0
0
0
0
0
0
0
0
0
0
0
0
0
0
0
0
0
0
0
0
0
0
0
0.105975537990813
0.0953655743392796
0.0356065741084309
0.0259872801966979
0.0131833356761293
0.0158098193318223
0.0165905033153897
0.0122234514097233
0.00649981498161689
0.00392056089339387
0.0103816032624207
0.00773222292304441
0.0060846737404301
0.00655176939643885
0.0080048376169468
0.00831651691206646
0.00950232864435645
0.00255787028524469
0.00451546853568585
0.00886028454055239
0.0070100956997127
0.00250486279123939
0.00526808432403349
0.00705974651180629
0.00230193154076655
0.00574877900941648
0.00469041169135415
0.00647953226313954
0.0117288410219437
0.00243935630609104
0.0012502255450602
0.00438991929128042
0.00141364019987316
-0.00350029994280476
0.00431822319575445
-0.000539401375383377
0.0041550257807611
0.00835148604447486
0.00742483529265984
0.00545738647910486
0.00340695093530662
-0.00125720022453844
-0.00156150168986565
0.00437001543021399
0.00129073799222071
0.00132840569185637
-0.000430882061499042
0.001968614546727
0.00384704682748756
-0.000748525279939209
0.000803241158749987
0.000940965834364734
-0.00109981120645995
-0.003513634677872
-0.00175017986672414
-0.00177680555352139
-0.00279298264296705
-0.00337929137946558
0.00399102992842805
0.00294392760059686
0.00317122001291739
0.00196437768470331
0.000168448402152305
0.00306141082958333
0.000925501231486932
0.00193667907581208
-0.00116617260957398
0.00367720186986164
0.00306286715523765
0.000909625967471712
-0.000170992561576956
0.00120382244463126
0.000486201336776243
0.000795485755621827
-0.00222152619888522
-0.000876614506586924
0.0024865256480849
0.00168675315799098
0
0
0
0
0
0
0
0
0
0
0
0
0
0
0
0
0
0
0
0
0
0
0
0
0
0
0
0
0
0
0
0
0
0
0
0
0
0
0
0
0
0
0
0
0
0
0
0
0
0
0
0
0
0
0
0
0
0
0
0
0
0
0
0
0
0
0
0
0
0
0
0
0.107376160719324
0.0964033999787041
0.0364642323257764
0.0263802440689427
0.0134331550851925
0.0160770143325012
0.0172071063404689
0.012312523752837
0.00666370046448365
0.00376104333182749
0.0103499590846297
0.00764729005024777
0.00640630641163459
0.00673347170027361
0.00789983576712518
0.00842094132733078
0.00980702546616016
0.00227184460488527
0.00480792599136288
0.00916320654582584
0.00708203244452344
0.00282995013152683
0.00567663449115772
0.00710951573760453
0.00242321906019894
0.00593003483594281
0.00496876316323507
0.00665928747142696
0.0117677650460734
0.00244602563557774
0.00153198596485657
0.00488903503578857
0.0017538631887465
-0.00325696293682066
0.00481185532448809
2.64989758999155e-05
0.00493968395843635
0.00891687303808285
0.00817512803748828
0.00613970210375289
0.00413007483732673
-0.000936541802228762
-0.00155949788293223
0.00465120876222883
0.00137741124550401
0.00140457440415169
-0.000484527381436256
0.00186207752300224
0.00393571134138443
-0.000948317709427077
0.000756405785458714
0.000983333925994095
-0.00109879847265416
-0.00366082889720893
-0.00187480923004304
-0.0021126360721174
-0.00307327921596876
-0.00371233735746767
0.00418388460199033
0.00310914052586897
0.00325570219656566
0.00180117328413039
4.72957710718554e-05
0.00313211044529748
0.00092794891874754
0.0020760318714441
-0.00123888176904123
0.00386355375147269
0.0031339487373596
0.000930588404205853
-0.000152417536599699
0.00143728766483538
0.000724499440265653
0.0008588093153657
-0.00243353577556432
-0.000889533106176214
0.00299295227202313
0.00205905630768052
0
0
0
0
0
0
0
0
0
0
0
0
0
0
0
0
0
0
0
0
0
0
0
0
0
0
0
0
0
0
0
0
0
0
0
0
0
0
0
0
0
0
0
0
0
0
0
0
0
0
0
0
0
0
0
0
0
0
0
0
0
0
0
0
0
0
0
0
0
0
0
0
0.108234800631666
0.0972947025564961
0.0374282206376075
0.0268724184000541
0.0138146071895599
0.0165021237292909
0.0174995483815454
0.0121390784361828
0.0069470446615657
0.00368876722673445
0.0104199043789396
0.00765425793178012
0.0065326173658373
0.00688537666773137
0.00772637940661509
0.0086250245574955
0.0103744235626557
0.00212726930065939
0.00534350912732863
0.00958096345325466
0.00713910519688773
0.00299516525104282
0.00592574413237255
0.0072113658984792
0.00253753181133348
0.00595676107833624
0.00534560088923778
0.00689032485960757
0.0118610486473746
0.00252577663043048
0.00163348597791354
0.00527177447066534
0.00202990053984512
-0.00319145761018248
0.00500646236035943
0.000642591336706826
0.00567064645179403
0.00962849438302544
0.00906201434321446
0.00686836415242455
0.0048181359166317
-0.000509588094063026
-0.00140746103886434
0.00499788278287881
0.00167694832399979
0.00141896407712522
-0.000501109881287
0.00186652900003487
0.00405302907706857
-0.00112492787609906
0.00068133303968335
0.00103998069261809
-0.00105899066934463
-0.0037567752688975
-0.00200462615849621
-0.00244752392903138
-0.00334688585266288
-0.00394218588564462
0.00446068115489152
0.00328552293013018
0.00338454943320923
0.0016891763186161
-4.68907975142102e-05
0.00324369024135342
0.00095139350961254
0.00220128012509163
-0.00138457189439042
0.00381738406044733
0.00323076928251794
0.000899469468291274
-0.000158871758990733
0.00169269022978322
0.000966843419913163
0.000902349712281321
-0.00256765973773243
-0.000932163161801868
0.00357067765488029
0.00250954430719314
0.00028480370648264
9.25775025525866e-05
-0.000174772070886496
0.000382915753185878
0.000721792214803036
0
0
0
0
0
0
0
0
0
0
0
0
0
0
0
0
0
0
0
0
0
0
0
0
0
0
0
0
0
0
0
0
0
0
0
0
0
0
0
0
0
0
0
0
0
0
0
0
0
0
0
0
0
0
0
0
0
0
0
0
0
0
0
0
0
0
0
0.109150530924495
0.0980134476700898
0.0383001320110779
0.0273028717842423
0.0141762758381013
0.017015903476557
0.0177772609318414
0.0117760850772928
0.00718955344457744
0.00369841095011187
0.0105456866747597
0.00768034933765379
0.00666713744175663
0.00691027978675233
0.00751815495254838
0.00873653804668621
0.0109413264193883
0.00209674237127286
0.00593397462169779
0.00996257367107909
0.00716304101281622
0.00304812398372218
0.00604691052240192
0.00718452747744241
0.00267629143247663
0.00599781829601732
0.00554213770362434
0.00712155800861865
0.0119304426952606
0.00260106123115311
0.00171575378056769
0.00569954027112047
0.00232259836991697
-0.00311536247464085
0.00522255018983887
0.00124399843521493
0.00651254106601306
0.010445838401497
0.0100867871738434
0.00769810225431812
0.00554998232971975
-3.08709701680038e-05
-0.00118567990297542
0.00536321051676925
0.00201087068990736
0.00138244622634504
-0.000556190744872673
0.00189080760757402
0.00427642722289696
-0.00127150992799631
0.000633756881165292
0.00107284242503763
-0.00102339862967523
-0.00382331905862155
-0.00206530354013025
-0.00279626523470264
-0.00359938242666295
-0.00421422500080207
0.00478744546448773
0.00349737665846371
0.00349630216546926
0.00158464865178475
-0.000142946606337281
0.0033483197656236
0.00100204625803625
0.00237713179077873
-0.00154552031851437
0.00370489669877741
0.0031951195746084
0.000860058799175346
-0.000205643202763468
0.00192471488820594
0.00119526196390763
0.00097362186358573
-0.00269057450073777
-0.00100068121264491
0.00410425681980523
0.00300069403112919
0.000423097965422664
0.000193047952292751
-0.00036874462625557
0.000625071462581521
0.00158836049845965
0
0
0
0
0
0
0
0
0
0
0
0
0
0
0
0
0
0
0
0
0
0
0
0
0
0
0
0
0
0
0
0
0
0
0
0
0
0
0
0
0
0
0
0
0
0
0
0
0
0
0
0
0
0
0
0
0
0
0
0
0
0
0
0
0
0
0
0.110525105954847
0.0989951705565404
0.0390286891897449
0.0277239305527732
0.0145657826134454
0.0175553455025542
0.0180784032663421
0.0113547848229265
0.00730916800618487
0.0036625713527231
0.0108091112938231
0.00773587110993999
0.00678847649611777
0.00694084688367937
0.00715948002807679
0.0087105417950882
0.0113514144929834
0.0020539961092529
0.00676635380275891
0.0104080368613473
0.00722316972752747
0.00301193170128903
0.00603963606369825
0.00702988898402449
0.00290475901933585
0.00626361984603449
0.00580776898322723
0.00720117564428454
0.0120851702032602
0.00261542429003855
0.00167172277514583
0.00598214934398173
0.00254016942815952
-0.0031185647392621
0.00563111729694918
0.00208150044193493
0.00772671920321697
0.011548050158885
0.0113976633666086
0.00853232917347753
0.00623370804250796
0.000341383046897149
-0.000921980200025391
0.00595919764912491
0.00243890638139007
0.00139882254797327
-0.000374393510729496
0.00193883178984452
0.0044735962811491
-0.00136359192652051
0.000589622822783961
0.00106671782822092
-0.0010941710138319
-0.00393585984468485
-0.00210429978310657
-0.00308263519539912
-0.00388308977318571
-0.0043525564187566
0.00500452353467107
0.00363883322741313
0.00360894398804261
0.00144880988596484
-0.000196023132862286
0.0034232652265495
0.0010149463333214
0.00254473114201039
-0.00162038940688897
0.00353919469686845
0.00308821141603937
0.000694065817097242
-0.000291425444771811
0.00212556640428187
0.0014166229682667
0.00110859202069989
-0.00272008529972134
-0.00100077983040199
0.00457503745629309
0.00342211670227377
0.000618634984672005
0.000275941759542288
-0.00048894251368393
0.00086500213384002
0.00235207763572551
0
0
0
0
0
0
0
0
0
0
0
0
0
0
0
0
0
0
0
0
0
0
0
0
0
0
0
0
0
0
0
0
0
0
0
0
0
0
0
0
0
0
0
0
0
0
0
0
0
0
0
0
0
0
0
0
0
0
0
0
0
0
0
0
0
0
0
0.11150292070299
0.0993905493931627
0.039683130414191
0.028036399000061
0.0150353314879459
0.017969417809314
0.0182538155063277
0.011248464427894
0.00778716570430054
0.00389218106476
0.0111590362791877
0.00794064907486965
0.00713467069783225
0.00723080863538237
0.00708801586860485
0.00891078817867793
0.0118162065012309
0.00215830786085256
0.00781739390664354
0.0106595741914937
0.00747639221240178
0.0032100523120028
0.00626397425964382
0.00698524279109614
0.00313497826130538
0.00657419286685931
0.00590492079168341
0.00732334944908027
0.0122497670419996
0.00286314394353687
0.00172485094666484
0.00656289966363409
0.00301336955330065
-0.0026687514822715
0.00611801751155111
0.00244909807004432
0.00832229092317673
0.0120041587034619
0.012201721649202
0.00847590874600786
0.00665314978477538
0.000728739993547216
-0.000655751536852176
0.00665382760352143
0.00300465624306562
0.00156686773315082
-0.000314300628761009
0.00199937054274641
0.00448905313864828
-0.00145789061219946
0.000509950433638533
0.000994989390212811
-0.00109213152722774
-0.00413555254824861
-0.00211185148834347
-0.00328971088760964
-0.00405641538686673
-0.00450030703976894
0.00485712413814672
0.00379329115327133
0.0037979835848908
0.00137055725869188
-0.000323836004393637
0.00336073030978557
0.0011281719524805
0.00273421573464188
-0.0016908335646185
0.00326122037717467
0.00309205892422393
0.000583657449601717
-0.000318968418142194
0.00233925023726558
0.00136329342064246
0.00107248539261696
-0.00273524026183296
-0.00127385581704171
0.00492067579006036
0.00384930079466489
0.000835615304265696
0.000533426234046228
-0.000513967239443065
0.0011888591196907
0.00315467443535486
0
0
0
0
0
0
0
0
0
0
0
0
0
0
0
0
0
0
0
0
0
0
0
0
0
0
0
0
0
0
0
0
0
0
0
0
0
0
0
0
0
0
0
0
0
0
0
0
0
0
0
0
0
0
0
0
0
0
0
0
0
0
0
0
0
0
0
0.112544079508344
0.0995602881017261
0.0399289388272122
0.0282974641007206
0.0154887229998838
0.0183660442297835
0.0183042014948322
0.0111726491239675
0.00826342874564332
0.00412203766032437
0.0115888229006664
0.00821452189095932
0.00754438201350132
0.00761638742070999
0.00714262089487341
0.00904450094016391
0.0122948092975125
0.00236708187838441
0.00910979919617907
0.01105117110896
0.00756328938820668
0.00341664822768218
0.00650524190848252
0.00702669094688746
0.00343780135029867
0.00698130346881985
0.00597204589065712
0.00719786321943617
0.0125206211163444
0.00313479124225001
0.00181350898334437
0.00721180805485556
0.00356360789784524
-0.00204907664553075
0.00690842176240782
0.00287618902826287
0.00881687352660627
0.0122499794302178
0.0126436809362013
0.00815117040814761
0.00659671915543428
0.00100969373095109
-0.00037659390726471
0.00731864483033641
0.00367925633212363
0.00176055705908258
-0.00031568792397142
0.00194818194488026
0.00423593974558014
-0.00165930275978514
0.000448824194140774
0.000873713328323593
-0.00114511758804857
-0.00430788925239161
-0.00216896254608108
-0.00342424675525039
-0.00413998791922349
-0.00458240337980034
0.00470795730507048
0.00379558192824978
0.00397855286692047
0.00128683177279235
-0.000435010270544319
0.00322307207930708
0.00114881660055625
0.00301519622278314
-0.00166145451149751
0.0030010655179269
0.00305411274614582
0.000493579253313129
-0.000313099941499902
0.00260886256776447
0.00130586491598925
0.000875249085976114
-0.00289846172291332
-0.00161225485045396
0.00511832529669029
0.00418563446609762
0.0010084036757975
0.000707950712992598
-0.000460705748390206
0.00156303385797594
0.00399859668189965
0
0
0
0
0
0
0
0
0
0
0
0
0
0
0
0
0
0
0
0
0
0
0
0
0
0
0
0
0
0
0
0
0
0
0
0
0
0
0
0
0
0
0
0
0
0
0
0
0
0
0
0
0
0
0
0
0
0
0
0
0
0
0
0
0
0
0
0.113528995516872
0.0997545676640784
0.0400280513534675
0.0285311303371717
0.0159979746036627
0.0187318146885311
0.0183427732460394
0.0110882838725457
0.00858987639014561
0.00438632224016766
0.0119456007964081
0.00854791072026624
0.00788780149520486
0.00794759265098199
0.00718927846072878
0.00912268319443308
0.0126551234355727
0.00257395483112146
0.0103370546911416
0.0114155338873725
0.00765675302860097
0.00363507658753936
0.00678706864823081
0.00703321225554079
0.00377482303187532
0.00749388503856961
0.00611265336720099
0.00705556418999823
0.0127641653889474
0.00339732489733801
0.00197146462582684
0.00783374687097841
0.00403369355926696
-0.00147386194749272
0.00756859252797051
0.0034546781297651
0.00928407910635067
0.0124085337444358
0.013014131470328
0.00778385569163547
0.00657375798550523
0.00116250873457098
-0.000265026230523261
0.00793317664454465
0.00426082086476546
0.0020953388624818
-0.000291455710750704
0.0018765469679638
0.00396782562559598
-0.00193774542774987
0.000336938985471648
0.000678225751255811
-0.00128604856837132
-0.00451120517782058
-0.00223743626598414
-0.00361608005938413
-0.00426877473632303
-0.00463528114843392
0.00461039281835663
0.00377237419000319
0.00410102237308048
0.00120245644362104
-0.000569376672190279
0.00307940516751645
0.00108832540131056
0.00325572752171194
-0.0016798020253727
0.00269749673868424
0.00299139184157336
0.000415855493543727
-0.000298232374229293
0.00287101598369565
0.00128277180736085
0.000663970192173216
-0.00311407413725506
-0.00197991261377161
0.00527837599495273
0.00446467528191121
0.00114825231440479
0.000893367966460298
-0.000411497417789828
0.00200038611016032
0.00480251826873492
0
0
0
0
0
0
0
0
0
0
0
0
0
0
0
0
0
0
0
0
0
0
0
0
0
0
0
0
0
0
0
0
0
0
0
0
0
0
0
0
0
0
0
0
0
0
0
0
0
0
0
0
0
0
0
0
0
0
0
0
0
0
0
0
0
0
0
0.114595958583029
0.100186534288464
0.0402278987269663
0.0285940527996736
0.0163225850279605
0.0189332096630974
0.0183490927898616
0.01093511705734
0.00868985379539168
0.00462609909439436
0.0122351346102594
0.00871398577910769
0.00809457615884971
0.00840064391626169
0.00734438495875198
0.00916757196556285
0.0129583187110497
0.00265271696840681
0.0111766972465881
0.0115063634245328
0.00736665336577825
0.0038406791567667
0.00720640384984359
0.00716130530005459
0.0040465961583858
0.00792832135141699
0.00648486782497697
0.00716134805746549
0.0127995218763613
0.00366591718978525
0.00224769838430182
0.0086616435013196
0.0043775048213107
-0.000943176462897011
0.0083895197751608
0.00417087367353906
0.00987973748676311
0.012642470037454
0.0134293660472962
0.00750765633469434
0.00648003442799603
0.00112054713456734
-0.00023887920616154
0.008340025957978
0.00489933467096662
0.00246700478696411
-0.000110991204361493
0.00184157170799451
0.00346436167698807
-0.00229874730351341
-0.000247366218751159
0.000517493488065588
-0.00140688035847256
-0.00470408253742323
-0.00230505019960131
-0.00375346374199511
-0.00433339389188049
-0.00467605999960161
0.00451744342810292
0.00377434008863735
0.00424851758389596
0.00112334128145771
-0.000762528893121035
0.00287537671123233
0.000992241023129366
0.00341077171342563
-0.00173140604677305
0.00244882741328705
0.0029530046954788
0.000342115861824834
-0.000271734254518305
0.00297405158227854
0.00121698904735052
0.000489496830227749
-0.00328830032774717
-0.00226872592816362
0.00547592252076792
0.00472549332907839
0.00132080619751443
0.000979811485979455
-0.0003500262311614
0.00246982154318544
0.00561529270522563
0
0
0
0
0
0
0
0
0
0
0
0
0
0
0
0
0
0
0
0
0
0
0
0
0
0
0
0
0
0
0
0
0
0
0
0
0
0
0
0
0
0
0
0
0
0
0
0
0
0
0
0
0
0
0
0
0
0
0
0
0
0
0
0
0
0
0
0.115910290529541
0.100921187838644
0.0404653022735133
0.0287348722644417
0.0164263732403236
0.019136491204808
0.0185324966335623
0.0107295581657341
0.00864625847762916
0.00478983695534146
0.0125098866145901
0.00889627076453186
0.00820864973847885
0.00881348022744041
0.00748038968799618
0.00923232649513747
0.0132253093659211
0.00273536711558944
0.0121018272469644
0.0116964338194487
0.00708702675415777
0.00418820974570888
0.00749297934886465
0.00729282630460707
0.00433869791481701
0.00810941797598257
0.00690775865157288
0.00738379202351369
0.0129325165092558
0.00381342858620255
0.00241309681726474
0.00950833033685106
0.00475768429334564
-0.0006174105114117
0.00906446605422045
0.00490219329397664
0.0103941352330651
0.0130282441209195
0.0138973588292927
0.00712214075607747
0.00627607085043263
0.000741021452349298
-0.000392098399836902
0.00873120797604375
0.00566660596282608
0.00286948592858257
3.78669179760925e-05
0.00191701893145559
0.00297700034393389
-0.00261513620217531
-0.000771020246711846
0.000450972361573313
-0.00157068385579665
-0.00492924253431503
-0.00237368072799255
-0.00383956504128866
-0.00432645324653276
-0.0047502454553527
0.00439806611155325
0.00380150717372304
0.00444461370652096
0.00101196194570494
-0.00101461365042092
0.00261292538373613
0.000871278955304237
0.00355201323445501
-0.00184291450396498
0.00217067564241829
0.00284960116845474
0.000243949275796045
-0.000238865809498597
0.00310058481093542
0.00116459737893557
0.000299181145337421
-0.00340438809350561
-0.00256047846585008
0.00561265247468721
0.00494919516653954
0.00144542103681687
0.00109044427520548
-0.000229561489106766
0.00290052706227799
0.00640163887419722
0
0
0
0
0
0
0
0
0
0
0
0
0
0
0
0
0
0
0
0
0
0
0
0
0
0
0
0
0
0
0
0
0
0
0
0
0
0
0
0
0
0
0
0
0
0
0
0
0
0
0
0
0
0
0
0
0
0
0
0
0
0
0
0
0
0
0
0.117237494957256
0.101696533221853
0.0407648720049393
0.0287528633685381
0.0165231450908613
0.0193010841411489
0.0188008858948533
0.0106358280427127
0.00857219413232444
0.0048838517827063
0.0125178942680117
0.00890096090265063
0.00838063309718537
0.00924530337363724
0.00775823344483555
0.00936261796364737
0.0136424688789812
0.00276297343430584
0.0130199930248157
0.0119294580153083
0.00681101678107563
0.0046619872595659
0.00773744207037425
0.00743710952968814
0.00457426148029598
0.00824784924400422
0.00693463781282485
0.00746901259417675
0.0130961466646633
0.00398330186551732
0.00245129106961542
0.0101686240432544
0.00525011549870785
-0.000388404932604689
0.00978584314094736
0.00559695262789524
0.0110658315852536
0.0134045056042957
0.0145647261910857
0.00680880865026268
0.00596612515081703
0.000338995421158477
-0.000533428836256619
0.00911322227271673
0.00642611629112884
0.00348510995089033
0.000165241923244463
0.00214097669913879
0.00261618677012792
-0.0029015070604431
-0.00124955148187625
0.000337355294985964
-0.00199006867726159
-0.0052535644465435
-0.00246741769412159
-0.00382432988786864
-0.00428718765593755
-0.00477989036542174
0.00417987269469661
0.00377790772007244
0.00461834538063643
0.000937762524268478
-0.00129291233891031
0.00232775441406246
0.000710166932867823
0.00367038718255903
-0.00192610941158777
0.0018717544721843
0.00266557328379745
0.00011449546659741
-0.000252794886079614
0.00318805589158397
0.00112782445893592
0.000133850759547944
-0.00348355088776735
-0.00278845414257018
0.00567561570781065
0.00501476132426348
0.00146896142871142
0.00114914798733742
5.10619283614213e-06
0.0033315109189966
0.00696821877435834
0.00260633376396842
0
0
0
0
0
0
0
0
0
0
0
0
0
0
0
0
0
0
0
0
0
0
0
0
0
0
0
0
0
0
0
0
0
0
0
0
0
0
0
0
0
0
0
0
0
0
0
0
0
0
0
0
0
0
0
0
0
0
0
0
0
0
0
0
0
0
0.118848848594359
0.102737932343589
0.0412620376080726
0.0286550095787501
0.0163184316840203
0.0193634307400423
0.0191536175746105
0.0105137734623229
0.00848699537856436
0.0046028828805694
0.0124258103532897
0.00866094953183602
0.00852463092116087
0.00981737470245505
0.00812407994534865
0.00925672270105896
0.0138405274224846
0.00291192973734291
0.0139010048781542
0.0121718509411379
0.00668548081697714
0.00488179087062817
0.00817880834890629
0.00749427907195711
0.00483607456067919
0.00839785411245288
0.00698568325903275
0.00744422805816128
0.013148929182708
0.00416727119311051
0.00241665039513183
0.0106098443142687
0.00571430823319674
-0.000158490666998292
0.0103972443065305
0.00639417933956335
0.0118207588822806
0.0138184664860573
0.0151224846257341
0.006389964581053
0.00560912040002452
-0.000153845716741686
-0.000823301339335659
0.00913792413735231
0.00710027698991005
0.00404570307791207
0.000746791398620315
0.00236027520448563
0.00239579887402013
-0.00317967680492563
-0.00167270553247498
0.000265023204006871
-0.0024577432470122
-0.00571605341880342
-0.0027228316795511
-0.00384566963420905
-0.0041961120093526
-0.00477411173642959
0.00398690327565588
0.00362053770666081
0.00474325935501716
0.000871464076668692
-0.00156052508351868
0.0020226239671981
0.000468908436535691
0.00380621566117028
-0.00195125760068144
0.00164226776620074
0.00255584828354577
3.26072431377676e-05
-0.000263571826756517
0.00327144161602218
0.00110438920672898
-3.38050289909951e-05
-0.00362070788685548
-0.00307357636312588
0.00557608607668687
0.00507270103242338
0.00136049462481662
0.00114388967601725
0.000318437052061577
0.0038602851032336
0.00746346112564123
0.00280268479384307
0.00016934777272558
0.000517345697378715
0
0
0
0
0
0
0
0
0
0
0
0
0
0
0
0
0
0
0
0
0
0
0
0
0
0
0
0
0
0
0
0
0
0
0
0
0
0
0
0
0
0
0
0
0
0
0
0
0
0
0
0
0
0
0
0
0
0
0
0
0
0
0
0
0.12021521276371
0.103655632380142
0.0417565451661114
0.0285056074135259
0.01610040864095
0.0193474804816256
0.0196299708323044
0.0105030096750549
0.00853364660966954
0.00430209194379613
0.0118725210863741
0.00841999068295207
0.00855437365552737
0.010127216304614
0.00864461844068392
0.00931522565286315
0.0136993468364904
0.00302101685497435
0.0148136975807099
0.0124631900100518
0.00664906149137801
0.00532848173247435
0.00860650254749304
0.00767231043746886
0.00502035503105281
0.00836087098410273
0.00712476751032201
0.00754453490478319
0.0133982419820486
0.00435525260512512
0.002267751437114
0.0108258418848733
0.00581647761520889
6.25724510914512e-05
0.0107887559820187
0.00702654834716048
0.0125751542818639
0.0144440790178869
0.0157664602914943
0.0060935744569987
0.00523733300038855
-0.00058130932025931
-0.00113005131917936
0.00896504332127905
0.00750911109918957
0.00450212427126607
0.00117324105313012
0.00257171910236767
0.00236880703583754
-0.00334939810522586
-0.00212803315053961
0.000425646066339571
-0.00288152826216684
-0.00615939303255923
-0.00278662646851553
-0.00394492361124694
-0.00406895235383539
-0.00468783819091632
0.00380495884042283
0.00348957493131844
0.00478029153053152
0.000746656969540053
-0.0018525807583684
0.00175677591375831
0.000152162762747187
0.00374261793890613
-0.00216263705936651
0.00148870476321759
0.00245688295877423
-9.76745475125468e-05
-0.000267825848293805
0.00342778582751922
0.00111094003198218
-0.000222647384183368
-0.00379161117161643
-0.00339143530057871
0.00526025553106489
0.00495851794963545
0.00133461000200803
0.00124629266232873
0.000657241610798774
0.00458762847929173
0.00798666051194816
0.00297915901209636
0.000254804485720061
0.000718863088644507
2.20786885442684e-07
-0.000363797105853712
-0.000341436008626063
0
0
0
0
0
0
0
0
0
0
0
0
0
0
0
0
0
0
0
0
0
0
0
0
0
0
0
0
0
0
0
0
0
0
0
0
0
0
0
0
0
0
0
0
0
0
0
0
0
0
0
0
0
0
0
0
0
0
0
0
0
0.121366514969731
0.104777075729572
0.042335405105793
0.028439596845683
0.015940573721557
0.0192838718761759
0.0197588302374598
0.0101674876784509
0.00856527524789224
0.00420187913208028
0.011499940586853
0.0078705344181206
0.00852130182784491
0.01051522402263
0.00932842425331404
0.00938953295291819
0.0134270952576884
0.00283624480523229
0.015733053232188
0.0129884887094841
0.00672476082002869
0.00575860341595342
0.00922991125823762
0.00775618830334638
0.00537833163478998
0.0084375296051065
0.00737237845239932
0.00765028090294096
0.0136377778613515
0.00455726322516071
0.00208064655073648
0.0108333281992998
0.00571136728917914
0.000277486948916848
0.0110548871116627
0.00766683600416805
0.0132645881216518
0.0151574977505224
0.0165162593611647
0.0058078915012179
0.00509518535506522
-0.000910190313578134
-0.0012240831446155
0.00895467690850571
0.00779303274296083
0.00475759049188091
0.00152965010986459
0.00271317840747449
0.0025971456348075
-0.00334719173365471
-0.00247400477153817
0.000491641632190213
-0.00314101520527498
-0.00639846934566978
-0.00282830741953197
-0.00400660246761622
-0.00401333948516457
-0.00463967777447712
0.00367678039140752
0.00338815237097946
0.00485578860026435
0.000594175584298925
-0.0021575204430716
0.0015344647410103
-9.52644244536568e-05
0.00365844325103571
-0.0023756878338869
0.00135712643655956
0.00245032106007349
-0.000185658088719047
-0.000286442031962984
0.0036133856597608
0.00109967873389024
-0.000377967959975513
-0.00397970652689961
-0.00373369678426946
0.00483704782356704
0.00482712312996591
0.00122130200794703
0.00141523395033609
0.000986631677047301
0.00521069250839842
0.0085473754984783
0.00319799849430143
0.000373966125696413
0.000944011119285854
-0.000182030956990339
-0.000497187098980149
-0.000671596117081954
0
0
0
0
0
0
0
0
0
0
0
0
0
0
0
0
0
0
0
0
0
0
0
0
0
0
0
0
0
0
0
0
0
0
0
0
0
0
0
0
0
0
0
0
0
0
0
0
0
0
0
0
0
0
0
0
0
0
0
0
0
0.121805206132298
0.105376980558665
0.0430500068627535
0.0286838658623941
0.0160337672716026
0.0192197781155626
0.0195140551400281
0.00956439675825213
0.00854011889051384
0.00416872899725293
0.0104623418114163
0.00709846303192283
0.00824629343968607
0.010905888221918
0.0097748090185348
0.00973991746561559
0.0131826252837119
0.00305516943733074
0.0166045170560987
0.0135205485362668
0.00701764669332859
0.00624495981041203
0.00998106669225114
0.00795960932665138
0.00542103234335092
0.00871924643222089
0.00726254630500845
0.00778567983930283
0.0137301395406555
0.00459840676378026
0.00216273597379832
0.010631557178216
0.00575911149840035
0.000504714796604439
0.0113987983761987
0.00846585584013808
0.0140761039079024
0.0160458411908233
0.0175325403031384
0.00577133224368077
0.00492947789125654
-0.00117194449801383
-0.00154645292696024
0.00859219998641806
0.00786550100863566
0.00466846888901474
0.00157169729033984
0.00266796600173125
0.00259743388016202
-0.00306085921214816
-0.00259114170648215
0.000835536674623118
-0.00340720513955942
-0.00672427564186078
-0.00317860264838313
-0.00420167479029821
-0.00427169143944341
-0.00475887145514923
0.0035680092862081
0.00338857925559616
0.0049155560996481
0.00032509211417958
-0.00250344041052708
0.00134512271260647
-0.000366845809930148
0.00339861776426284
-0.00267948073659563
0.00110691560695995
0.00253825706763551
-0.000151834733640907
-0.00024106110614895
0.00384357757615581
0.00112880249627955
-0.000411840459355337
-0.00408511032233139
-0.00409549255230476
0.00434252039845088
0.00460728069661189
0.00116464185340346
0.00157942855720632
0.00134296518011869
0.00583923252104878
0.00908378895646395
0.00349404260808439
0.000439495599696306
0.000912996288844317
-0.00025199122472107
-0.000630163887127924
-0.000885942072712191
0
0
0
0
0
0
0
0
0
0
0
0
0
0
0
0
0
0
0
0
0
0
0
0
0
0
0
0
0
0
0
0
0
0
0
0
0
0
0
0
0
0
0
0
0
0
0
0
0
0
0
0
0
0
0
0
0
0
0
0
0
0.1223228246394
0.106005221261923
0.0437749012506314
0.0288172698603948
0.0161166953799668
0.0192928483707132
0.0193061953680567
0.00905920521621535
0.00863226038794847
0.00410329514880895
0.0095257961376361
0.00625406877937821
0.00770637907231795
0.0108080630373673
0.0101335274928008
0.0101580448975915
0.012868680934571
0.00356995064193168
0.0176660670831178
0.0138529538849738
0.00705777131998186
0.00677191920591043
0.010709993097955
0.00820868249225093
0.00568263173787014
0.008971576715724
0.007304094911949
0.0080542758565953
0.013831090895613
0.00464838550131821
0.00229113945270082
0.0105273467155625
0.0058285243938859
0.000706951449607293
0.0115886657115559
0.00889968616036002
0.0147880184898115
0.0168264365254291
0.0184634569295606
0.00590600188143351
0.00488155853445708
-0.0012797956635636
-0.00169541221140209
0.00829128775271415
0.00798174205057984
0.0044174088622921
0.00137716893701263
0.00222372961466658
0.00247977001605768
-0.00297835209876201
-0.00237202652716559
0.00143614947400717
-0.00355694745305203
-0.00712351568177622
-0.00344593546965188
-0.00419636286430117
-0.00449006255109825
-0.00478080465617074
0.00337759349204268
0.00348959837287278
0.00511400285853342
9.75814546054797e-05
-0.00278264491001563
0.00118234345021447
-0.000649984614613771
0.00312357901726605
-0.00294004228512515
0.000884405147543107
0.00252479224299625
-2.43239078222846e-05
1.17910995250184e-05
0.00416878463733482
0.00119508498364182
-0.000451530976898976
-0.00411594430797444
-0.0043868614705426
0.00383694735225657
0.00432979774243237
0.00108466455913606
0.00168722509265867
0.00152680965648808
0.00648872054987709
0.00955662135401936
0.00376833870189295
0.00056006640560202
0.000823054432440198
-0.000333272980437067
-0.0006771129588763
-0.00108962642975339
-0.000625122906526632
0
0
0
0
0
0
0
0
0
0
0
0
0
0
0
0
0
0
0
0
0
0
0
0
0
0
0
0
0
0
0
0
0
0
0
0
0
0
0
0
0
0
0
0
0
0
0
0
0
0
0
0
0
0
0
0
0
0
0
0
0.122082549790037
0.106427412412117
0.044584396801807
0.0292303914151011
0.0161479898953443
0.0192519380441593
0.0188987615528969
0.0084146401263566
0.00837770785473727
0.00425756793446131
0.00878025067703481
0.00569164566530609
0.00710877411410229
0.0102026125006825
0.0103049635782716
0.0107307348312807
0.0124876298191435
0.00370653175044654
0.0182663457591616
0.0144116423204151
0.00692676031804949
0.00691496579849186
0.0109654472543451
0.00835428694121893
0.0060456688718381
0.0093929957094005
0.00735663479108485
0.00833226184939462
0.0139549098667848
0.00469255183254502
0.00246125861217118
0.0104937474883254
0.00600935021317694
0.000835992854008855
0.0118497613160875
0.00938354248364829
0.0152547072572766
0.0176867220566541
0.0190411371366108
0.0060268847684525
0.00496559150966215
-0.00132485025408347
-0.00167496327430761
0.00832304938595919
0.00842377851941214
0.00430527097288238
0.00123789851004174
0.00195372653971522
0.00256997651984247
-0.00288519837955515
-0.00221058253639959
0.00164685963392989
-0.00353336311725511
-0.00724016393434946
-0.00367508558194008
-0.00427626685520969
-0.00468095685220484
-0.00482785349857757
0.00306097926107876
0.00355988716750098
0.00529097586524421
-0.000336184866948808
-0.00306696830573354
0.0010588336976447
-0.000826943799651695
0.00281798888431912
-0.00322353014345562
0.00071026641663818
0.00258929077678386
9.72758511357536e-05
0.000395455014078289
0.00465893772665588
0.00131661908604744
-0.000454602387607596
-0.0041168774983052
-0.00448786002619305
0.00343179099624998
0.00398079008489717
0.000972096697656476
0.00176414706936812
0.00164881565300325
0.00692405005706663
0.00995721817457388
0.00404547426925366
0.000739766325862017
0.000798916528321439
-0.000551652246147978
-0.000923257288389181
-0.00118636047930579
-0.000706541449959693
0
0
0
0
0
0
0
0
0
0
0
0
0
0
0
0
0
0
0
0
0
0
0
0
0
0
0
0
0
0
0
0
0
0
0
0
0
0
0
0
0
0
0
0
0
0
0
0
0
0
0
0
0
0
0
0
0
0
0
0
0.122601842827849
0.106622384949585
0.0452211365920056
0.0295463200813282
0.016249493043363
0.0189397314847674
0.018650761150121
0.00813087262368423
0.00819233025679445
0.00446733346165557
0.00824613664363017
0.00532714890117463
0.00683963787086335
0.009700846901002
0.00987142315931857
0.0110911323746686
0.012391541149667
0.00383887103119435
0.0182497888557277
0.0149733996210373
0.00669222470917263
0.00720251315773078
0.0109092318462906
0.00823248231128141
0.00606358025553536
0.00963570176137476
0.0072964515271996
0.00849873704306044
0.0143333728202385
0.00462704112920061
0.002566188264053
0.0102086960911665
0.00612932351620821
0.00101849247298949
0.0117189927841932
0.00962016655165374
0.0155269265455676
0.0178777006151896
0.0194399670058271
0.00597165070213261
0.00515115397957693
-0.000948686223475278
-0.0015806363222956
0.00837543374998075
0.00878211246832492
0.00438799522454427
0.00123102383398744
0.00162358667996757
0.002716145195281
-0.00246367423967242
-0.00191714866080298
0.00179099601092648
-0.00327252247976141
-0.00727066460715766
-0.00377106812344973
-0.0043441961448565
-0.00490847378327358
-0.00483185543569537
0.00266189077992952
0.00313353184204039
0.00539989474611805
-0.00075177189838355
-0.00330331439502293
0.000930492128702106
-0.000978784711710267
0.00247429396128596
-0.00368177829564103
0.000442755803752572
0.00268382778560953
0.000196019209400009
0.00068038916728569
0.00523026720184648
0.0016044550011748
-0.000329310445399275
-0.00417857943807026
-0.00457322942460907
0.00311500537154406
0.00370324699774135
0.00079352878163755
0.0018101516614359
0.00171435072438927
0.00720079409241025
0.0103293260870852
0.00442385311091493
0.000963759482759003
0.000832153281424977
-0.000683975359284327
-0.00111943588392856
-0.00129770474098063
-0.000671417719678276
0
0
0
0
0
0
0
0
0
0
0
0
0
0
0
0
0
0
0
0
0
0
0
0
0
0
0
0
0
0
0
0
0
0
0
0
0
0
0
0
0
0
0
0
0
0
0
0
0
0
0
0
0
0
0
0
0
0
0
0
0.123315800230723
0.107183458867457
0.0456432489451806
0.0295912459809817
0.0161777173755763
0.0186097270010689
0.0180228141312865
0.00813996973363767
0.00839245777211942
0.0048341010973765
0.00785477145316576
0.0052566161068899
0.00683185766647221
0.00944466642767855
0.009529070172079
0.010492098113845
0.0120703663531699
0.00417373670912146
0.0180286547723858
0.0146971319589157
0.00649527736260311
0.00718954806191809
0.0106805753882171
0.00771358542178546
0.00572255519958571
0.00938577434595373
0.00687276490581131
0.00840823833091237
0.0146901393295018
0.0048202916196319
0.00251101299682249
0.00964147361481423
0.00609476082986183
0.00107681752578331
0.0114312864038352
0.00948160316905898
0.0155878736279858
0.0178136950348305
0.0188427618601107
0.00570737162354465
0.00496050899876753
-0.000578311391937669
-0.00120683221658745
0.00865751434955128
0.00913402262736008
0.0044017248613068
0.00155830749490247
0.00145563960315982
0.00289688328932048
-0.00186806134002678
-0.00132110917365628
0.00205547551132761
-0.00302402484254773
-0.00699353432078772
-0.00368169105554612
-0.00417330706516606
-0.00500831365556219
-0.0046872980652893
0.0023450587841869
0.00263926319238627
0.00501491701835829
-0.00120302051072118
-0.00350404112738653
0.000864710506264943
-0.00116055938252288
0.00213094214739836
-0.00413371779436945
-7.34272259630077e-05
0.00263555419737816
0.000343240408982396
0.000988378408143074
0.00573409965227099
0.00197226588865025
-7.99804081933878e-05
-0.00420580736302271
-0.0046397897663674
0.002846943101675
0.00352232834869494
0.000680321938880973
0.00179378266539611
0.00179159237352757
0.00745450935890422
0.0105264285604533
0.00466538838199684
0.00129169312471497
0.000979912929784377
-0.000697117237355373
-0.00114571989488446
-0.00130973041196539
-0.000608748930146515
0
0
0
0
0
0
0
0
0
0
0
0
0
0
0
0
0
0
0
0
0
0
0
0
0
0
0
0
0
0
0
0
0
0
0
0
0
0
0
0
0
0
0
0
0
0
0
0
0
0
0
0
0
0
0
0
0
0
0
0
0.123992145284507
0.107942484543421
0.046314954253859
0.029525059442739
0.0161505920845572
0.0185405168293581
0.0176307746600529
0.00801242749545609
0.00846027962297771
0.00514902095241063
0.0074028269021257
0.00527226296912052
0.00699984849802909
0.0094035078715991
0.00946966154050271
0.0102152143844566
0.0116913700744048
0.00421805178278978
0.0178431248090866
0.014440573430147
0.00597622571495162
0.00722929078407072
0.0106340866750899
0.00729636220141922
0.00517756201866905
0.00903153947698055
0.00631316510931727
0.00838840112959886
0.0153821011428248
0.00517519665573494
0.00249148140199409
0.00917535654840326
0.0059738819067613
0.00107009499853611
0.0111695777263269
0.00934435194058246
0.0155289728346425
0.0176774992031672
0.0181549124730585
0.00527684373025706
0.00479408457612918
-0.000360284892566861
-0.000917119299592018
0.00915017141373167
0.00955247585942793
0.00460856767553297
0.00185051990968234
0.00142977706563851
0.00311311363803652
-0.00127292097007204
-0.000663770278722868
0.00248573847038242
-0.00270276621081991
-0.00668945413197681
-0.00364171136017754
-0.0039774205449235
-0.00510523513917581
-0.0045584683261621
0.00217471002866546
0.002379248481992
0.00466570348954803
-0.00141585995818541
-0.00373753229914404
0.000779290780591014
-0.00134828729940249
0.00184045076637986
-0.00454307860253728
-0.000668176940533949
0.00246292873447694
0.000418538171377738
0.00131023520605521
0.00622896162723219
0.00229528574513843
0.000179611309330527
-0.00419997322129041
-0.00466363833456595
0.00258247350974773
0.00331109600686176
0.000609382610214706
0.00177588266698676
0.00177750994004709
0.00767915943827429
0.0107511607585184
0.00482321707011788
0.00156195307950236
0.00108722587333271
-0.000697618463194807
-0.00114003451146997
-0.00119498793186661
-0.000528478522577047
0
0
0
0
0
0
0
0
0
0
0
0
0
0
0
0
0
0
0
0
0
0
0
0
0
0
0
0
0
0
0
0
0
0
0
0
0
0
0
0
0
0
0
0
0
0
0
0
0
0
0
0
0
0
0
0
0
0
0
0
0.124731010660583
0.108620481453731
0.0470060789513823
0.0299412442776533
0.0160521674982106
0.0184077180813651
0.0172762024194882
0.00792177652723634
0.00844735294687732
0.0054766408298279
0.00715438799051403
0.00538668858443709
0.00713128296614136
0.00943365047514537
0.00947539414157737
0.0101562433852713
0.0113210671237297
0.00404905643385257
0.017400700585776
0.0144078000770274
0.00557915787797809
0.00713825431036352
0.0104751462931534
0.0068645907370938
0.0047124407979942
0.00844977403394389
0.00559213934235546
0.00808834388802827
0.0160483156596941
0.0057630277363687
0.00267111166387369
0.00905559623079886
0.00585723378401331
0.000958444959909352
0.0110515478504599
0.0092774429984591
0.0154813963359806
0.0173731745682843
0.0175475164653895
0.00471389496421895
0.00429883842450851
-0.000189841339411752
-0.000730712795385158
0.00972523653259236
0.0101918888676173
0.00486343439232149
0.00240934422729658
0.00145565993429584
0.00340989221098301
-0.000763819033231731
-0.000187203789763104
0.00272854753335979
-0.00236418699370826
-0.00638845580678294
-0.00360285415655605
-0.00353208773450434
-0.005128452934005
-0.00439188930019146
0.00191286688747418
0.002123887400853
0.0043037967312971
-0.00165940649062577
-0.00383022151362567
0.000633358440260507
-0.00159756511486758
0.0015093600045596
-0.00491669507612849
-0.00127064970930322
0.00216848735798217
0.000324932653066808
0.00156485519707307
0.00664745428721353
0.00251287109708588
0.000357266757498162
-0.00417794020104026
-0.00460579736809317
0.00241577292850813
0.00300801110884561
0.000556314370082741
0.00177959520750744
0.0018027658988811
0.00781520848645108
0.0109302557244916
0.00487729853751188
0.00184162080547489
0.00117569937050358
-0.000688731980521016
-0.00117357142024817
-0.00108583033125983
-0.000387567832724046
0
0
0
0
0
0
0
0
0
0
0
0
0
0
0
0
0
0
0
0
0
0
0
0
0
0
0
0
0
0
0
0
0
0
0
0
0
0
0
0
0
0
0
0
0
0
0
0
0
0
0
0
0
0
0
0
0
0
0
0
0.125474037739854
0.109361262491042
0.0476899922322365
0.0304637762257073
0.0164221162907846
0.01826569524072
0.0168605510495861
0.00812889186894372
0.00877484784120761
0.00575474942117217
0.00664218883044274
0.00554944401206227
0.00724481302680909
0.00949840766148899
0.00952502609313528
0.0100986304994336
0.0111043843078433
0.00420093640568951
0.0169422681654583
0.0141707105110367
0.00539077734753375
0.00723084038187616
0.0100710649248004
0.00644495500643404
0.00443715608562665
0.00800846784799097
0.00469052768333866
0.00771756132600399
0.0165019124653433
0.00642423284687605
0.00301357279178405
0.00915753989745639
0.00596580397008746
0.000859883728133338
0.0108485431631302
0.00946422537015841
0.0156474930485106
0.016871644633636
0.0167937065657976
0.00414944657009876
0.00366498972042731
-0.000287566565254764
-0.000595995446884601
0.0102509999285258
0.0108545318952735
0.00528266750863305
0.00280817824104828
0.00172731514304884
0.00401165502840593
2.45937198502041e-05
0.000442292414601811
0.00279789700511554
-0.00210696379671519
-0.00590456874243294
-0.00356073981484066
-0.00318608038467824
-0.00503863226025334
-0.00410282451020419
0.00180032538597099
0.00178326761272598
0.00397307379606099
-0.00159918451278513
-0.00387716449646693
0.000711386740380435
-0.00190579895968396
0.00110031799605897
-0.00530368970987652
-0.00186947165455613
0.00192782968216455
0.000146321441046654
0.00162842900743638
0.0070449930381211
0.00280644018041642
0.000472707312783443
-0.00418448976889215
-0.00450757495228541
0.00236082699214133
0.0027862376104037
0.000281056134204641
0.00178541821408461
0.00191580535429268
0.00796626535037425
0.01102077998243
0.00490301305313302
0.00206398887211184
0.00129431514191819
-0.000700962329214509
-0.00117885944108638
-0.00108046434546925
-0.000262102616350685
-0.000759372193765866
0
0
0
0
0
0
0
0
0
0
0
0
0
0
0
0
0
0
0
0
0
0
0
0
0
0
0
0
0
0
0
0
0
0
0
0
0
0
0
0
0
0
0
0
0
0
0
0
0
0
0
0
0
0
0
0
0
0
0
0.126269230119784
0.110221109652125
0.0486622014115545
0.0310008094405676
0.0168314002447195
0.0185182668971622
0.0164254499304681
0.00822568468281133
0.00923604228207451
0.00611071760247526
0.00610043729521141
0.00564668648926146
0.00750890190943254
0.00965420453967103
0.00959057784396797
0.0100493086668167
0.0107689221731845
0.0043733657052682
0.0165203716506933
0.0138300153083571
0.00497417355211778
0.00738818019831559
0.00971013192813563
0.0058685492122569
0.00417397727589356
0.00752871273620509
0.00372253756671331
0.00720389853805623
0.0168622818498058
0.00695860518648814
0.00325443054494193
0.00924299715633795
0.00607158015697525
0.000983897883520805
0.0106017282443512
0.00961015011431942
0.0159157503207299
0.0164603248463757
0.0159181883691174
0.00347326198954503
0.00301100443237287
-0.000516040417785838
-0.000791584684994108
0.0106357878779781
0.0114186869292411
0.00567951914694809
0.00322536212509303
0.00191912224581724
0.00485142221530317
0.000887541980481555
0.00115268775823468
0.00290339609760286
-0.00202663480223519
-0.00560765040159038
-0.00362387418965098
-0.00282176409652419
-0.00498934448511575
-0.00356040222368435
0.00178698997653786
0.00155498623991199
0.00361341611873663
-0.00159039753661116
-0.00390648687181458
0.000774910605857747
-0.00232695938323567
0.00063610485252132
-0.00572343080424945
-0.00245947527290246
0.0016946079222359
-1.78183931324434e-05
0.00163669035859361
0.00735255333277236
0.00307877793018654
0.000612100461989536
-0.00424093625120104
-0.00448313285530424
0.00232111395736332
0.00268040891475045
7.46224667396542e-05
0.00171278292624624
0.00203150256594309
0.00809576730578827
0.0111034485349698
0.00488127205114139
0.00227305020548004
0.0013410995969954
-0.000748370616207956
-0.00126032916422687
-0.00106073817396154
-0.000214367614687096
-0.00080561588858842
0
0
0
0
0
0
0
0
0
0
0
0
0
0
0
0
0
0
0
0
0
0
0
0
0
0
0
0
0
0
0
0
0
0
0
0
0
0
0
0
0
0
0
0
0
0
0
0
0
0
0
0
0
0
0
0
0
0
0
0.126985947973356
0.111006242187831
0.0494985652228663
0.0316692550776241
0.0172657293565614
0.0189104984414408
0.0165169500141691
0.00838786832063154
0.00962803771878773
0.0064443756558177
0.00558733027437265
0.00553738764118282
0.00750393264178012
0.00975951544285506
0.00941272284450816
0.00987867896246144
0.0105014173449882
0.00467802170446523
0.0162311326257267
0.0135013336177114
0.0045309532821403
0.00737335456207684
0.00944462617954213
0.00517664615573387
0.00352693586390232
0.00702511581956805
0.00295198916233694
0.00681947424788994
0.0171205012248032
0.00740843607434867
0.00344231669985581
0.00933637879635125
0.00625704200806241
0.00123272626099551
0.0104677688108667
0.00961501999523372
0.0161423546911853
0.0161881854758816
0.0151350582987346
0.00282117116469809
0.00230024022016082
-0.000751627836478169
-0.00110702508102973
0.0108952588986002
0.0120437772998439
0.00603403838738568
0.0035267823439785
0.0022495841245825
0.00576289142936906
0.00199061716198349
0.0019215624883318
0.00325489350533325
-0.00197339160913618
-0.00541197231280641
-0.0037123074283082
-0.00245540190408208
-0.00491431601163174
-0.00310401467217484
0.00161455367298995
0.00140659372270767
0.00341120183163309
-0.00150827239079764
-0.00387564006103296
0.000833810583400255
-0.00276026950270528
0.000212619043571516
-0.00618875449327732
-0.00302529587434172
0.00150220841621932
-0.000176774622166625
0.00164618539519196
0.00761470215931657
0.0032673358697285
0.00069075478881739
-0.00428739452280418
-0.00447623309786636
0.00224506418659239
0.00262111820862531
-5.18829229371978e-05
0.00167671901203951
0.00211096702897767
0.00818160864608869
0.0111927205066846
0.00483645158151723
0.00238829639746748
0.00136531183168561
-0.000805387585094736
-0.00131224279107015
-0.00111225802421171
-0.000162722673153327
-0.000861097730286647
0
0
0
0
0
0
0
0
0
0
0
0
0
0
0
0
0
0
0
0
0
0
0
0
0
0
0
0
0
0
0
0
0
0
0
0
0
0
0
0
0
0
0
0
0
0
0
0
0
0
0
0
0
0
0
0
0
0
0
0.12791406317757
0.111701598124747
0.0502429407816474
0.0322201858482396
0.0177529794129147
0.0193200494653823
0.0167371606378655
0.00871434210204162
0.0100280986135676
0.00666424849894005
0.00509427310365633
0.00549542248824591
0.00741098164609974
0.00960739164435173
0.00907668522626002
0.00952598995670462
0.0100826388172876
0.00488678451436171
0.0161792634300023
0.0133653097221865
0.00435184297618911
0.00750669191133111
0.00911022353551528
0.00448566087571984
0.00268303044740436
0.00625400422124353
0.00201833452880084
0.00657862414652838
0.0173692017071674
0.00779513166856062
0.00361678617521044
0.00945532955765526
0.00649368316437994
0.00148848632677082
0.0104317692633179
0.00951683547476617
0.0162637395554339
0.0159188060210327
0.0145688658043767
0.00226518091907772
0.00148443778545791
-0.000952319815030634
-0.00142799061983004
0.0110763033776646
0.0126206012934443
0.00646403530347097
0.00380266027775999
0.00238679685975264
0.00674679311299725
0.00321426117806033
0.00278254679271408
0.00374663021063993
-0.00154386909874501
-0.00510087843985292
-0.00371260309576179
-0.00194007413586922
-0.00477346450917769
-0.00272000805001591
0.00136574355255263
0.000947775223292714
0.00325663061067022
-0.00129608249973409
-0.0036409982664191
0.00111885540095747
-0.00306023776470996
-0.000190553978866486
-0.0065512185909124
-0.00363875162912762
0.00129479009399733
-0.000327679033117138
0.00163906246735456
0.00789377678166239
0.00341887321952007
0.000715431576750258
-0.00433032228337299
-0.00435725519360011
0.00219303762067575
0.00259962238842928
-0.000216052322580359
0.00161590104668639
0.002176421928261
0.0082347093860808
0.0112467394909233
0.00483647973392916
0.00248910331511153
0.00135249989742936
-0.00081588520441278
-0.00130875273146681
-0.00111825970798123
-0.000205429855464429
-0.0009488144499952
-9.83735893405557e-05
6.25323193796231e-07
0
0
0
0
0
0
0
0
0
0
0
0
0
0
0
0
0
0
0
0
0
0
0
0
0
0
0
0
0
0
0
0
0
0
0
0
0
0
0
0
0
0
0
0
0
0
0
0
0
0
0
0
0
0
0
0
0
0.12888408800733
0.112492987471794
0.0510857747420402
0.032862161164888
0.0181728165369851
0.0198974778618579
0.0170393557978315
0.00917368571686335
0.0104356094142287
0.00686964246619224
0.00457632228455133
0.00561044728434461
0.00767034101122335
0.00947667841324701
0.00858366015679611
0.00909021713359504
0.00956708121516933
0.00501053218624094
0.0160878392024035
0.0133368433140055
0.00424498331880865
0.0078139694728516
0.00893243665250615
0.00373437914324359
0.00181259166431749
0.00542799429803446
0.00105377077972552
0.00648509232578991
0.0176705726754596
0.00816408913242637
0.00374070515472569
0.00961930844320267
0.006779064315742
0.00181417171143401
0.0105536449206119
0.00943690573394408
0.0163775733619823
0.015708304780872
0.0140374205944744
0.00187214321023552
0.00079230241600192
-0.00133343117514321
-0.00171440369988249
0.0112668683833198
0.0131818979724429
0.00693703128630648
0.00414440345081767
0.00253828580150021
0.00759065372243726
0.0044131652167778
0.0036037993479534
0.00430355618655855
-0.00102086252854743
-0.00451478815409187
-0.00350341305451692
-0.00134516375311402
-0.00448475517745925
-0.0022988537665559
0.0011065966940293
0.000502189637348335
0.00310478282697719
-0.00118875129883055
-0.00346243628232481
0.00143703630355003
-0.0032447376416243
-0.00047451936795282
-0.00690824750051097
-0.0041691052770097
0.00103640490124602
-0.000480869393270514
0.00163785779758874
0.00820253037065702
0.0036374571441544
0.000661346929036304
-0.00438875778656842
-0.00421449424764042
0.00224377966368147
0.00262034542798055
-0.000359955603211452
0.00155507120556207
0.00226668070813448
0.00830220082742855
0.0112816629075247
0.00479566570523264
0.00258094134940098
0.00130898285766722
-0.000867085823237282
-0.00131186121174079
-0.00115704349691584
-0.00022104822714856
-0.00110280018849676
-0.000235085114670726
-7.33707497505736e-05
0
0
0
0
0
0
0
0
0
0
0
0
0
0
0
0
0
0
0
0
0
0
0
0
0
0
0
0
0
0
0
0
0
0
0
0
0
0
0
0
0
0
0
0
0
0
0
0
0
0
0
0
0
0
0
0
0
0.12989147240212
0.113434240445329
0.0520121593093313
0.0335558677976949
0.0186160330489708
0.0204053998670642
0.0172999956170507
0.00968273551378385
0.0109319155977897
0.00709773900996902
0.00418971989242785
0.00561949904289983
0.00788829973917238
0.00947801117307613
0.00820463946922017
0.00858254685847322
0.00899573246703701
0.00501459622005201
0.0159605320019567
0.013248761085047
0.00422764688476591
0.00816154730109757
0.0087931664836524
0.00306883867269363
0.000915755582601687
0.00451925919064523
-6.05447346468261e-05
0.00631667344794237
0.0181516421289787
0.00868067096625282
0.00387058022643148
0.00986372628452106
0.00719362057142356
0.0021774417637573
0.0106736236718982
0.00937021213069585
0.0163694658556703
0.015480217184679
0.0134015625714202
0.00142382436714626
5.32925350371139e-05
-0.00173867716942227
-0.00220144862811799
0.0113270565508134
0.0136899983191223
0.00741143970875996
0.00460651153563523
0.00281611342227433
0.00848618804222142
0.00552328370898954
0.00442496982504374
0.00483498663211114
-0.000621779372854674
-0.00394945734511609
-0.00314820823335542
-0.000738795045509979
-0.00414676894821921
-0.00172426206350901
0.000928970740672029
9.63800774062379e-05
0.00298180197379713
-0.00106890929957629
-0.00311995285287749
0.00192084272178001
-0.00335973600243617
-0.000685427915403836
-0.00721910405372786
-0.00465331838887763
0.000732480969869162
-0.000676354436960057
0.00161725950783115
0.00853364177170451
0.00385486880109666
0.000600065556206139
-0.00442648163264439
-0.0041206834196895
0.00228811189880723
0.00267428526932435
-0.000486292870505805
0.00152782616105728
0.00239724869437361
0.0083671438749604
0.0112832648186209
0.00473282593713554
0.00264910658398879
0.00124879005490341
-0.000957898374628948
-0.00136901980256924
-0.00119492873394504
-0.000288751788281248
-0.00124829292172419
-0.000429917109912187
-0.000183844977524733
0
0
0
0
0
0
0
0
0
0
0
0
0
0
0
0
0
0
0
0
0
0
0
0
0
0
0
0
0
0
0
0
0
0
0
0
0
0
0
0
0
0
0
0
0
0
0
0
0
0
0
0
0
0
0
0
0
0.130918025843123
0.114322466312276
0.0530132521915616
0.034383553611595
0.0190808307352938
0.0208818568433262
0.0175572418206032
0.0101872756526113
0.0115000659042088
0.00743135607250614
0.0038150585984713
0.00564267999071256
0.00804587697641138
0.0094626111051182
0.00774852379148958
0.00804718402117711
0.00843293072133911
0.00504057015184922
0.0157970091310138
0.0130967649390383
0.00391360804453075
0.00865039362132149
0.00879625719209476
0.00260888476880588
9.38892814737124e-05
0.00361581576803741
-0.00118471665480297
0.00587484217000802
0.0184393762589611
0.0091808132573802
0.00411836746241693
0.0100604349353073
0.00761487187495154
0.00252562685247671
0.0107499435417671
0.009297969891977
0.0163049882351474
0.0153294625215369
0.0128104820985457
0.000980193501690003
-0.000755727289047072
-0.00208416094897227
-0.00273339022953332
0.0112374363699587
0.0141111610721779
0.00783487420477897
0.00498581930143198
0.00298189837580427
0.00942121127789069
0.00656722294975486
0.00511220603370299
0.00534438549249978
-0.00017613601528666
-0.00348899721450383
-0.00287731687609659
1.47533850665487e-05
-0.00377782712861816
-0.00104804918906883
0.000857039733423835
-0.000181503689648985
0.00291893156572566
-0.000846766411052323
-0.00273521018880179
0.00255566176873855
-0.00335221679755707
-0.000788822137738413
-0.0074738126743976
-0.00506763271168836
0.000467886243939387
-0.000942488163453797
0.00147012643075137
0.00879320277312625
0.00410175891851163
0.000541021536318198
-0.00449812688590875
-0.00411677096331604
0.00223871435714088
0.00273544777088057
-0.000570884206038777
0.00146655283541934
0.0025232027634137
0.008421560647567
0.0113075534273729
0.00465318518609665
0.0027167399533163
0.00122631980227361
-0.00102562709315109
-0.00143350897273382
-0.00122771310627505
-0.000294236077347549
-0.00131456629035397
-0.000632465398595877
-0.000307997761739649
0
0
0
0
0
0
0
0
0
0
0
0
0
0
0
0
0
0
0
0
0
0
0
0
0
0
0
0
0
0
0
0
0
0
0
0
0
0
0
0
0
0
0
0
0
0
0
0
0
0
0
0
0
0
0
0
0
0.131830953827049
0.114802247523166
0.0536714456374723
0.0352454477486462
0.0197048193696511
0.0214526497696397
0.0177914363158857
0.0106342424469157
0.0122254782752866
0.00810739130823974
0.00378691580281167
0.00585982269257808
0.00816269314644952
0.00926093273954288
0.00737101392060492
0.00749987061745424
0.00765653724908105
0.00519053127952927
0.0157606640928628
0.0127289925201839
0.0035448942281733
0.00846751509464935
0.00925246133437204
0.00256605174075334
-0.000256720532089272
0.00278034535681735
-0.00220309636826639
0.0055904683074856
0.0177646846276463
0.00880884075639084
0.00433402929800739
0.0104413895663344
0.00823105028493838
0.00286689321241075
0.0107208598138986
0.00898468066466052
0.0161543367544905
0.0149845579379565
0.0124740453547023
0.000777787224950884
-0.00138006488250543
-0.00247488053410277
-0.00293558943700772
0.0111901537665054
0.0141722473708441
0.00801419067289075
0.00543228290734014
0.00309734382716575
0.00991817913507367
0.00762230194246303
0.00575300757723816
0.00562366274213978
0.000323282612137882
-0.00291553068306315
-0.00267074256435793
0.000333684575050723
-0.00312965573972565
-0.000213390703309071
0.00110375648477186
-0.000115981863298856
0.0031996537799146
-0.000422126795712026
-0.00212786095882077
0.00320611123744703
-0.00315142738230834
-0.000783086197564977
-0.00757471607275068
-0.00546242845770386
0.000329555866469131
-0.00118862392936266
0.000984752424001615
0.00864856942977525
0.00416021503372422
0.000518931336455612
-0.00456748402514761
-0.0041764393794249
0.00179039515942119
0.002506463896965
-0.00064439822922047
0.00149157111969157
0.00255433127350763
0.00840747930071345
0.0113653232918622
0.00467762668574611
0.00278684323681055
0.00118494965109809
-0.00100026697554257
-0.00147789136505026
-0.00126389715277271
-0.000304825830749459
-0.00126454655374203
-0.000695490959181886
-0.000407593072869148
0
0
0
0
0
0
0
0
0
0
0
0
0
0
0
0
0
0
0
0
0
0
0
0
0
0
0
0
0
0
0
0
0
0
0
0
0
0
0
0
0
0
0
0
0
0
0
0
0
0
0
0
0
0
0
0
0
